   0.00000000       0.00000000       0.00000000       0.00000000    
  0.500000000      0.475219995      0.449990004      0.425655007    
  0.998240054      0.940620005      0.883143306      0.828750014    
   1.49637997       1.39759004       1.30232000       1.21287489    
   1.99375200       1.84763801       1.70857608       1.57904196    
   2.49540687       2.29358840       2.10386992       1.92869163    
   2.99896550       2.73330164       2.48772120       2.26280999    
   3.49915504       3.16386127       2.85766006       2.58092117    
   3.99920011       3.58741355       3.21707892       2.88632417    
   4.49799967       4.00293398       3.56262398       3.17649412    
   4.99663639       4.41249228       3.89938951       3.45511079    
   5.49556971       4.81488895       4.22475719       3.72139406    
   5.99301815       5.20880270       4.54263163       3.97795177    
   6.48922014       5.59622478       4.85126400       4.22553921    
   6.98923159       5.98130655       5.15262413       4.46346664    
   7.49060583       6.36226273       5.44687748       4.69553614    
   7.99209452       6.73977566       5.73322725       4.92051697    
   8.49142265       7.11004543       6.00924969       5.13553047    
   8.99120998       7.47275639       6.27950478       5.34366703    
   9.49093819       7.83062553       6.54220486       5.54316616    
   9.99072647       8.18448257       6.79993153       5.73646021    
   10.4911833       8.53361988       7.05051613       5.92217731    
   10.9918671       8.87782860       7.29490042       6.10218096    
   11.4921360       9.21531677       7.53213930       6.27509689    
   11.9928102       9.54754257       7.76405764       6.44470596    
   12.4918795       9.87381268       7.99049616       6.61047697    
   12.9907923       10.1970596       8.21192741       6.77160168    
   13.4898224       10.5158300       8.42934132       6.92938137    
   13.9893417       10.8302307       8.64092064       7.08167458    
   14.4892855       11.1386070       8.84787273       7.23154116    
   14.9895830       11.4434185       9.05009174       7.37731171    
   15.4888525       11.7444029       9.24884129       7.51855278    
   15.9877396       12.0391684       9.44270515       7.65640688    
   16.4857540       12.3297739       9.63312435       7.79155636    
   16.9838638       12.6158123       9.82052708       7.92290974    
   17.4815865       12.8972654       10.0029831       8.05116177    
   17.9780865       13.1727943       10.1821051       8.17485714    
   18.4758854       13.4458456       10.3579140       8.29883862    
   18.9735413       13.7156620       10.5309401       8.42093849    
   19.4719048       13.9830027       10.7015953       8.54142094    
   19.9708347       14.2470770       10.8692427       8.65907001    
   20.4696846       14.5091667       11.0355883       8.77540970    
   20.9677029       14.7685938       11.1961765       8.88946152    
   21.4646301       15.0246429       11.3523760       8.99936008    
   21.9605637       15.2762909       11.5049658       9.10580635    
   22.4577370       15.5263433       11.6551600       9.20925522    
   22.9560051       15.7738028       11.8018646       9.31030273    
   23.4532070       16.0176392       11.9464264       9.41002560    
   23.9494686       16.2576637       12.0886755       9.50801277    
   24.4472561       16.4956284       12.2303543       9.60496902    
   24.9446335       16.7311611       12.3689327       9.69896030    
   25.4422951       16.9654465       12.5058956       9.79162312    
   25.9395733       17.1968231       12.6422329       9.88388729    
   26.4374027       17.4241371       12.7757874       9.97416592    
   26.9350700       17.6478348       12.9065151       10.0630903    
   27.4322395       17.8683548       13.0359354       10.1493683    
   27.9286747       18.0858727       13.1645861       10.2351074    
   28.4263535       18.3015842       13.2902155       10.3179083    
   28.9240589       18.5152302       13.4133005       10.3996811    
   29.4218788       18.7279625       13.5340729       10.4813890    
   29.9195881       18.9392319       13.6536350       10.5626993    
   30.4176350       19.1489487       13.7720203       10.6427145    
   30.9156971       19.3546677       13.8886147       10.7218132    
   31.4124413       19.5589085       14.0041275       10.7987480    
   31.9095173       19.7610397       14.1175423       10.8744469    
   32.4068298       19.9619370       14.2295990       10.9495878    
   32.9058228       20.1606960       14.3409348       11.0234690    
   33.4038773       20.3578186       14.4513083       11.0965786    
   33.9003525       20.5521660       14.5586624       11.1677179    
   34.3977356       20.7442112       14.6653042       11.2385502    
   34.8960266       20.9344921       14.7709122       11.3084984    
   35.3952980       21.1243172       14.8757162       11.3774252    
   35.8948402       21.3110542       14.9788332       11.4450903    
   36.3936996       21.4938984       15.0800991       11.5114298    
   36.8922577       21.6759148       15.1803198       11.5758190    
   37.3913994       21.8563251       15.2804585       11.6400127    
   37.8897285       22.0354271       15.3790388       11.7035780    
   38.3876038       22.2140350       15.4768696       11.7666264    
   38.8858604       22.3913555       15.5735598       11.8291531    
   39.3845482       22.5666542       15.6688080       11.8911028    
   39.8828926       22.7400265       15.7620773       11.9518280    
   40.3816528       22.9116344       15.8539000       12.0136957    
   40.8805618       23.0826149       15.9450274       12.0756903    
   41.3785553       23.2519283       16.0349941       12.1364832    
   41.8760490       23.4202900       16.1233444       12.1968164    
   42.3729897       23.5867348       16.2103252       12.2555199    
   42.8709106       23.7519321       16.2968044       12.3145752    
   43.3697243       23.9147053       16.3817520       12.3724718    
   43.8686333       24.0777130       16.4672184       12.4295683    
   44.3684196       24.2388153       16.5516033       12.4859610    
   44.8688965       24.3989296       16.6354580       12.5416231    
   45.3703995       24.5575027       16.7196255       12.5969019    
   45.8719521       24.7139511       16.8027172       12.6519880    
   46.3734512       24.8684731       16.8860302       12.7071180    
   46.8762207       25.0223503       16.9683933       12.7620020    
   47.3788834       25.1739540       17.0490227       12.8152800    
   47.8822746       25.3246422       17.1280136       12.8679037    
   48.3856506       25.4740715       17.2063637       12.9199219    
   48.8886108       25.6225624       17.2843437       12.9708157    
   49.3917274       25.7695274       17.3612328       13.0213289    
   49.8953094       25.9163857       17.4379311       13.0717449    
   50.3992043       26.0613384       17.5134621       13.1209745    
   50.9035416       26.2058468       17.5890465       13.1700277    
   51.4087868       26.3474369       17.6641331       13.2201347    
   51.9147186       26.4882946       17.7388039       13.2697191    
   52.4209976       26.6287403       17.8131065       13.3188686    
   52.9269562       26.7687130       17.8870239       13.3681803    
   53.4327393       26.9074249       17.9600391       13.4158516    
   53.9388733       27.0458508       18.0321198       13.4634590    
   54.4451256       27.1839867       18.1039238       13.5112104    
   54.9516029       27.3202000       18.1743202       13.5585375    
   55.4576836       27.4545040       18.2434311       13.6044407    
   55.9636612       27.5879078       18.3126202       13.6502581    
   56.4688301       27.7201099       18.3816090       13.6954336    
   56.9734497       27.8503742       18.4501419       13.7396355    
   57.4771996       27.9791145       18.5179615       13.7832861    
   57.9809723       28.1078320       18.5860081       13.8271685    
   58.4836121       28.2347946       18.6538029       13.8701582    
   58.9862976       28.3602600       18.7200031       13.9126186    
   59.4881248       28.4847984       18.7858105       13.9540625    
   59.9906960       28.6091347       18.8522186       13.9956942    
   60.4924583       28.7326584       18.9182034       14.0373363    
   60.9944115       28.8548431       18.9837132       14.0782576    
   61.4948387       28.9762917       19.0492077       14.1193886    
   61.9953804       29.0965748       19.1143074       14.1606703    
   62.4959412       29.2161751       19.1794090       14.2022495    
   62.9964943       29.3348083       19.2450676       14.2434950    
   63.4980698       29.4529800       19.3100433       14.2846766    
   63.9992218       29.5706005       19.3751049       14.3259573    
   64.5015640       29.6872940       19.4393616       14.3667498    
   65.0042877       29.8038158       19.5031776       14.4078217    
   65.5068512       29.9193802       19.5664177       14.4479637    
   66.0093918       30.0343151       19.6285896       14.4878387    
   66.5117188       30.1489601       19.6900291       14.5270720    
   67.0142288       30.2631111       19.7514954       14.5662260    
   67.5170212       30.3762054       19.8120213       14.6044245    
   68.0203400       30.4886093       19.8718014       14.6428232    
   68.5232162       30.6002789       19.9304066       14.6802235    
   69.0266037       30.7117729       19.9887104       14.7169037    
   69.5295105       30.8228931       20.0464916       14.7532425    
   70.0327377       30.9336948       20.1040344       14.7892580    
   70.5357361       31.0428848       20.1610107       14.8244410    
   71.0385437       31.1512241       20.2172050       14.8589230    
   71.5411682       31.2584972       20.2729435       14.8932457    
   72.0431061       31.3650532       20.3281593       14.9274654    
   72.5452347       31.4718380       20.3823853       14.9614553    
   73.0474167       31.5785065       20.4370899       14.9956360    
   73.5497513       31.6848679       20.4909019       15.0292377    
   74.0529556       31.7901077       20.5442028       15.0628977    
   74.5572586       31.8943710       20.5979080       15.0964661    
   75.0616150       31.9979038       20.6510868       15.1300392    
   75.5664520       32.1012154       20.7040443       15.1637592    
   76.0716248       32.2033463       20.7558994       15.1968098    
   76.5773544       32.3061104       20.8077583       15.2296143    
   77.0826797       32.4078331       20.8584976       15.2621107    
   77.5867386       32.5088081       20.9091415       15.2947121    
   78.0905457       32.6097488       20.9597549       15.3267403    
   78.5939865       32.7099533       21.0104256       15.3596191    
   79.0972977       32.8102074       21.0606022       15.3918982    
   79.6003571       32.9099808       21.1106014       15.4241819    
   80.1033096       33.0089531       21.1607533       15.4564610    
   80.6059952       33.1069107       21.2100353       15.4883165    
   81.1085434       33.2030907       21.2588882       15.5196514    
   81.6111984       33.2988930       21.3079567       15.5509453    
   82.1133347       33.3941879       21.3564510       15.5818291    
   82.6162720       33.4893456       21.4049988       15.6129513    
   83.1191635       33.5839539       21.4530926       15.6436768    
   83.6212158       33.6782150       21.5008430       15.6741886    
   84.1223755       33.7714615       21.5476627       15.7043657    
   84.6241531       33.8640022       21.5942249       15.7347355    
   85.1265945       33.9555054       21.6406631       15.7646751    
   85.6287308       34.0469055       21.6866093       15.7944870    
   86.1307144       34.1374474       21.7317829       15.8228159    
   86.6322021       34.2271805       21.7767429       15.8507833    
   87.1327133       34.3160439       21.8210487       15.8785810    
   87.6330261       34.4041672       21.8649940       15.9061985    
   88.1339951       34.4925270       21.9092312       15.9340563    
   88.6343689       34.5804520       21.9528313       15.9619503    
   89.1348724       34.6685104       21.9965878       15.9899845    
   89.6354218       34.7560425       22.0403996       16.0180969    
   90.1360550       34.8435478       22.0839100       16.0462742    
   90.6362534       34.9303856       22.1276875       16.0740814    
   91.1356812       35.0154839       22.1714764       16.1019096    
   91.6355209       35.1004677       22.2147255       16.1291485    
   92.1355972       35.1851349       22.2580814       16.1564579    
   92.6350861       35.2698593       22.3010559       16.1840687    
   93.1344910       35.3549767       22.3438225       16.2118244    
   93.6334305       35.4396629       22.3864689       16.2398090    
   94.1322784       35.5240211       22.4286003       16.2674561    
   94.6313705       35.6077156       22.4706154       16.2947311    
   95.1297379       35.6902847       22.5121040       16.3215179    
   95.6287918       35.7725716       22.5536995       16.3485279    
   96.1284637       35.8553352       22.5957031       16.3756008    
   96.6282578       35.9372902       22.6368561       16.4013481    
   97.1275635       36.0180779       22.6771908       16.4270058    
   97.6269760       36.0981712       22.7177925       16.4529247    
   98.1263199       36.1784897       22.7581158       16.4787350    
   98.6251755       36.2582626       22.7987862       16.5044670    
   99.1240692       36.3383598       22.8393288       16.5298748    
   99.6229706       36.4184418       22.8795509       16.5551605    
   100.121681       36.4981461       22.9201679       16.5804634    
   100.619835       36.5773277       22.9604950       16.6054916    
   101.117577       36.6554680       23.0010033       16.6306171    
   101.616417       36.7332382       23.0411301       16.6557846    
   102.115593       36.8106613       23.0813217       16.6808262    
   102.614952       36.8874741       23.1217518       16.7061481    
   103.114632       36.9638062       23.1624985       16.7315445    
   103.614342       37.0404053       23.2026577       16.7571144    
   104.113434       37.1162987       23.2419853       16.7821808    
   104.612587       37.1919861       23.2817612       16.8072834    
   105.111565       37.2674217       23.3215618       16.8323116    
   105.610397       37.3427162       23.3616295       16.8574486    
   106.109573       37.4179611       23.4011364       16.8824520    
   106.608932       37.4929733       23.4404602       16.9074326    
   107.108482       37.5678711       23.4797153       16.9323349    
   107.607796       37.6431999       23.5190468       16.9572754    
   108.106865       37.7189941       23.5582409       16.9817944    
   108.606125       37.7942467       23.5972958       17.0064602    
   109.105423       37.8692017       23.6365795       17.0309086    
   109.604454       37.9437218       23.6760635       17.0551662    
   110.103371       38.0182266       23.7152348       17.0798702    
   110.602287       38.0934219       23.7537651       17.1044044    
   111.100998       38.1683273       23.7917500       17.1287746    
   111.600014       38.2427292       23.8288040       17.1528168    
   112.097969       38.3166046       23.8651352       17.1763210    
   112.595627       38.3901901       23.9012451       17.1990185    
   113.093582       38.4630547       23.9372463       17.2214832    
   113.591316       38.5356445       23.9734459       17.2446003    
   114.089096       38.6073875       24.0092602       17.2669411    
   114.586800       38.6797409       24.0450897       17.2893162    
   115.084038       38.7515984       24.0806961       17.3118172    
   115.581573       38.8233376       24.1157646       17.3340778    
   116.078743       38.8943253       24.1507187       17.3560562    
   116.576523       38.9647064       24.1855259       17.3781204    
   117.074585       39.0352478       24.2202606       17.4000359    
   117.573029       39.1059761       24.2548676       17.4220486    
   118.072044       39.1761398       24.2896328       17.4445648    
   118.571457       39.2457924       24.3244114       17.4665012    
   119.071190       39.3153152       24.3587818       17.4882526    
   119.570663       39.3848763       24.3933773       17.5102196    
   120.070175       39.4542770       24.4278774       17.5322475    
   120.569534       39.5236588       24.4625664       17.5537910    
   121.068405       39.5916786       24.4970779       17.5753498    
   121.565956       39.6598396       24.5319118       17.5973778    
   122.063873       39.7273140       24.5666637       17.6194630    
   122.561501       39.7947922       24.6013947       17.6411800    
   123.058296       39.8622360       24.6355724       17.6625862    
   123.555122       39.9291840       24.6693745       17.6835232    
   124.052216       39.9964142       24.7026711       17.7045383    
   124.549347       40.0633202       24.7355099       17.7250347    
   125.047272       40.1302490       24.7679119       17.7449150    
   125.545464       40.1963387       24.8002453       17.7649117    
   126.043640       40.2626572       24.8324566       17.7851696    
   126.541740       40.3288345       24.8644848       17.8056412    
   127.039635       40.3945656       24.8964272       17.8257561    
   127.537148       40.4595146       24.9286003       17.8459263    
   128.034042       40.5239639       24.9603367       17.8658333    
   128.530655       40.5885086       24.9923801       17.8858757    
   129.027069       40.6530075       25.0244446       17.9061031    
   129.523682       40.7173080       25.0556850       17.9258385    
   130.020401       40.7814751       25.0858746       17.9454670    
   130.517593       40.8452682       25.1159554       17.9649620    
   131.014297       40.9089241       25.1457787       17.9842548    
   131.510681       40.9730301       25.1755104       18.0039616    
   132.006943       41.0367241       25.2050781       18.0236168    
   132.502991       41.1001663       25.2346573       18.0430470    
   132.999222       41.1633644       25.2645054       18.0627708    
   133.495590       41.2265320       25.2946568       18.0826569    
   133.991562       41.2888680       25.3248024       18.1024055    
   134.487946       41.3510170       25.3545132       18.1217804    
   134.983917       41.4131851       25.3843269       18.1411514    
   135.480576       41.4748993       25.4141979       18.1602612    
   135.977600       41.5367012       25.4438057       18.1793537    
   136.474060       41.5983086       25.4733162       18.1989956    
   136.970779       41.6595840       25.5027294       18.2182980    
   137.467789       41.7202187       25.5319042       18.2374859    
   137.964767       41.7803001       25.5611801       18.2565365    
   138.461151       41.8401413       25.5907288       18.2755032    
   138.957687       41.8999481       25.6197605       18.2943096    
   139.454575       41.9594383       25.6484852       18.3130741    
   139.952148       42.0184174       25.6771374       18.3320522    
   140.449814       42.0775833       25.7062168       18.3510246    
   140.947617       42.1362495       25.7350693       18.3698750    
   141.445694       42.1945114       25.7638035       18.3883724    
   141.943314       42.2522163       25.7926369       18.4069138    
   142.441177       42.3102303       25.8215733       18.4251575    
   142.938370       42.3680801       25.8501949       18.4430065    
   143.435684       42.4263191       25.8789062       18.4608765    
   143.932663       42.4844360       25.9075756       18.4786110    
   144.428787       42.5426598       25.9362946       18.4964600    
   144.924789       42.6006432       25.9641113       18.5138588    
   145.421234       42.6581535       25.9916725       18.5315323    
   145.918472       42.7158928       26.0194550       18.5492783    
   146.415436       42.7730827       26.0470352       18.5667305    
   146.912720       42.8300323       26.0744381       18.5838852    
   147.409775       42.8864670       26.1016598       18.6010475    
   147.906570       42.9434700       26.1288376       18.6183472    
   148.403412       43.0002441       26.1559792       18.6357517    
   148.900940       43.0574684       26.1833706       18.6529884    
   149.397552       43.1144447       26.2103806       18.6701679    
   149.894501       43.1717911       26.2379074       18.6879215    
   150.391541       43.2287865       26.2653008       18.7053890    
   150.888626       43.2851257       26.2926559       18.7226715    
   151.386261       43.3410149       26.3193436       18.7395954    
   151.883820       43.3966789       26.3458157       18.7565651    
   152.381195       43.4521904       26.3724918       18.7733231    
   152.878342       43.5082016       26.3991718       18.7901211    
   153.375336       43.5640144       26.4260483       18.8071861    
   153.872650       43.6197548       26.4528790       18.8243790    
   154.369156       43.6748810       26.4792671       18.8412399    
   154.865738       43.7299995       26.5054150       18.8580322    
   155.362381       43.7849236       26.5313778       18.8747883    
   155.859238       43.8394356       26.5571365       18.8911648    
   156.356323       43.8934555       26.5827065       18.9071770    
   156.853729       43.9476509       26.6079025       18.9227448    
   157.350632       44.0014610       26.6328793       18.9382706    
   157.847382       44.0551567       26.6578865       18.9542007    
   158.344315       44.1083794       26.6830864       18.9703865    
   158.841248       44.1613770       26.7080936       18.9866657    
   159.338120       44.2137489       26.7330875       19.0030308    
   159.835403       44.2663574       26.7583408       19.0194645    
   160.332825       44.3189621       26.7837353       19.0358181    
   160.830002       44.3713951       26.8089905       19.0519466    
   161.326996       44.4239578       26.8342266       19.0678444    
   161.824142       44.4753647       26.8593559       19.0836544    
   162.321442       44.5268021       26.8843117       19.0991650    
   162.818542       44.5778885       26.9088573       19.1147709    
   163.315704       44.6285896       26.9334927       19.1306534    
   163.812958       44.6793671       26.9582424       19.1460915    
   164.309937       44.7301750       26.9835606       19.1620426    
   164.807220       44.7807732       27.0089245       19.1782207    
   165.304581       44.8306541       27.0339298       19.1940937    
   165.802170       44.8805275       27.0589886       19.2101021    
   166.299423       44.9306412       27.0842228       19.2260075    
   166.796524       44.9807510       27.1096649       19.2418308    
   167.293457       45.0308609       27.1348743       19.2579842    
   167.789703       45.0806580       27.1592331       19.2738647    
   168.286423       45.1303864       27.1838036       19.2898121    
   168.782700       45.1800728       27.2084503       19.3058243    
   169.279190       45.2299843       27.2333641       19.3218174    
   169.775833       45.2799377       27.2585506       19.3376217    
   170.273209       45.3299599       27.2835026       19.3533821    
   170.770584       45.3799095       27.3082371       19.3692875    
   171.268066       45.4297142       27.3332596       19.3853035    
   171.765350       45.4786415       27.3574505       19.4009151    
   172.262375       45.5273628       27.3815079       19.4163055    
   172.759537       45.5759735       27.4056320       19.4315987    
   173.256943       45.6247139       27.4294643       19.4471989    
   173.753937       45.6729050       27.4533730       19.4627552    
   174.250732       45.7211227       27.4775047       19.4780979    
   174.748077       45.7697754       27.5014515       19.4932823    
   175.245728       45.8185349       27.5252781       19.5083961    
   175.743088       45.8667831       27.5490036       19.5234680    
   176.240356       45.9152145       27.5729809       19.5387230    
   176.738098       45.9633064       27.5967598       19.5535049    
   177.235840       46.0110130       27.6207256       19.5686932    
   177.733658       46.0586166       27.6441555       19.5835876    
   178.231552       46.1062813       27.6676540       19.5985794    
   178.729095       46.1539040       27.6908550       19.6134281    
   179.226639       46.2014160       27.7141552       19.6280384    
   179.723740       46.2489243       27.7375393       19.6430054    
   180.220413       46.2964401       27.7609844       19.6580677    
   180.717041       46.3434944       27.7842197       19.6729813    
   181.214081       46.3906593       27.8071747       19.6881618    
   181.711365       46.4378433       27.8303185       19.7036304    
   182.208466       46.4847794       27.8529568       19.7187557    
   182.705856       46.5310631       27.8754883       19.7336502    
   183.203735       46.5767021       27.8977528       19.7482681    
   183.701660       46.6217422       27.9199505       19.7629185    
   184.200302       46.6670341       27.9421329       19.7771912    
   184.698944       46.7118034       27.9642944       19.7915974    
   185.197403       46.7561417       27.9861755       19.8059311    
   185.695908       46.8004646       28.0076714       19.8199253    
   186.194031       46.8444595       28.0288296       19.8335648    
   186.692093       46.8885040       28.0500336       19.8471737    
   187.190613       46.9321518       28.0712414       19.8608036    
   187.689087       46.9754295       28.0924282       19.8744621    
   188.187149       47.0190430       28.1136761       19.8882751    
   188.686005       47.0630455       28.1352596       19.9019051    
   189.185150       47.1065407       28.1568565       19.9155807    
   189.683868       47.1497536       28.1781158       19.9291401    
   190.182831       47.1931267       28.1992378       19.9423466    
   190.682297       47.2365837       28.2203560       19.9558430    
   191.181412       47.2797737       28.2411671       19.9690685    
   191.680664       47.3228035       28.2618866       19.9820385    
   192.179581       47.3657608       28.2828197       19.9949093    
   192.677963       47.4085464       28.3035221       20.0077591    
   193.176651       47.4513741       28.3245277       20.0207481    
   193.674835       47.4939919       28.3453255       20.0335426    
   194.172958       47.5364876       28.3662033       20.0464172    
   194.671448       47.5791702       28.3867836       20.0592079    
   195.170197       47.6223526       28.4074364       20.0721340    
   195.669113       47.6654358       28.4279671       20.0848827    
   196.168045       47.7082100       28.4487839       20.0977554    
   196.666824       47.7508888       28.4694977       20.1106968    
   197.165512       47.7936478       28.4901047       20.1238995    
   197.664368       47.8367233       28.5111599       20.1371651    
   198.163193       47.8799210       28.5321789       20.1504402    
   198.662277       47.9229240       28.5530815       20.1635799    
   199.161438       47.9661751       28.5739765       20.1767731    
   199.660583       48.0093155       28.5949211       20.1898270    
   200.159744       48.0522804       28.6156445       20.2027054    
   200.658417       48.0952339       28.6362019       20.2153721    
   201.157013       48.1383629       28.6570358       20.2281437    
   201.655731       48.1815414       28.6778984       20.2408733    
   202.154434       48.2244568       28.6981983       20.2534294    
   202.653015       48.2675018       28.7180367       20.2658749    
   203.151199       48.3102226       28.7380791       20.2783546    
   203.649231       48.3530846       28.7583485       20.2908249    
   204.146973       48.3954010       28.7784710       20.3032494    
   204.644775       48.4379730       28.7986565       20.3157787    
   205.142944       48.4803352       28.8188992       20.3282127    
   205.641403       48.5222244       28.8391113       20.3405972    
   206.140396       48.5642357       28.8592205       20.3528328    
   206.639816       48.6060143       28.8788700       20.3650322    
   207.139175       48.6472588       28.8980637       20.3771286    
   207.638535       48.6882019       28.9174671       20.3891563    
   208.137970       48.7292442       28.9372005       20.4014187    
   208.636795       48.7700386       28.9569950       20.4135456    
   209.135849       48.8102760       28.9767284       20.4254894    
   209.635071       48.8507156       28.9966640       20.4373302    
   210.134369       48.8909149       29.0163155       20.4491348    
   210.633209       48.9312286       29.0361328       20.4608841    
   211.133148       48.9712868       29.0559921       20.4725189    
   211.633163       49.0113182       29.0757866       20.4842262    
   212.133240       49.0513763       29.0955830       20.4959297    
   212.632614       49.0913353       29.1151772       20.5074043    
   213.132248       49.1313477       29.1345081       20.5189056    
   213.631775       49.1710014       29.1535053       20.5304813    
   214.131226       49.2099495       29.1725006       20.5421543    
   214.630615       49.2488060       29.1913795       20.5538483    
   215.129944       49.2876740       29.2100773       20.5657635    
   215.628708       49.3262558       29.2289429       20.5773735    
   216.126938       49.3642540       29.2477646       20.5887642    
   216.624863       49.4019966       29.2665215       20.6002636    
   217.123062       49.4393501       29.2850800       20.6116619    
   217.621780       49.4767532       29.3037224       20.6231232    
   218.120697       49.5140686       29.3225060       20.6346512    
   218.619324       49.5513382       29.3410244       20.6459560    
   219.118210       49.5887642       29.3598289       20.6574917    
   219.617264       49.6261749       29.3788395       20.6691189    
   220.116165       49.6637421       29.3978672       20.6808109    
   220.615021       49.7012024       29.4166374       20.6923237    
   221.114075       49.7380714       29.4353695       20.7038021    
   221.613510       49.7747803       29.4541359       20.7153378    
   222.112946       49.8116570       29.4728889       20.7268085    
   222.612839       49.8488884       29.4915848       20.7382412    
   223.112274       49.8860626       29.5102234       20.7497921    
   223.611771       49.9228401       29.5284863       20.7613583    
   224.111557       49.9592438       29.5465527       20.7727985    
   224.610977       49.9959717       29.5646896       20.7839432    
   225.110458       50.0326385       29.5831432       20.7952213    
   225.609802       50.0694046       29.6015129       20.8063583    
   226.109116       50.1062775       29.6200294       20.8174744    
   226.608398       50.1432152       29.6384563       20.8286572    
   227.107651       50.1803894       29.6568832       20.8396664    
   227.606491       50.2173996       29.6749268       20.8508930    
   228.105194       50.2546425       29.6930771       20.8620338    
   228.603790       50.2916641       29.7106247       20.8728275    
   229.102203       50.3281975       29.7279396       20.8832569    
   229.600769       50.3649940       29.7451420       20.8938522    
   230.099594       50.4022522       29.7624512       20.9047184    
   230.598465       50.4393578       29.7797260       20.9157524    
   231.097534       50.4770432       29.7971878       20.9271355    
   231.596664       50.5149498       29.8149281       20.9386692    
   232.095657       50.5526924       29.8326988       20.9504166    
   232.594177       50.5900002       29.8503857       20.9618015    
   233.092560       50.6272621       29.8679962       20.9733124    
   233.590805       50.6641693       29.8855305       20.9846363    
   234.088699       50.7010307       29.9032154       20.9961338    
   234.586426       50.7379303       29.9206181       21.0073547    
   235.084778       50.7748375       29.9379826       21.0184116    
   235.582932       50.8114471       29.9552536       21.0294476    
   236.081390       50.8477592       29.9727459       21.0404510    
   236.579453       50.8834419       29.9901981       21.0513821    
   237.077316       50.9190636       30.0075359       21.0620384    
   237.574982       50.9546204       30.0251808       21.0732765    
   238.072586       50.9900818       30.0428829       21.0842609    
   238.569992       51.0253830       30.0605450       21.0952282    
   239.067627       51.0604820       30.0778980       21.1060543    
   239.565460       51.0958633       30.0952358       21.1169243    
   240.063309       51.1309967       30.1128044       21.1277599    
   240.560577       51.1662025       30.1303349       21.1384850    
   241.058151       51.2011719       30.1478634       21.1491203    
   241.555466       51.2359276       30.1650295       21.1595573    
   242.053207       51.2706413       30.1821365       21.1701660    
   242.551071       51.3051605       30.1994724       21.1810265    
   243.048996       51.3393326       30.2164764       21.1916924    
   243.546951       51.3737106       30.2338753       21.2025356    
   244.044724       51.4079704       30.2510338       21.2131557    
   244.542358       51.4423180       30.2684116       21.2236958    
   245.040207       51.4768829       30.2856503       21.2346210    
   245.537796       51.5114021       30.3026905       21.2454834    
   246.035645       51.5458336       30.3199921       21.2563343    
   246.533295       51.5802689       30.3376598       21.2673283    
   247.031021       51.6147957       30.3552704       21.2782669    
   247.528793       51.6491966       30.3727512       21.2886600    
   248.026947       51.6834221       30.3899899       21.2988338    
   248.525620       51.7175941       30.4073467       21.3091660    
   249.024246       51.7517014       30.4246254       21.3196030    
   249.522537       51.7855186       30.4419346       21.3303890    
   250.020752       51.8197365       30.4591084       21.3412457    
   250.519135       51.8534584       30.4760590       21.3518867    
   251.018066       51.8872719       30.4928989       21.3625298    
   251.517014       51.9210052       30.5100060       21.3731003    
   252.015961       51.9548264       30.5270329       21.3833160    
   252.515198       51.9887314       30.5441360       21.3937283    
   253.014450       52.0223503       30.5611420       21.4041595    
   253.513168       52.0561028       30.5780563       21.4145927    
   254.012070       52.0894051       30.5947151       21.4248428    
   254.510986       52.1224937       30.6116333       21.4354801    
   255.010162       52.1554146       30.6284943       21.4461689    
   255.509064       52.1886597       30.6455250       21.4571114    
   256.008270       52.2221146       30.6627369       21.4680405    
   256.507935       52.2552910       30.6799202       21.4791050    
   257.007721       52.2885246       30.6970501       21.4898777    
   257.507233       52.3216553       30.7141781       21.5005341    
   258.006744       52.3549461       30.7314644       21.5110226    
   258.505981       52.3879700       30.7486248       21.5214634    
   259.005035       52.4209595       30.7654819       21.5318642    
   259.504242       52.4536705       30.7824078       21.5420856    
   260.003754       52.4864502       30.7992077       21.5521049    
   260.502960       52.5188637       30.8156052       21.5621948    
   261.002106       52.5511436       30.8318615       21.5721512    
   261.502075       52.5838242       30.8479118       21.5820599    
   262.002258       52.6165581       30.8641720       21.5922127    
   262.502258       52.6492691       30.8807602       21.6025620    
   263.002258       52.6821480       30.8974266       21.6132202    
   263.502869       52.7145805       30.9140530       21.6237316    
   264.003571       52.7470703       30.9307365       21.6342182    
   264.503815       52.7790604       30.9472408       21.6442738    
   265.003723       52.8107376       30.9634094       21.6542816    
   265.503784       52.8421745       30.9794312       21.6642284    
   266.004059       52.8736610       30.9955368       21.6740227    
   266.504364       52.9051476       31.0116405       21.6836777    
   267.004364       52.9364471       31.0278625       21.6933804    
   267.504333       52.9675598       31.0443172       21.7032528    
   268.004364       52.9986229       31.0608120       21.7131805    
   268.504791       53.0301704       31.0773754       21.7228889    
   269.005157       53.0615349       31.0938492       21.7324886    
   269.505676       53.0932808       31.1102886       21.7421837    
   270.006256       53.1247559       31.1266270       21.7518845    
   270.507538       53.1558952       31.1426125       21.7614841    
   271.008636       53.1867523       31.1587715       21.7712078    
   271.509705       53.2176285       31.1750031       21.7810841    
   272.010895       53.2484016       31.1910648       21.7908859    
   272.512878       53.2789574       31.2064915       21.8004246    
   273.014740       53.3096809       31.2216854       21.8099632    
   273.517090       53.3404541       31.2369537       21.8197937    
   274.019562       53.3708153       31.2520695       21.8295612    
   274.521545       53.4014778       31.2671909       21.8392220    
   275.023560       53.4326782       31.2824059       21.8488731    
   275.525360       53.4639511       31.2975330       21.8586235    
   276.027130       53.4952240       31.3127098       21.8683014    
   276.529266       53.5264130       31.3278179       21.8778553    
   277.031281       53.5572433       31.3428211       21.8874397    
   277.532898       53.5879135       31.3579159       21.8969345    
   278.034698       53.6185570       31.3726768       21.9062519    
   278.536530       53.6490517       31.3874340       21.9155140    
   279.038177       53.6788902       31.4022827       21.9248924    
   279.539612       53.7085075       31.4170914       21.9342480    
   280.040344       53.7382088       31.4318867       21.9435406    
   280.540741       53.7675858       31.4466648       21.9529133    
   281.040741       53.7970161       31.4613781       21.9622002    
   281.540894       53.8262367       31.4761200       21.9714184    
   282.041199       53.8556480       31.4908981       21.9808044    
   282.542084       53.8851662       31.5058002       21.9901581    
   283.042786       53.9148331       31.5205040       21.9996071    
   283.543549       53.9449730       31.5354443       22.0090122    
   284.044952       53.9750290       31.5503483       22.0184460    
   284.546600       54.0051193       31.5650673       22.0279522    
   285.048309       54.0351028       31.5797768       22.0374317    
   285.550171       54.0648651       31.5944672       22.0466633    
   286.051880       54.0943794       31.6089916       22.0558472    
   286.553131       54.1239090       31.6236954       22.0649700    
   287.054291       54.1534424       31.6383305       22.0740223    
   287.555115       54.1826668       31.6530209       22.0830231    
   288.055908       54.2117310       31.6676178       22.0920429    
   288.556274       54.2406769       31.6820412       22.1011410    
   289.056854       54.2694054       31.6965446       22.1101208    
   289.557251       54.2981300       31.7109890       22.1191387    
   290.057709       54.3268471       31.7250519       22.1280003    
   290.557800       54.3555908       31.7391605       22.1370029    
   291.057678       54.3840408       31.7532272       22.1459408    
   291.557861       54.4127121       31.7672253       22.1548443    
   292.057495       54.4411583       31.7810802       22.1637630    
   292.557434       54.4693375       31.7946892       22.1726532    
   293.056671       54.4972038       31.8082256       22.1815033    
   293.556274       54.5251808       31.8218269       22.1903381    
   294.055511       54.5532799       31.8356590       22.1991158    
   294.554840       54.5812149       31.8490696       22.2077999    
   295.054230       54.6092339       31.8623772       22.2165070    
   295.553436       54.6375847       31.8757133       22.2250843    
   296.052429       54.6657982       31.8889637       22.2336483    
   296.552032       54.6939735       31.9025269       22.2423153    
   297.051666       54.7226753       31.9161739       22.2509766    
   297.551361       54.7508736       31.9296741       22.2595139    
   298.050690       54.7786827       31.9431801       22.2679939    
   298.550049       54.8065720       31.9563465       22.2762299    
   299.049469       54.8343658       31.9696445       22.2844543    
   299.548950       54.8621941       31.9829178       22.2927952    
   300.048248       54.8901215       31.9963760       22.3011837    
   300.547943       54.9181099       32.0099220       22.3097134    
   301.047638       54.9459381       32.0234337       22.3180676    
   301.547485       54.9739914       32.0370979       22.3267136    
   302.047302       55.0021896       32.0505714       22.3353558    
   302.546570       55.0301743       32.0639992       22.3441582    
   303.046173       55.0583801       32.0774422       22.3529720    
   303.545898       55.0863533       32.0908890       22.3618355    
   304.045074       55.1142502       32.1044807       22.3706207    
   304.544891       55.1423683       32.1181602       22.3792114    
   305.044037       55.1704445       32.1318550       22.3878860    
   305.543304       55.1985550       32.1458740       22.3967037    
   306.042236       55.2266426       32.1598969       22.4054508    
   306.541046       55.2545586       32.1739502       22.4142151    
   307.040039       55.2825928       32.1876564       22.4228306    
   307.538910       55.3109245       32.2011337       22.4313869    
   308.038269       55.3391151       32.2146912       22.4398766    
   308.537964       55.3674316       32.2283211       22.4483166    
   309.037384       55.3955803       32.2421074       22.4567375    
   309.536957       55.4238358       32.2557030       22.4652004    
   310.036499       55.4521637       32.2693329       22.4735546    
   310.536804       55.4805107       32.2831650       22.4821053    
   311.037170       55.5088921       32.2968407       22.4908028    
   311.537201       55.5372314       32.3104820       22.4993782    
   312.036987       55.5653763       32.3240967       22.5078869    
   312.537079       55.5937157       32.3377075       22.5164490    
   313.037476       55.6221313       32.3514671       22.5250187    
   313.537811       55.6505089       32.3648109       22.5335121    
   314.038116       55.6786041       32.3778839       22.5417995    
   314.538147       55.7067642       32.3909378       22.5501804    
   315.038055       55.7346344       32.4039612       22.5587444    
   315.537903       55.7627144       32.4172401       22.5671959    
   316.038544       55.7907524       32.4305191       22.5757847    
   316.539062       55.8185730       32.4438934       22.5844402    
   317.040070       55.8465691       32.4575043       22.5930691    
   317.541199       55.8745461       32.4708900       22.6016541    
   318.042603       55.9026031       32.4842300       22.6101742    
   318.543335       55.9302979       32.4975891       22.6185722    
   319.044373       55.9580688       32.5109749       22.6269817    
   319.544922       55.9854813       32.5244484       22.6353645    
   320.046051       56.0124893       32.5378914       22.6437149    
   320.547119       56.0393066       32.5514679       22.6519718    
   321.047760       56.0659943       32.5649414       22.6600494    
   321.547943       56.0927544       32.5782814       22.6681213    
   322.048462       56.1195679       32.5916557       22.6763306    
   322.548828       56.1463394       32.6051102       22.6846218    
   323.049408       56.1729469       32.6183052       22.6927776    
   323.549408       56.1995773       32.6313744       22.7008896    
   324.049469       56.2262688       32.6444244       22.7090588    
   324.549561       56.2530708       32.6573563       22.7172794    
   325.049500       56.2796669       32.6703987       22.7253342    
   325.549438       56.3060799       32.6834755       22.7334099    
   326.049255       56.3323936       32.6968460       22.7415867    
   326.548767       56.3585968       32.7100449       22.7496357    
   327.048004       56.3848267       32.7230301       22.7577057    
   327.547180       56.4109116       32.7361336       22.7656574    
   328.046753       56.4375496       32.7492981       22.7736340    
   328.545990       56.4641609       32.7622337       22.7815704    
   329.045715       56.4905396       32.7749367       22.7895317    
   329.544830       56.5167885       32.7874489       22.7974072    
   330.043945       56.5428505       32.8000336       22.8053722    
   330.543152       56.5688591       32.8124695       22.8132038    
   331.042114       56.5950470       32.8250122       22.8212814    
   331.540833       56.6211319       32.8375092       22.8292274    
   332.039154       56.6469383       32.8500824       22.8373470    
   332.537598       56.6727142       32.8627357       22.8452969    
   333.036163       56.6985550       32.8753624       22.8533287    
   333.534760       56.7244148       32.8879356       22.8613052    
   334.032990       56.7503853       32.9005318       22.8691483    
   334.530945       56.7765007       32.9131355       22.8770466    
   335.028687       56.8027000       32.9256859       22.8848438    
   335.526245       56.8287735       32.9383583       22.8927364    
   336.023712       56.8549461       32.9509621       22.9006729    
   336.521454       56.8809013       32.9635162       22.9086914    
   337.018768       56.9067879       32.9759064       22.9165459    
   337.516479       56.9330025       32.9882584       22.9244099    
   338.013702       56.9593086       33.0005951       22.9322796    
   338.511322       56.9856453       33.0129280       22.9401207    
   339.009033       57.0118256       33.0251770       22.9478912    
   339.506561       57.0378838       33.0373459       22.9555626    
   340.003723       57.0639763       33.0496140       22.9631290    
   340.501221       57.0899582       33.0618172       22.9706993    
   340.998199       57.1156044       33.0739975       22.9780483    
   341.495361       57.1413078       33.0861168       22.9854698    
   341.992432       57.1667709       33.0980797       22.9927692    
   342.489410       57.1921234       33.1100426       23.0000191    
   342.986237       57.2173309       33.1223068       23.0075397    
   343.482971       57.2425117       33.1345329       23.0151215    
   343.979889       57.2675591       33.1467667       23.0227299    
   344.476685       57.2923927       33.1589813       23.0303707    
   344.972839       57.3168144       33.1708832       23.0378246    
   345.469513       57.3411217       33.1827927       23.0452251    
   345.965942       57.3651466       33.1947899       23.0526447    
   346.461700       57.3891907       33.2067566       23.0600224    
   346.957855       57.4134178       33.2186508       23.0674133    
   347.454102       57.4374352       33.2304649       23.0750275    
   347.950073       57.4613457       33.2423019       23.0825615    
   348.446045       57.4851265       33.2540054       23.0901241    
   348.942413       57.5091019       33.2656593       23.0976734    
   349.438812       57.5329590       33.2773399       23.1052761    
   349.934845       57.5563011       33.2889900       23.1126289    
   350.430847       57.5795059       33.3005791       23.1200027    
   350.926483       57.6028481       33.3123550       23.1274490    
   351.421631       57.6261902       33.3238678       23.1348381    
   351.916504       57.6498451       33.3353920       23.1421967    
   352.411530       57.6733246       33.3468475       23.1495590    
   352.906525       57.6963692       33.3583870       23.1568184    
   353.401947       57.7194366       33.3701057       23.1642227    
   353.897461       57.7425537       33.3817596       23.1716690    
   354.393127       57.7658195       33.3932571       23.1790962    
   354.889343       57.7891350       33.4048882       23.1864643    
   355.385986       57.8124847       33.4165001       23.1936951    
   355.882263       57.8358040       33.4280891       23.2010155    
   356.378693       57.8591576       33.4398384       23.2083454    
   356.875000       57.8825989       33.4513969       23.2155323    
   357.371368       57.9059944       33.4631805       23.2227268    
   357.867981       57.9295120       33.4748344       23.2299786    
   358.365021       57.9529533       33.4865913       23.2372952    
   358.861603       57.9763718       33.4984703       23.2447090    
   359.358459       57.9996147       33.5101700       23.2520905    
   359.854919       58.0228920       33.5216866       23.2591553    
   360.351318       58.0463638       33.5332680       23.2662773    
   360.847778       58.0696220       33.5447578       23.2733898    
   361.344177       58.0928268       33.5562859       23.2804661    
   361.841187       58.1163559       33.5677948       23.2875748    
   362.337708       58.1398125       33.5792236       23.2948170    
   362.834259       58.1631355       33.5906754       23.3021221    
   363.330963       58.1862068       33.6019707       23.3091450    
   363.826813       58.2095261       33.6131897       23.3159466    
   364.322998       58.2329674       33.6242790       23.3227558    
   364.819366       58.2566719       33.6353416       23.3295918    
   365.315521       58.2802086       33.6464653       23.3363266    
   365.811554       58.3037415       33.6574974       23.3430595    
   366.308105       58.3270569       33.6685600       23.3499737    
   366.804352       58.3503609       33.6793442       23.3566608    
   367.300598       58.3737030       33.6902046       23.3634872    
   367.796539       58.3971138       33.7010727       23.3702602    
   368.292725       58.4203568       33.7119408       23.3768597    
   368.788574       58.4436340       33.7229195       23.3836975    
   369.284546       58.4667244       33.7339554       23.3906956    
   369.780701       58.4894485       33.7449341       23.3977356    
   370.277069       58.5120354       33.7558250       23.4048443    
   370.773376       58.5346756       33.7666245       23.4120865    
   371.269745       58.5575981       33.7776451       23.4193325    
   371.765930       58.5804405       33.7887383       23.4264984    
   372.261688       58.6031075       33.7998123       23.4336319    
   372.757324       58.6256599       33.8106003       23.4405823    
   373.253418       58.6483002       33.8213959       23.4474049    
   373.749817       58.6709785       33.8321800       23.4543343    
   374.245941       58.6933556       33.8429451       23.4612293    
   374.741882       58.7157745       33.8537102       23.4679165    
   375.238007       58.7382584       33.8644676       23.4746304    
   375.733978       58.7605515       33.8752632       23.4815617    
   376.229858       58.7829437       33.8861313       23.4887486    
   376.725647       58.8055725       33.8970528       23.4960823    
   377.221375       58.8286514       33.9080429       23.5031548    
   377.716766       58.8516808       33.9190369       23.5102863    
   378.212402       58.8745155       33.9301758       23.5173931    
   378.708130       58.8970299       33.9411125       23.5245972    
   379.204041       58.9197540       33.9522171       23.5318298    
   379.699921       58.9422073       33.9631844       23.5388699    
   380.195679       58.9644623       33.9742126       23.5456257    
   380.691986       58.9867363       33.9853325       23.5524311    
   381.188507       59.0090141       33.9962997       23.5589561    
   381.685242       59.0312691       34.0074615       23.5655937    
   382.182159       59.0532150       34.0183678       23.5721436    
   382.678864       59.0750427       34.0292358       23.5786800    
   383.176086       59.0967255       34.0400772       23.5850754    
   383.673035       59.1182289       34.0509224       23.5916233    
   384.169861       59.1399841       34.0617638       23.5982075    
   384.666260       59.1618500       34.0726585       23.6049099    
   385.162933       59.1836128       34.0835953       23.6116600    
   385.659119       59.2055817       34.0946388       23.6183929    
   386.155396       59.2275810       34.1056938       23.6249809    
   386.651337       59.2494621       34.1167717       23.6316109    
   387.147278       59.2711449       34.1275406       23.6382790    
   387.643524       59.2927551       34.1382332       23.6450081    
   388.139679       59.3145638       34.1489220       23.6516094    
   388.636139       59.3365326       34.1596069       23.6581287    
   389.132446       59.3585663       34.1702843       23.6646957    
   389.628815       59.3806229       34.1808739       23.6713638    
   390.125244       59.4023666       34.1912308       23.6779556    
   390.621765       59.4238701       34.2015572       23.6846161    
   391.118164       59.4455223       34.2119026       23.6911583    
   391.613983       59.4671211       34.2223701       23.6976795    
   392.110352       59.4888992       34.2329216       23.7043762    
   392.606262       59.5106926       34.2434731       23.7110481    
   393.102448       59.5324059       34.2540512       23.7175446    
   393.598663       59.5538216       34.2646179       23.7239380    
   394.094849       59.5754433       34.2752800       23.7303658    
   394.590820       59.5968742       34.2860565       23.7368298    
   395.087128       59.6185493       34.2970428       23.7434235    
   395.582855       59.6403770       34.3080673       23.7501755    
   396.078766       59.6622658       34.3188133       23.7567654    
   396.574921       59.6841431       34.3296852       23.7635422    
   397.070587       59.7060890       34.3406029       23.7703323    
   397.566406       59.7281113       34.3516464       23.7771759    
   398.062042       59.7503891       34.3626938       23.7838974    
   398.557770       59.7726479       34.3735695       23.7906418    
   399.053650       59.7948799       34.3844795       23.7972202    
   399.549683       59.8170929       34.3954048       23.8037834    
   400.045929       59.8390694       34.4061852       23.8103123    
   400.542267       59.8611107       34.4168854       23.8168201    
   401.038635       59.8830872       34.4273300       23.8232594    
   401.535461       59.9050560       34.4377823       23.8298950    
   402.032166       59.9269905       34.4481468       23.8363628    
   402.529480       59.9486771       34.4585991       23.8428745    
   403.026611       59.9701843       34.4691010       23.8494358    
   403.523285       59.9917641       34.4795570       23.8559341    
   404.020355       60.0130234       34.4898148       23.8621979    
   404.516876       60.0342636       34.5000648       23.8684540    
   405.013672       60.0554123       34.5101929       23.8749046    
   405.510376       60.0766411       34.5202179       23.8814182    
   406.006989       60.0977936       34.5299950       23.8879452    
   406.503357       60.1189461       34.5399895       23.8945789    
   406.999908       60.1400375       34.5500031       23.9010277    
   407.496887       60.1611481       34.5600395       23.9076462    
   407.993347       60.1821976       34.5700569       23.9143333    
   408.490295       60.2033768       34.5800629       23.9209442    
   408.987274       60.2247658       34.5899773       23.9275150    
   409.483917       60.2461357       34.6000748       23.9342136    
   409.980164       60.2674026       34.6099281       23.9408073    
   410.477051       60.2884865       34.6197472       23.9473953    
   410.973511       60.3093529       34.6295662       23.9538536    
   411.470154       60.3303337       34.6396065       23.9603710    
   411.966797       60.3512802       34.6497574       23.9669895    
   412.463104       60.3721733       34.6598434       23.9736195    
   412.959229       60.3931694       34.6700439       23.9802761    
   413.455505       60.4142113       34.6802826       23.9869537    
   413.951935       60.4349937       34.6902695       23.9935780    
   414.448669       60.4555931       34.7000618       24.0001316    
   414.944641       60.4761353       34.7096558       24.0066967    
   415.440796       60.4968796       34.7194099       24.0131550    
   415.936676       60.5172539       34.7289391       24.0194740    
   416.432526       60.5377846       34.7383919       24.0257473    
   416.928589       60.5582924       34.7477684       24.0318775    
   417.424835       60.5787621       34.7570190       24.0378723    
   417.920868       60.5992203       34.7662697       24.0439415    
   418.416382       60.6196213       34.7757263       24.0500355    
   418.912323       60.6400146       34.7853432       24.0561523    
   419.408051       60.6603737       34.7949638       24.0622692    
   419.903900       60.6808853       34.8046989       24.0683613    
   420.399384       60.7015114       34.8146515       24.0744991    
   420.895294       60.7221336       34.8246803       24.0806160    
   421.391052       60.7426605       34.8348274       24.0868130    
   421.886414       60.7630882       34.8448677       24.0930653    
   422.381592       60.7837257       34.8551216       24.0994415    
   422.877197       60.8044281       34.8652878       24.1057625    
   423.372192       60.8249474       34.8756256       24.1121445    
   423.867157       60.8454514       34.8861656       24.1184559    
   424.362274       60.8656654       34.8965836       24.1248283    
   424.857666       60.8854904       34.9068336       24.1310406    
   425.352844       60.9054031       34.9172058       24.1373825    
   425.847839       60.9253311       34.9274902       24.1436138    
   426.342896       60.9454918       34.9378357       24.1497326    
   426.838104       60.9656219       34.9479866       24.1557083    
   427.333191       60.9856567       34.9583244       24.1618118    
   427.828094       61.0057182       34.9685097       24.1679668    
   428.323181       61.0257683       34.9785461       24.1739960    
   428.818359       61.0459023       34.9886971       24.1800785    
   429.313507       61.0659866       34.9986916       24.1861401    
   429.808380       61.0859413       35.0085487       24.1921406    
   430.303284       61.1058731       35.0182991       24.1982346    
   430.798401       61.1257401       35.0281296       24.2042923    
   431.292969       61.1455498       35.0378113       24.2102242    
   431.787689       61.1654396       35.0476189       24.2162457    
   432.282043       61.1855507       35.0574188       24.2224083    
   432.776672       61.2057571       35.0672684       24.2287502    
   433.271667       61.2261620       35.0771141       24.2350922    
   433.766724       61.2463913       35.0869980       24.2413216    
   434.262268       61.2667007       35.0969009       24.2475834    
   434.757690       61.2864494       35.1065941       24.2536583    
   435.253082       61.3058090       35.1161385       24.2594604    
   435.748108       61.3252678       35.1259575       24.2653961    
   436.242950       61.3447380       35.1356201       24.2711658    
   436.737457       61.3638687       35.1450882       24.2768574    
   437.232330       61.3828239       35.1546173       24.2826061    
   437.727081       61.4015923       35.1639023       24.2883186    
   438.221558       61.4204330       35.1731224       24.2939854    
   438.716400       61.4392738       35.1824722       24.2995605    
   439.210907       61.4581871       35.1917953       24.3052597    
   439.704956       61.4774780       35.2011337       24.3110676    
   440.199554       61.4967575       35.2102509       24.3166752    
   440.693726       61.5160789       35.2192879       24.3221054    
   441.188293       61.5353203       35.2283783       24.3275890    
   441.683014       61.5541611       35.2375755       24.3332767    
   442.177612       61.5729446       35.2466698       24.3389473    
   442.672302       61.5917091       35.2558060       24.3448162    
   443.166931       61.6105003       35.2649155       24.3507900    
   443.661682       61.6293068       35.2739372       24.3567619    
   444.156311       61.6481209       35.2829895       24.3625565    
   444.651276       61.6669502       35.2919846       24.3681736    
   445.146332       61.6859322       35.3009415       24.3737545    
   445.641144       61.7047348       35.3098755       24.3793716    
   446.136505       61.7237129       35.3188972       24.3851318    
   446.631256       61.7424545       35.3279686       24.3909264    
   447.126831       61.7614288       35.3372040       24.3966579    
   447.622894       61.7804184       35.3464088       24.4022427    
   448.118500       61.7992897       35.3554611       24.4077587    
   448.614563       61.8179245       35.3643417       24.4132481    
   449.110657       61.8367805       35.3731995       24.4187527    
   449.606445       61.8556786       35.3820839       24.4243679    
   450.102814       61.8743935       35.3909264       24.4300613    
   450.599548       61.8931427       35.3999023       24.4358215    
   451.095856       61.9120636       35.4091568       24.4417171    
   451.592316       61.9308777       35.4183464       24.4475670    
   452.088745       61.9495964       35.4272537       24.4532623    
   452.584930       61.9685516       35.4361191       24.4589329    
   453.081177       61.9874916       35.4449615       24.4644852    
   453.577820       62.0066032       35.4538879       24.4700680    
   454.073547       62.0255547       35.4628563       24.4756489    
   454.569550       62.0445404       35.4719963       24.4814796    
   455.065643       62.0632973       35.4811592       24.4874401    
   455.561523       62.0821762       35.4905014       24.4933701    
   456.057983       62.1011772       35.4998436       24.4993134    
   456.553833       62.1201324       35.5091705       24.5051899    
   457.049927       62.1391373       35.5185394       24.5110779    
   457.545959       62.1580238       35.5280380       24.5169067    
   458.042389       62.1769829       35.5373764       24.5224953    
   458.538330       62.1958847       35.5466270       24.5281048    
   459.034363       62.2148857       35.5559273       24.5336323    
   459.530029       62.2339401       35.5652695       24.5392170    
   460.025787       62.2532043       35.5746613       24.5449429    
   460.521484       62.2723961       35.5839195       24.5506973    
   461.017090       62.2918396       35.5930710       24.5563297    
   461.513153       62.3113632       35.6023064       24.5621166    
   462.009033       62.3307457       35.6114044       24.5678577    
   462.504883       62.3499947       35.6201897       24.5734463    
   463.001221       62.3693047       35.6289597       24.5790501    
   463.497894       62.3887024       35.6374550       24.5845375    
   463.994629       62.4083557       35.6461029       24.5899696    
   464.491364       62.4279823       35.6547356       24.5954475    
   464.987976       62.4473495       35.6633911       24.6008396    
   465.484894       62.4665718       35.6718483       24.6061745    
   465.981445       62.4857635       35.6802025       24.6115532    
   466.477814       62.5049019       35.6885185       24.6169224    
   466.974030       62.5243301       35.6971169       24.6224194    
   467.470459       62.5440369       35.7058525       24.6280003    
   467.967255       62.5636787       35.7145271       24.6335754    
   468.463562       62.5832214       35.7233505       24.6392288    
   468.959686       62.6025658       35.7322083       24.6447983    
   469.455780       62.6218910       35.7409744       24.6503124    
   469.951599       62.6411629       35.7497368       24.6558304    
   470.447601       62.6601868       35.7585487       24.6614590    
   470.943665       62.6791344       35.7674255       24.6670456    
   471.439392       62.6980171       35.7762451       24.6725864    
   471.935364       62.7167969       35.7849197       24.6781273    
   472.431244       62.7353783       35.7935829       24.6835690    
   472.927094       62.7539635       35.8023148       24.6891117    
   473.422943       62.7726097       35.8110542       24.6946640    
   473.918457       62.7912636       35.8195839       24.7001114    
   474.413696       62.8098145       35.8279457       24.7052784    
   474.909271       62.8282890       35.8362389       24.7104626    
   475.404755       62.8467445       35.8444633       24.7156219    
   475.899933       62.8652992       35.8525848       24.7206402    
   476.395294       62.8838043       35.8609161       24.7258167    
   476.890717       62.9022636       35.8692513       24.7309742    
   477.386780       62.9206924       35.8775139       24.7361794    
   477.882385       62.9388847       35.8857651       24.7414055    
   478.377930       62.9569969       35.8939514       24.7465458    
   478.873260       62.9750862       35.9021378       24.7517586    
   479.368988       62.9932365       35.9103241       24.7571201    
   479.864685       63.0115242       35.9185486       24.7625713    
   480.360199       63.0297203       35.9270515       24.7680664    
   480.855804       63.0479469       35.9354744       24.7733936    
   481.351227       63.0662079       35.9440460       24.7788181    
   481.846985       63.0843658       35.9526939       24.7842617    
   482.342743       63.1027489       35.9614258       24.7896538    
   482.838470       63.1212463       35.9701157       24.7949314    
   483.333862       63.1395683       35.9789085       24.8003025    
   483.828613       63.1581268       35.9878044       24.8056355    
   484.323456       63.1766281       35.9966125       24.8109779    
   484.818176       63.1951714       36.0053978       24.8163033    
   485.313110       63.2136383       36.0142174       24.8216591    
   485.807404       63.2318993       36.0229912       24.8270130    
   486.302521       63.2502213       36.0316391       24.8323002    
   486.797333       63.2685776       36.0403252       24.8375683    
   487.291992       63.2868080       36.0487328       24.8428078    
   487.786804       63.3050003       36.0569839       24.8481960    
   488.281799       63.3231735       36.0653038       24.8536453    
   488.776337       63.3413239       36.0736809       24.8590012    
   489.270996       63.3593674       36.0820236       24.8642635    
   489.765717       63.3776169       36.0904579       24.8695450    
   490.260651       63.3956032       36.0988197       24.8747940    
   490.755371       63.4136391       36.1073036       24.8802452    
   491.249664       63.4314651       36.1156464       24.8855095    
   491.744141       63.4489098       36.1239243       24.8907738    
   492.239044       63.4663506       36.1320648       24.8960342    
   492.733826       63.4838753       36.1403580       24.9013462    
   493.228119       63.5013733       36.1487503       24.9067020    
   493.722443       63.5191269       36.1569977       24.9119930    
   494.216614       63.5369072       36.1651306       24.9173298    
   494.710815       63.5546036       36.1732635       24.9227085    
   495.205383       63.5723610       36.1813660       24.9279709    
   495.700043       63.5900459       36.1895981       24.9331646    
   496.194946       63.6076431       36.1977425       24.9383392    
   496.689941       63.6250458       36.2058640       24.9436359    
   497.184357       63.6423798       36.2139053       24.9489326    
   497.678894       63.6597176       36.2220573       24.9542580    
