   0.00000000       0.00000000       0.00000000       0.00000000    
  -2.21000612E-03  -1.46999955E-03  -1.19999051E-03  -1.31499767E-03
  -3.55333090E-03  -2.47332454E-03  -1.91000104E-03  -1.38334930E-03
  -4.49001044E-03  -3.47999483E-03  -2.07998604E-03  -1.82999671E-03
  -5.54799661E-03  -4.73800302E-03  -2.76799873E-03  -2.75399163E-03
  -5.92001714E-03  -5.49834594E-03  -3.11669521E-03  -3.13834008E-03
  -6.40001055E-03  -6.43285457E-03  -3.37000890E-03  -3.72140156E-03
  -7.28250807E-03  -7.64120650E-03  -4.01247945E-03  -4.31626942E-03
  -7.65336864E-03  -8.23991373E-03  -3.96330655E-03  -4.89997957E-03
  -7.94398226E-03  -8.57996941E-03  -3.84602556E-03  -5.34800719E-03
  -7.98364356E-03  -8.67172983E-03  -3.82732670E-03  -5.42180799E-03
  -7.83502124E-03  -8.69080052E-03  -3.65498662E-03  -5.04081137E-03
  -7.24765146E-03  -8.37614480E-03  -3.27769457E-03  -4.42539807E-03
  -6.42139697E-03  -7.78718386E-03  -3.16423713E-03  -3.95933120E-03
  -5.74935088E-03  -7.61268521E-03  -3.45065747E-03  -4.00671503E-03
  -5.50005818E-03  -7.87382666E-03  -3.91430175E-03  -4.18498740E-03
  -5.67774475E-03  -8.27118475E-03  -4.95764660E-03  -4.58179181E-03
  -5.76445553E-03  -8.45836010E-03  -5.74382953E-03  -5.13993017E-03
  -5.94633445E-03  -8.57163128E-03  -6.71685813E-03  -6.00319682E-03
  -6.08005887E-03  -8.59400164E-03  -7.39497039E-03  -6.86846022E-03
  -6.51233597E-03  -9.26524214E-03  -8.55943933E-03  -7.85565656E-03
  -7.03724567E-03  -1.01386197E-02  -1.00117559E-02  -9.12456028E-03
  -7.39126420E-03  -1.08856065E-02  -1.14583559E-02  -1.04304254E-02
  -7.73091754E-03  -1.15620736E-02  -1.26608703E-02  -1.16762388E-02
  -8.10963847E-03  -1.21016195E-02  -1.37660867E-02  -1.29143726E-02
  -8.33084434E-03  -1.25107532E-02  -1.49372658E-02  -1.42068816E-02
  -8.32358561E-03  -1.25547303E-02  -1.57614518E-02  -1.52436830E-02
  -8.41845199E-03  -1.26667228E-02  -1.67931449E-02  -1.62996650E-02
  -8.48480407E-03  -1.27569437E-02  -1.75904222E-02  -1.72107387E-02
  -8.50330107E-03  -1.29632447E-02  -1.82533991E-02  -1.80882383E-02
  -8.45806301E-03  -1.31915938E-02  -1.88144390E-02  -1.89470798E-02
  -8.41493066E-03  -1.34964855E-02  -1.92982219E-02  -1.98122300E-02
  -8.46541859E-03  -1.40270256E-02  -1.98901501E-02  -2.06874926E-02
  -8.51816498E-03  -1.46017512E-02  -2.05584373E-02  -2.14755759E-02
  -8.52744840E-03  -1.52674634E-02  -2.12560464E-02  -2.22187694E-02
  -8.38994421E-03  -1.59186013E-02  -2.17050333E-02  -2.29902454E-02
  -8.24602693E-03  -1.62982363E-02  -2.21629292E-02  -2.37407386E-02
  -7.96367694E-03  -1.65814199E-02  -2.24723388E-02  -2.44142525E-02
  -7.71320984E-03  -1.68263130E-02  -2.28267219E-02  -2.49963757E-02
  -7.40406616E-03  -1.70066990E-02  -2.30611395E-02  -2.53732037E-02
  -7.10762059E-03  -1.72527954E-02  -2.31962893E-02  -2.57061180E-02
  -6.92543061E-03  -1.75317563E-02  -2.35904660E-02  -2.61587966E-02
  -6.71388488E-03  -1.77642349E-02  -2.40107831E-02  -2.64977310E-02
  -6.63997559E-03  -1.79864913E-02  -2.44778730E-02  -2.68811360E-02
  -6.64570928E-03  -1.83540713E-02  -2.50354111E-02  -2.74819843E-02
  -6.47970801E-03  -1.87088177E-02  -2.52432749E-02  -2.78251078E-02
  -6.31953590E-03  -1.90704297E-02  -2.54827365E-02  -2.82327682E-02
  -6.30572019E-03  -1.93765499E-02  -2.58936808E-02  -2.87886783E-02
  -6.38278946E-03  -1.97673924E-02  -2.63820775E-02  -2.93705501E-02
  -6.45417674E-03  -2.01949030E-02  -2.70043146E-02  -3.00135724E-02
  -6.61395816E-03  -2.07097717E-02  -2.77668517E-02  -3.06926146E-02
  -6.76588761E-03  -2.11858228E-02  -2.84395441E-02  -3.13294157E-02
  -7.02153565E-03  -2.18080245E-02  -2.92547047E-02  -3.22477967E-02
  -7.26282550E-03  -2.24243123E-02  -2.99811512E-02  -3.30454111E-02
  -7.48163508E-03  -2.29637101E-02  -3.06159500E-02  -3.36746424E-02
  -7.68697914E-03  -2.33644210E-02  -3.11459769E-02  -3.43565196E-02
  -7.86108244E-03  -2.37282999E-02  -3.15861888E-02  -3.47875655E-02
  -8.08013137E-03  -2.41988674E-02  -3.20753120E-02  -3.52835171E-02
  -8.31149705E-03  -2.46313717E-02  -3.25585045E-02  -3.57400514E-02
  -8.48380011E-03  -2.49839406E-02  -3.29294465E-02  -3.62682194E-02
  -8.67060758E-03  -2.55025197E-02  -3.34569886E-02  -3.68497707E-02
  -8.75367224E-03  -2.58939713E-02  -3.40177082E-02  -3.73411030E-02
  -8.81742127E-03  -2.62695160E-02  -3.45090926E-02  -3.80004682E-02
  -8.83148331E-03  -2.67294906E-02  -3.49887609E-02  -3.85088287E-02
  -8.86891689E-03  -2.71615479E-02  -3.55104692E-02  -3.89206000E-02
  -8.85782950E-03  -2.74985880E-02  -3.59060094E-02  -3.92355584E-02
  -8.82647932E-03  -2.78455745E-02  -3.63831446E-02  -3.97065692E-02
  -8.79966095E-03  -2.81502679E-02  -3.68101224E-02  -4.02346812E-02
  -8.82882811E-03  -2.86296383E-02  -3.73147018E-02  -4.09295820E-02
  -8.84060562E-03  -2.90749576E-02  -3.76471281E-02  -4.13820110E-02
  -8.82036518E-03  -2.94082034E-02  -3.79162356E-02  -4.17352952E-02
  -8.80434643E-03  -2.97076274E-02  -3.81399728E-02  -4.20461632E-02
  -8.73768702E-03  -2.99920570E-02  -3.83539945E-02  -4.22965996E-02
  -8.55840184E-03  -3.01571302E-02  -3.84589955E-02  -4.23451811E-02
  -8.29586014E-03  -3.02668288E-02  -3.84528004E-02  -4.22989912E-02
  -7.97023904E-03  -3.03438921E-02  -3.84974480E-02  -4.22255620E-02
  -7.66835129E-03  -3.04960907E-02  -3.85587476E-02  -4.21994440E-02
  -7.38231093E-03  -3.06657143E-02  -3.86461169E-02  -4.23323847E-02
  -7.04672141E-03  -3.07239816E-02  -3.85560282E-02  -4.24354486E-02
  -6.74817618E-03  -3.07545401E-02  -3.84850577E-02  -4.26166281E-02
  -6.45661447E-03  -3.07426285E-02  -3.83386873E-02  -4.27678414E-02
  -6.19174168E-03  -3.06441616E-02  -3.82013097E-02  -4.29320037E-02
  -5.90050220E-03  -3.05889137E-02  -3.80668566E-02  -4.31224890E-02
  -5.61661134E-03  -3.05439979E-02  -3.79087925E-02  -4.33377475E-02
  -5.37530705E-03  -3.06107085E-02  -3.78446616E-02  -4.36862297E-02
  -5.14454627E-03  -3.07165775E-02  -3.79578359E-02  -4.41422015E-02
  -4.89507243E-03  -3.07865553E-02  -3.80071104E-02  -4.45469022E-02
  -4.64031287E-03  -3.08861025E-02  -3.81097943E-02  -4.49225456E-02
  -4.36524302E-03  -3.09858173E-02  -3.82983275E-02  -4.54230495E-02
  -4.06917697E-03  -3.11868414E-02  -3.85482199E-02  -4.59059812E-02
  -3.76178906E-03  -3.13969851E-02  -3.88715602E-02  -4.63660099E-02
  -3.45615507E-03  -3.16873528E-02  -3.92304920E-02  -4.68033031E-02
  -3.17701441E-03  -3.18982601E-02  -3.95861901E-02  -4.72322740E-02
  -2.92473054E-03  -3.20791490E-02  -4.00020629E-02  -4.77103144E-02
  -2.64978805E-03  -3.22755612E-02  -4.04030308E-02  -4.81703281E-02
  -2.40177172E-03  -3.24454047E-02  -4.08302434E-02  -4.86308560E-02
  -2.20215344E-03  -3.26680951E-02  -4.13530096E-02  -4.91084792E-02
  -2.06417241E-03  -3.28784771E-02  -4.19819206E-02  -4.96788397E-02
  -1.85027544E-03  -3.29442881E-02  -4.23987620E-02  -5.01023121E-02
  -1.58626644E-03  -3.31414267E-02  -4.27807532E-02  -5.04362360E-02
  -1.30495848E-03  -3.33082266E-02  -4.31551188E-02  -5.08234575E-02
  -1.06398191E-03  -3.36532630E-02  -4.36531268E-02  -5.12836687E-02
  -8.87294998E-04  -3.40965092E-02  -4.41941433E-02  -5.18193804E-02
  -6.96563569E-04  -3.45338099E-02  -4.47542034E-02  -5.22536971E-02
  -5.67678362E-04  -3.50325815E-02  -4.54245061E-02  -5.28186113E-02
  -4.63816512E-04  -3.55492868E-02  -4.60006297E-02  -5.32462858E-02
  -3.56897246E-04  -3.60591821E-02  -4.65830080E-02  -5.36817461E-02
  -2.81521876E-04  -3.66221368E-02  -4.71956283E-02  -5.41152805E-02
  -2.03009185E-04  -3.71960737E-02  -4.78106886E-02  -5.46317585E-02
  -7.20251555E-05  -3.77021767E-02  -4.82833944E-02  -5.49969114E-02
   9.58270903E-05  -3.81243788E-02  -4.85816486E-02  -5.52515984E-02
   2.64237431E-04  -3.85576189E-02  -4.88859713E-02  -5.55545837E-02
   4.01449186E-04  -3.90682742E-02  -4.91730236E-02  -5.59112206E-02
   4.98244364E-04  -3.96435857E-02  -4.95565310E-02  -5.62429167E-02
   5.94320474E-04  -4.01264131E-02  -4.99345362E-02  -5.66191413E-02
   6.97686803E-04  -4.05407809E-02  -5.02878763E-02  -5.69712482E-02
   7.68467726E-04  -4.09397073E-02  -5.06444275E-02  -5.73969595E-02
   7.82144431E-04  -4.14533615E-02  -5.10988981E-02  -5.78873754E-02
   7.81352166E-04  -4.19897996E-02  -5.15973605E-02  -5.84204309E-02
   7.65696866E-04  -4.25051190E-02  -5.20681255E-02  -5.89690506E-02
   7.74600834E-04  -4.29918207E-02  -5.24807647E-02  -5.94487935E-02
   7.81275216E-04  -4.34176773E-02  -5.28279692E-02  -5.98526411E-02
   7.77504349E-04  -4.38543744E-02  -5.31668104E-02  -6.02152385E-02
   7.44918652E-04  -4.43274491E-02  -5.34659587E-02  -6.06249422E-02
   7.05504848E-04  -4.48170938E-02  -5.38108908E-02  -6.10074066E-02
   6.94662449E-04  -4.53013927E-02  -5.41710332E-02  -6.13702349E-02
   6.22319058E-04  -4.58758958E-02  -5.46203665E-02  -6.18735515E-02
   5.48833050E-04  -4.65205908E-02  -5.50860427E-02  -6.23556450E-02
   4.69743041E-04  -4.70908619E-02  -5.55476733E-02  -6.28903955E-02
   3.91868263E-04  -4.77023646E-02  -5.60360402E-02  -6.33792803E-02
   3.12327989E-04  -4.83446904E-02  -5.64666465E-02  -6.38330132E-02
   2.26349075E-04  -4.90121767E-02  -5.68828918E-02  -6.42150864E-02
   1.20914607E-04  -4.97271232E-02  -5.73263653E-02  -6.46365061E-02
   3.66389831E-05  -5.03623374E-02  -5.76544814E-02  -6.50270283E-02
   2.12661689E-06  -5.09021841E-02  -5.79027608E-02  -6.52961507E-02
  -7.46500082E-05  -5.14423251E-02  -5.81055060E-02  -6.56185895E-02
  -1.55463698E-04  -5.20461462E-02  -5.83310053E-02  -6.59493580E-02
  -2.48878147E-04  -5.26468568E-02  -5.86364567E-02  -6.63271323E-02
  -3.27738904E-04  -5.31758219E-02  -5.88548928E-02  -6.66455925E-02
  -3.98128701E-04  -5.36641516E-02  -5.90904579E-02  -6.69945553E-02
  -4.54122986E-04  -5.41282557E-02  -5.93229830E-02  -6.73646927E-02
  -5.12536033E-04  -5.45868054E-02  -5.95607013E-02  -6.76600710E-02
  -5.79105515E-04  -5.50296642E-02  -5.98083287E-02  -6.80373684E-02
  -6.19907456E-04  -5.54402024E-02  -5.99465184E-02  -6.83356598E-02
  -6.46878383E-04  -5.58361784E-02  -6.01249486E-02  -6.86112568E-02
  -7.31056789E-04  -5.62714003E-02  -6.03351444E-02  -6.89422116E-02
  -7.92421226E-04  -5.66494651E-02  -6.04658909E-02  -6.92608058E-02
  -8.56979168E-04  -5.70411012E-02  -6.06109500E-02  -6.95825145E-02
  -9.11788607E-04  -5.73882796E-02  -6.07127286E-02  -6.98275566E-02
  -9.22822044E-04  -5.76950237E-02  -6.08001985E-02  -7.00593814E-02
  -9.35395830E-04  -5.79649881E-02  -6.09236918E-02  -7.02702478E-02
  -9.70397727E-04  -5.83051592E-02  -6.10647462E-02  -7.05233440E-02
  -1.01217302E-03  -5.86874038E-02  -6.12845421E-02  -7.07749873E-02
  -1.06692582E-03  -5.90574667E-02  -6.15429506E-02  -7.10190758E-02
  -1.10681902E-03  -5.93910962E-02  -6.17489778E-02  -7.12862164E-02
  -1.11968850E-03  -5.96680939E-02  -6.19473495E-02  -7.15144128E-02
  -1.12367794E-03  -5.99912405E-02  -6.21683933E-02  -7.17648268E-02
  -1.12352357E-03  -6.02791533E-02  -6.23817593E-02  -7.19709694E-02
  -1.11841003E-03  -6.05281293E-02  -6.25421330E-02  -7.22033158E-02
  -1.09381718E-03  -6.07184134E-02  -6.27186000E-02  -7.24414811E-02
  -1.06295536E-03  -6.09619506E-02  -6.29489645E-02  -7.27836192E-02
  -1.02787442E-03  -6.12262487E-02  -6.31089583E-02  -7.31855556E-02
  -9.74516792E-04  -6.14857674E-02  -6.33168519E-02  -7.35600442E-02
  -9.21368191E-04  -6.17599860E-02  -6.34993091E-02  -7.38816336E-02
  -8.70968041E-04  -6.20954297E-02  -6.37364760E-02  -7.42428377E-02
  -8.28407763E-04  -6.24735691E-02  -6.39584586E-02  -7.46230707E-02
  -8.00732058E-04  -6.28131628E-02  -6.41429350E-02  -7.49459118E-02
  -7.83414696E-04  -6.32235035E-02  -6.43581003E-02  -7.53560364E-02
  -7.80245347E-04  -6.36160672E-02  -6.46067262E-02  -7.57377446E-02
  -7.77994108E-04  -6.40280843E-02  -6.48740605E-02  -7.61263445E-02
  -7.78310350E-04  -6.45495877E-02  -6.51766509E-02  -7.64648318E-02
  -8.14164290E-04  -6.50834218E-02  -6.55534118E-02  -7.68491402E-02
  -8.48239928E-04  -6.56071529E-02  -6.59349486E-02  -7.72130191E-02
  -8.88661772E-04  -6.61226362E-02  -6.62389621E-02  -7.75133148E-02
  -9.37687524E-04  -6.66551366E-02  -6.65194392E-02  -7.77702332E-02
  -1.00983155E-03  -6.71915784E-02  -6.67272136E-02  -7.80369639E-02
  -1.09642744E-03  -6.77392334E-02  -6.69415072E-02  -7.83045739E-02
  -1.18200469E-03  -6.82732314E-02  -6.71533048E-02  -7.85976499E-02
  -1.24650903E-03  -6.87505752E-02  -6.73401058E-02  -7.88720697E-02
  -1.28102454E-03  -6.91603124E-02  -6.75837547E-02  -7.91327655E-02
  -1.34769990E-03  -6.96140081E-02  -6.78388998E-02  -7.93789327E-02
  -1.44222355E-03  -7.01419637E-02  -6.81742802E-02  -7.96727017E-02
  -1.55623979E-03  -7.06713125E-02  -6.85090497E-02  -7.99904466E-02
  -1.68343831E-03  -7.12557882E-02  -6.87956959E-02  -8.02868903E-02
  -1.78854249E-03  -7.17996731E-02  -6.89914227E-02  -8.04908574E-02
  -1.87888986E-03  -7.22708106E-02  -6.91908225E-02  -8.06829780E-02
  -1.95705122E-03  -7.27333948E-02  -6.93316683E-02  -8.08728561E-02
  -2.04713154E-03  -7.31828883E-02  -6.95079714E-02  -8.10822621E-02
  -2.14447710E-03  -7.36928061E-02  -6.97548240E-02  -8.13147724E-02
  -2.23431899E-03  -7.41509870E-02  -6.99895546E-02  -8.15037116E-02
  -2.29832623E-03  -7.45208263E-02  -7.01883510E-02  -8.16453174E-02
  -2.36797472E-03  -7.48991445E-02  -7.04339519E-02  -8.18412155E-02
  -2.46608676E-03  -7.53031522E-02  -7.07146451E-02  -8.21015909E-02
  -2.53193476E-03  -7.57670626E-02  -7.09254518E-02  -8.23515281E-02
  -2.61431606E-03  -7.62734488E-02  -7.11506531E-02  -8.26632306E-02
  -2.66934442E-03  -7.67433792E-02  -7.13535324E-02  -8.29459727E-02
  -2.70360056E-03  -7.71447122E-02  -7.15234876E-02  -8.31855983E-02
  -2.71899207E-03  -7.75382817E-02  -7.17364624E-02  -8.34335834E-02
  -2.71323184E-03  -7.79380277E-02  -7.19940141E-02  -8.36934820E-02
  -2.69581284E-03  -7.82846212E-02  -7.22413436E-02  -8.39366838E-02
  -2.67726392E-03  -7.86186308E-02  -7.25259781E-02  -8.41954872E-02
  -2.63150805E-03  -7.89516717E-02  -7.27476254E-02  -8.44211206E-02
  -2.57426081E-03  -7.92886838E-02  -7.29444847E-02  -8.46595243E-02
  -2.54081748E-03  -7.96062499E-02  -7.31985345E-02  -8.49205106E-02
  -2.50860862E-03  -7.98637345E-02  -7.34066665E-02  -8.51523206E-02
  -2.47210101E-03  -8.00865367E-02  -7.35719502E-02  -8.53332654E-02
  -2.44720420E-03  -8.03686753E-02  -7.38050193E-02  -8.55632052E-02
  -2.42313999E-03  -8.06421638E-02  -7.40112662E-02  -8.57304558E-02
  -2.38276063E-03  -8.09419230E-02  -7.41944611E-02  -8.59039575E-02
  -2.35205283E-03  -8.12856108E-02  -7.43900761E-02  -8.60297978E-02
  -2.33161915E-03  -8.16485137E-02  -7.46283308E-02  -8.61611143E-02
  -2.28327001E-03  -8.20043832E-02  -7.48419613E-02  -8.62792507E-02
  -2.22315290E-03  -8.23757350E-02  -7.50875920E-02  -8.64266232E-02
  -2.13208352E-03  -8.26670676E-02  -7.52277151E-02  -8.64830688E-02
  -2.04761792E-03  -8.29402804E-02  -7.53985345E-02  -8.65638852E-02
  -1.97462109E-03  -8.32194090E-02  -7.55353943E-02  -8.66713002E-02
  -1.90878473E-03  -8.35062340E-02  -7.57216960E-02  -8.68033916E-02
  -1.84551498E-03  -8.37983638E-02  -7.58852810E-02  -8.69047269E-02
  -1.79260946E-03  -8.40858296E-02  -7.60195181E-02  -8.69761407E-02
  -1.77045830E-03  -8.43897611E-02  -7.61715248E-02  -8.70795026E-02
  -1.75370101E-03  -8.46526250E-02  -7.62842745E-02  -8.71888548E-02
  -1.74166868E-03  -8.48879814E-02  -7.64271542E-02  -8.73238519E-02
  -1.73063064E-03  -8.51223096E-02  -7.65893087E-02  -8.74211714E-02
  -1.69467297E-03  -8.53797346E-02  -7.67726973E-02  -8.75234306E-02
  -1.64726353E-03  -8.56208205E-02  -7.69866332E-02  -8.76707137E-02
  -1.61213917E-03  -8.58807117E-02  -7.72338063E-02  -8.78507271E-02
  -1.58550381E-03  -8.61411095E-02  -7.74927512E-02  -8.80322605E-02
  -1.55818614E-03  -8.64215419E-02  -7.77442902E-02  -8.82382169E-02
  -1.52092893E-03  -8.66956636E-02  -7.79589415E-02  -8.83826017E-02
  -1.48880645E-03  -8.69712085E-02  -7.82068446E-02  -8.85881558E-02
  -1.47508294E-03  -8.72757807E-02  -7.84782022E-02  -8.88436884E-02
  -1.47471158E-03  -8.75832886E-02  -7.87225366E-02  -8.90699700E-02
  -1.47866551E-03  -8.78793374E-02  -7.89413750E-02  -8.92837346E-02
  -1.46388717E-03  -8.81536752E-02  -7.91335627E-02  -8.94317999E-02
  -1.45054061E-03  -8.84408876E-02  -7.92923048E-02  -8.96153376E-02
  -1.45058252E-03  -8.87419507E-02  -7.95068890E-02  -8.97850245E-02
  -1.43913284E-03  -8.89900327E-02  -7.96624497E-02  -8.99174139E-02
  -1.44572393E-03  -8.92680809E-02  -7.98418745E-02  -9.00895894E-02
  -1.41518656E-03  -8.95312354E-02  -7.99737796E-02  -9.02213156E-02
  -1.38681789E-03  -8.97995085E-02  -8.01133811E-02  -9.03501734E-02
  -1.38223532E-03  -9.01243165E-02  -8.02880079E-02  -9.05214623E-02
  -1.38355116E-03  -9.04245451E-02  -8.04275125E-02  -9.06896442E-02
  -1.36988750E-03  -9.07138884E-02  -8.06050599E-02  -9.08891261E-02
  -1.34478242E-03  -9.10222456E-02  -8.07824284E-02  -9.10921618E-02
  -1.31458649E-03  -9.13288891E-02  -8.09732229E-02  -9.12718996E-02
  -1.27106986E-03  -9.16302949E-02  -8.11719075E-02  -9.15202945E-02
  -1.23458006E-03  -9.18996781E-02  -8.13686997E-02  -9.17245671E-02
  -1.20994996E-03  -9.22203287E-02  -8.16331133E-02  -9.19819474E-02
  -1.19841658E-03  -9.25272405E-02  -8.18649828E-02  -9.21718180E-02
  -1.20178657E-03  -9.28330421E-02  -8.20913017E-02  -9.23541412E-02
  -1.22202293E-03  -9.31561962E-02  -8.23220164E-02  -9.25662369E-02
  -1.24398957E-03  -9.35055465E-02  -8.25508237E-02  -9.27585661E-02
  -1.25865918E-03  -9.38948616E-02  -8.27670172E-02  -9.29883718E-02
  -1.27788878E-03  -9.42603424E-02  -8.29730183E-02  -9.32315364E-02
  -1.27992651E-03  -9.46226269E-02  -8.31353366E-02  -9.35043544E-02
  -1.29091484E-03  -9.49782655E-02  -8.33052173E-02  -9.38107371E-02
  -1.31524797E-03  -9.53139886E-02  -8.34489688E-02  -9.40584093E-02
  -1.33477582E-03  -9.56358314E-02  -8.36018845E-02  -9.42734480E-02
  -1.37629092E-03  -9.59706083E-02  -8.38212147E-02  -9.45547968E-02
  -1.42496731E-03  -9.62906107E-02  -8.40381980E-02  -9.47897285E-02
  -1.48691039E-03  -9.66074243E-02  -8.42846707E-02  -9.50471908E-02
  -1.57328777E-03  -9.69916135E-02  -8.45397040E-02  -9.53409225E-02
  -1.64483709E-03  -9.73301753E-02  -8.47609416E-02  -9.56105664E-02
  -1.70815364E-03  -9.76439044E-02  -8.49980712E-02  -9.58653763E-02
  -1.76860823E-03  -9.79235768E-02  -8.52227807E-02  -9.61240008E-02
  -1.83903542E-03  -9.82536376E-02  -8.54586288E-02  -9.64159817E-02
  -1.89452362E-03  -9.85584557E-02  -8.56956914E-02  -9.66791734E-02
  -1.97042502E-03  -9.89101380E-02  -8.59501436E-02  -9.69824046E-02
  -2.04298878E-03  -9.92540717E-02  -8.61910880E-02  -9.72962528E-02
  -2.10297666E-03  -9.96045321E-02  -8.64380449E-02  -9.75680873E-02
  -2.16469425E-03  -9.99099985E-02  -8.66850615E-02  -9.78318676E-02
  -2.23972998E-03 -0.100221790      -8.69398788E-02  -9.81167629E-02
  -2.29486986E-03 -0.100489311      -8.71664435E-02  -9.83266011E-02
  -2.35231104E-03 -0.100732647      -8.73997435E-02  -9.85532552E-02
  -2.39622174E-03 -0.100986965      -8.75947848E-02  -9.87171903E-02
  -2.43122084E-03 -0.101212449      -8.77998620E-02  -9.88812149E-02
  -2.47058435E-03 -0.101441197      -8.79815370E-02  -9.90492105E-02
  -2.50132382E-03 -0.101679713      -8.81279036E-02  -9.92106795E-02
  -2.53235409E-03 -0.101931646      -8.82728547E-02  -9.93886366E-02
  -2.54833931E-03 -0.102195129      -8.84277076E-02  -9.95599031E-02
  -2.56357365E-03 -0.102494292      -8.86048600E-02  -9.97711197E-02
  -2.57125241E-03 -0.102795109      -8.87735412E-02  -9.99594331E-02
  -2.61484622E-03 -0.103110418      -8.89971554E-02 -0.100199223    
  -2.67699594E-03 -0.103452921      -8.92189890E-02 -0.100466155    
  -2.73539545E-03 -0.103762053      -8.93792659E-02 -0.100707971    
  -2.78672809E-03 -0.104052611      -8.95215720E-02 -0.100927286    
  -2.84297462E-03 -0.104380980      -8.97079259E-02 -0.101151079    
  -2.89197569E-03 -0.104688801      -8.98904353E-02 -0.101350017    
  -2.92357570E-03 -0.104993805      -9.00555104E-02 -0.101537824    
  -2.94110249E-03 -0.105299361      -9.01868194E-02 -0.101687267    
  -2.95168208E-03 -0.105577700      -9.02618021E-02 -0.101804860    
  -2.97082728E-03 -0.105889171      -9.04291421E-02 -0.101987131    
  -2.98354216E-03 -0.106191866      -9.06305984E-02 -0.102142386    
  -2.98949983E-03 -0.106471181      -9.08019096E-02 -0.102264613    
  -2.99475109E-03 -0.106749438      -9.09802541E-02 -0.102396317    
  -2.99482420E-03 -0.107015945      -9.11549330E-02 -0.102521174    
  -2.99641001E-03 -0.107286207      -9.13299322E-02 -0.102635063    
  -2.98939086E-03 -0.107575931      -9.15032551E-02 -0.102777325    
  -2.98444764E-03 -0.107844174      -9.16690975E-02 -0.102933690    
  -2.98447162E-03 -0.108090095      -9.18080509E-02 -0.103079885    
  -2.98012351E-03 -0.108361788      -9.19973403E-02 -0.103232257    
  -2.96154944E-03 -0.108620621      -9.21339467E-02 -0.103388242    
  -2.94501195E-03 -0.108884990      -9.22592133E-02 -0.103539646    
  -2.91420333E-03 -0.109165519      -9.23759267E-02 -0.103680216    
  -2.88188201E-03 -0.109428473      -9.24671143E-02 -0.103816122    
  -2.84774275E-03 -0.109694220      -9.25520211E-02 -0.103948370    
  -2.80129677E-03 -0.109928891      -9.25857350E-02 -0.104066886    
  -2.73896591E-03 -0.110174417      -9.26529542E-02 -0.104219288    
  -2.68189656E-03 -0.110412940      -9.27527547E-02 -0.104359895    
  -2.63040070E-03 -0.110638455      -9.28383544E-02 -0.104511976    
  -2.58127553E-03 -0.110894725      -9.29823220E-02 -0.104684211    
  -2.53343326E-03 -0.111147612      -9.30878744E-02 -0.104812279    
  -2.48591066E-03 -0.111413382      -9.32200179E-02 -0.104950354    
  -2.44446658E-03 -0.111688614      -9.33528021E-02 -0.105102621    
  -2.40423577E-03 -0.111960076      -9.34907272E-02 -0.105269223    
  -2.35104980E-03 -0.112188518      -9.36091393E-02 -0.105428651    
  -2.29512854E-03 -0.112424649      -9.37138274E-02 -0.105568670    
  -2.23676953E-03 -0.112649195      -9.37784091E-02 -0.105660096    
  -2.18871958E-03 -0.112884700      -9.38524231E-02 -0.105727471    
  -2.15537939E-03 -0.113141268      -9.39239115E-02 -0.105838768    
  -2.12524622E-03 -0.113410428      -9.40269828E-02 -0.106005952    
  -2.08553206E-03 -0.113675185      -9.41444635E-02 -0.106190525    
  -2.03880179E-03 -0.113966271      -9.42618400E-02 -0.106359854    
  -1.98061462E-03 -0.114240468      -9.43328813E-02 -0.106503397    
  -1.93078746E-03 -0.114527397      -9.44186896E-02 -0.106654331    
  -1.86265493E-03 -0.114806354      -9.45045277E-02 -0.106782459    
  -1.77607872E-03 -0.115048096      -9.45893005E-02 -0.106898680    
  -1.68324180E-03 -0.115323864      -9.46776420E-02 -0.107025899    
  -1.60203141E-03 -0.115607232      -9.47628096E-02 -0.107132301    
  -1.51078752E-03 -0.115897335      -9.48461294E-02 -0.107245564    
  -1.43094396E-03 -0.116210110      -9.49622691E-02 -0.107387312    
  -1.37228495E-03 -0.116523139      -9.50868428E-02 -0.107543670    
  -1.30907074E-03 -0.116837434      -9.52062979E-02 -0.107689247    
  -1.24382030E-03 -0.117137894      -9.53135416E-02 -0.107800364    
  -1.17866520E-03 -0.117456138      -9.54699665E-02 -0.107923664    
  -1.10295811E-03 -0.117741324      -9.55896154E-02 -0.108057164    
  -1.02603692E-03 -0.118008927      -9.56883505E-02 -0.108219765    
  -9.43039311E-04 -0.118268587      -9.58155692E-02 -0.108404674    
  -8.60659638E-04 -0.118518047      -9.59427953E-02 -0.108578645    
  -7.68180413E-04 -0.118752465      -9.60465893E-02 -0.108709246    
  -6.77881239E-04 -0.118982360      -9.61546674E-02 -0.108850546    
  -5.77243685E-04 -0.119195051      -9.62860659E-02 -0.108995155    
  -4.88314196E-04 -0.119441248      -9.64116901E-02 -0.109144963    
  -4.10373526E-04 -0.119691864      -9.65514481E-02 -0.109288469    
  -3.27630958E-04 -0.119908810      -9.66655836E-02 -0.109420151    
  -2.43513612E-04 -0.120141767      -9.68078971E-02 -0.109565631    
  -1.62682030E-04 -0.120420814      -9.69839692E-02 -0.109722614    
  -8.00899361E-05 -0.120725155      -9.71588716E-02 -0.109886028    
   1.32485366E-06 -0.121024229      -9.72945765E-02 -0.110018328    
   8.49824501E-05 -0.121319577      -9.74653959E-02 -0.110185549    
   1.49491869E-04 -0.121641174      -9.76610333E-02 -0.110368900    
   2.13638108E-04 -0.121959478      -9.78610292E-02 -0.110546015    
   2.70070974E-04 -0.122282915      -9.80514213E-02 -0.110726282    
   3.15816171E-04 -0.122608691      -9.82688069E-02 -0.110915840    
   3.64460138E-04 -0.122918233      -9.84760076E-02 -0.111072302    
   4.19296237E-04 -0.123194300      -9.86751616E-02 -0.111222968    
   4.86336357E-04 -0.123442337      -9.88437161E-02 -0.111362308    
   5.55313949E-04 -0.123646796      -9.89748985E-02 -0.111462079    
   6.36092736E-04 -0.123834997      -9.91234779E-02 -0.111534186    
   7.23842939E-04 -0.124016240      -9.92769897E-02 -0.111627214    
   8.06193042E-04 -0.124200568      -9.94222388E-02 -0.111717492    
   8.92369833E-04 -0.124366775      -9.95168984E-02 -0.111796409    
   9.78420489E-04 -0.124545552      -9.96208712E-02 -0.111866608    
   1.04850915E-03 -0.124767765      -9.98142138E-02 -0.111985281    
   1.12819299E-03 -0.125001520     -0.100015976     -0.112121060    
   1.21706841E-03 -0.125229016     -0.100205936     -0.112241104    
   1.30697154E-03 -0.125455737     -0.100384898     -0.112349167    
   1.40676810E-03 -0.125682816     -0.100546472     -0.112421595    
   1.50520063E-03 -0.125885338     -0.100698024     -0.112474374    
   1.61397096E-03 -0.126101792     -0.100863524     -0.112521268    
   1.72823051E-03 -0.126315832     -0.101017945     -0.112602204    
   1.84020936E-03 -0.126531407     -0.101217583     -0.112714052    
   1.94856839E-03 -0.126749635     -0.101414956     -0.112822063    
   2.06382433E-03 -0.126935288     -0.101598613     -0.112944387    
   2.17594602E-03 -0.127080664     -0.101757020     -0.113038741    
   2.28860136E-03 -0.127221361     -0.101915956     -0.113155924    
   2.41131289E-03 -0.127316460     -0.102059864     -0.113242537    
   2.52936501E-03 -0.127396107     -0.102161929     -0.113288514    
   2.63776002E-03 -0.127496764     -0.102332748     -0.113396429    
   2.72948295E-03 -0.127629086     -0.102516703     -0.113531433    
   2.82642012E-03 -0.127777368     -0.102685146     -0.113645114    
   2.92695733E-03 -0.127932623     -0.102832079     -0.113735043    
   3.02328472E-03 -0.128094554     -0.102982141     -0.113845035    
   3.11821396E-03 -0.128240824     -0.103127629     -0.113944732    
   3.22187203E-03 -0.128380895     -0.103271395     -0.114050828    
   3.32696526E-03 -0.128534809     -0.103436410     -0.114196308    
   3.42748873E-03 -0.128692433     -0.103586003     -0.114317872    
   3.53785232E-03 -0.128834888     -0.103743032     -0.114449576    
   3.64825525E-03 -0.128996477     -0.103896797     -0.114583492    
   3.76675674E-03 -0.129177019     -0.104074702     -0.114721879    
   3.88011895E-03 -0.129387021     -0.104299642     -0.114882573    
   3.98567179E-03 -0.129626200     -0.104558222     -0.115060553    
   4.08200175E-03 -0.129918203     -0.104841292     -0.115239136    
   4.18020459E-03 -0.130214572     -0.105111927     -0.115412042    
   4.28712042E-03 -0.130489171     -0.105334885     -0.115563214    
   4.39426582E-03 -0.130770281     -0.105556317     -0.115725033    
   4.50793793E-03 -0.131013632     -0.105752848     -0.115834914    
   4.62588063E-03 -0.131208107     -0.105910175     -0.115931056    
   4.74336604E-03 -0.131388187     -0.106090039     -0.116069518    
   4.85127792E-03 -0.131589264     -0.106283359     -0.116225027    
   4.95048612E-03 -0.131809011     -0.106518269     -0.116422877    
   5.04557509E-03 -0.132041588     -0.106719181     -0.116565660    
   5.15139196E-03 -0.132239938     -0.106900141     -0.116694756    
   5.26893046E-03 -0.132433772     -0.107077092     -0.116828784    
   5.39259519E-03 -0.132644460     -0.107242875     -0.116945289    
   5.52058732E-03 -0.132843152     -0.107437178     -0.117066219    
   5.63558843E-03 -0.133053362     -0.107654274     -0.117213853    
   5.76248392E-03 -0.133240893     -0.107862815     -0.117361329    
   5.88904787E-03 -0.133429393     -0.108064815     -0.117501847    
   6.00530719E-03 -0.133641377     -0.108264685     -0.117661633    
   6.12385664E-03 -0.133857042     -0.108472079     -0.117831305    
   6.24237396E-03 -0.134065628     -0.108665951     -0.118009411    
   6.35522977E-03 -0.134273022     -0.108871371     -0.118199162    
   6.46788254E-03 -0.134489894     -0.109089106     -0.118420452    
   6.58250460E-03 -0.134702519     -0.109308355     -0.118616618    
   6.70438819E-03 -0.134879172     -0.109508991     -0.118805848    
   6.80931192E-03 -0.135083094     -0.109729804     -0.118991643    
   6.91133225E-03 -0.135295138     -0.109954514     -0.119171306    
   7.00275600E-03 -0.135534048     -0.110177495     -0.119348206    
   7.09598372E-03 -0.135822043     -0.110418588     -0.119512834    
   7.18625821E-03 -0.136109933     -0.110646553     -0.119693920    
   7.28674093E-03 -0.136385038     -0.110882074     -0.119855344    
   7.37984246E-03 -0.136673242     -0.111093469     -0.119998299    
   7.46991858E-03 -0.136958539     -0.111286253     -0.120114625    
   7.56315747E-03 -0.137229875     -0.111467488     -0.120215513    
   7.66209979E-03 -0.137508482     -0.111657396     -0.120324686    
   7.76213408E-03 -0.137793481     -0.111872561     -0.120443895    
   7.86742382E-03 -0.138053283     -0.112043440     -0.120523445    
   7.98349362E-03 -0.138296187     -0.112173498     -0.120580189    
   8.10931437E-03 -0.138557419     -0.112281919     -0.120621480    
   8.23722128E-03 -0.138816625     -0.112378724     -0.120672688    
   8.36390536E-03 -0.139083654     -0.112506285     -0.120738454    
   8.49522278E-03 -0.139362931     -0.112642154     -0.120811969    
   8.61542393E-03 -0.139650449     -0.112796389     -0.120907895    
   8.72950628E-03 -0.139917120     -0.112941004     -0.121005990    
   8.82832892E-03 -0.140195668     -0.113086216     -0.121125087    
   8.91147554E-03 -0.140511304     -0.113237761     -0.121255644    
   8.98880605E-03 -0.140818223     -0.113378115     -0.121417977    
   9.06766858E-03 -0.141149253     -0.113510154     -0.121561937    
   9.13692452E-03 -0.141500100     -0.113633625     -0.121698767    
   9.21687111E-03 -0.141811684     -0.113733262     -0.121826604    
   9.29826498E-03 -0.142099470     -0.113825813     -0.121940114    
   9.38004069E-03 -0.142360434     -0.113871984     -0.122004308    
   9.46320780E-03 -0.142641723     -0.113949016     -0.122097597    
   9.54326149E-03 -0.142941356     -0.114067487     -0.122233853    
   9.62292030E-03 -0.143248186     -0.114186838     -0.122363113    
   9.69245564E-03 -0.143586487     -0.114330992     -0.122504950    
   9.77212097E-03 -0.143880680     -0.114451952     -0.122618191    
   9.86061338E-03 -0.144149080     -0.114539012     -0.122691296    
   9.93855670E-03 -0.144431829     -0.114642851     -0.122799054    
   1.00085698E-02 -0.144737050     -0.114747941     -0.122900881    
   1.00662420E-02 -0.145065784     -0.114843696     -0.123000011    
   1.01335710E-02 -0.145387590     -0.114930548     -0.123071820    
   1.01996940E-02 -0.145707026     -0.115017593     -0.123154625    
   1.02634002E-02 -0.145993918     -0.115103312     -0.123237230    
   1.03265075E-02 -0.146266267     -0.115210891     -0.123329021    
   1.03946961E-02 -0.146539792     -0.115310207     -0.123399228    
   1.04630925E-02 -0.146809772     -0.115402885     -0.123463087    
   1.05216764E-02 -0.147102073     -0.115522310     -0.123546563    
   1.05764065E-02 -0.147392124     -0.115625001     -0.123634703    
   1.06318127E-02 -0.147684231     -0.115707226     -0.123709552    
   1.06792478E-02 -0.147987977     -0.115793258     -0.123811297    
   1.07228886E-02 -0.148282692     -0.115892351     -0.123908266    
   1.07676974E-02 -0.148580000     -0.116002992     -0.123997793    
   1.08139561E-02 -0.148874357     -0.116088830     -0.124083892    
   1.08661018E-02 -0.149147302     -0.116149776     -0.124139152    
   1.09165991E-02 -0.149401531     -0.116206571     -0.124198332    
   1.09788841E-02 -0.149654150     -0.116267368     -0.124277189    
   1.10408338E-02 -0.149883032     -0.116305023     -0.124326706    
   1.11057693E-02 -0.150120437     -0.116341665     -0.124369226    
   1.11672943E-02 -0.150352716     -0.116381541     -0.124419548    
   1.12218745E-02 -0.150589883     -0.116453737     -0.124500878    
   1.12752579E-02 -0.150850758     -0.116543420     -0.124586120    
   1.13304378E-02 -0.151107669     -0.116604790     -0.124674886    
   1.13790557E-02 -0.151384160     -0.116675131     -0.124768540    
   1.14290724E-02 -0.151657745     -0.116740905     -0.124862045    
   1.14772394E-02 -0.151934251     -0.116794430     -0.124956742    
   1.15285991E-02 -0.152218387     -0.116858035     -0.125054002    
   1.15853529E-02 -0.152473241     -0.116912901     -0.125128210    
   1.16396453E-02 -0.152716815     -0.116965488     -0.125196189    
   1.16855912E-02 -0.152966216     -0.117033288     -0.125288963    
   1.17208809E-02 -0.153236553     -0.117103219     -0.125387862    
   1.17509393E-02 -0.153520569     -0.117198221     -0.125511080    
   1.17975492E-02 -0.153772622     -0.117279172     -0.125606909    
   1.18378941E-02 -0.154027015     -0.117396563     -0.125724211    
   1.18672308E-02 -0.154289290     -0.117537849     -0.125854373    
   1.19059253E-02 -0.154516473     -0.117645256     -0.125929743    
   1.19457133E-02 -0.154750839     -0.117758073     -0.126014084    
   1.19867409E-02 -0.154984355     -0.117869049     -0.126079634    
   1.20298024E-02 -0.155193299     -0.117944658     -0.126118317    
   1.20783700E-02 -0.155391127     -0.118014172     -0.126159698    
   1.21179987E-02 -0.155622736     -0.118103690     -0.126216978    
   1.21582868E-02 -0.155844137     -0.118190646     -0.126283184    
   1.22049982E-02 -0.156069711     -0.118275292     -0.126364902    
   1.22494800E-02 -0.156285077     -0.118346594     -0.126450643    
   1.22966105E-02 -0.156515375     -0.118435726     -0.126545087    
   1.23477597E-02 -0.156737536     -0.118523777     -0.126628011    
   1.23877740E-02 -0.156949356     -0.118616216     -0.126718655    
   1.24195917E-02 -0.157172263     -0.118701234     -0.126815125    
   1.24494815E-02 -0.157414213     -0.118809141     -0.126907423    
   1.24777528E-02 -0.157673985     -0.118937828     -0.127019510    
   1.25028808E-02 -0.157920703     -0.119053587     -0.127127990    
   1.25382375E-02 -0.158179328     -0.119168147     -0.127243161    
   1.25724664E-02 -0.158453688     -0.119280271     -0.127367705    
   1.26057621E-02 -0.158712819     -0.119377702     -0.127484143    
   1.26364203E-02 -0.158959344     -0.119439788     -0.127582267    
   1.26724215E-02 -0.159166306     -0.119482011     -0.127687201    
   1.26936464E-02 -0.159378678     -0.119568922     -0.127807632    
   1.27149783E-02 -0.159597576     -0.119661450     -0.127928823    
   1.27328103E-02 -0.159833476     -0.119769238     -0.128069058    
   1.27411867E-02 -0.160076171     -0.119889379     -0.128205985    
   1.27457278E-02 -0.160304591     -0.120012484     -0.128315687    
   1.27478149E-02 -0.160528764     -0.120136030     -0.128407359    
   1.27531001E-02 -0.160746992     -0.120259680     -0.128491521    
   1.27454139E-02 -0.160969928     -0.120352559     -0.128574520    
   1.27455108E-02 -0.161160901     -0.120412663     -0.128627852    
   1.27455126E-02 -0.161353052     -0.120483190     -0.128681511    
   1.27446875E-02 -0.161553502     -0.120531082     -0.128725827    
   1.27481911E-02 -0.161746457     -0.120584488     -0.128774345    
   1.27506917E-02 -0.161928445     -0.120645635     -0.128830671    
   1.27460258E-02 -0.162117317     -0.120723590     -0.128909096    
   1.27449902E-02 -0.162300378     -0.120783485     -0.128966540    
   1.27444658E-02 -0.162482008     -0.120829701     -0.129010379    
   1.27536915E-02 -0.162629887     -0.120888881     -0.129065067    
   1.27598690E-02 -0.162805617     -0.120952420     -0.129107118    
   1.27646280E-02 -0.163013354     -0.121034630     -0.129144445    
   1.27644530E-02 -0.163223654     -0.121093243     -0.129176289    
   1.27647845E-02 -0.163441136     -0.121167921     -0.129206836    
   1.27657503E-02 -0.163680360     -0.121270820     -0.129262477    
   1.27617521E-02 -0.163917050     -0.121372186     -0.129327610    
   1.27461832E-02 -0.164188340     -0.121498801     -0.129418314    
   1.27339624E-02 -0.164446160     -0.121613838     -0.129518926    
   1.27312997E-02 -0.164683238     -0.121708982     -0.129598454    
   1.27228675E-02 -0.164927885     -0.121803567     -0.129696846    
   1.27164749E-02 -0.165186718     -0.121895522     -0.129804045    
   1.27139362E-02 -0.165434644     -0.121976249     -0.129895121    
   1.27079301E-02 -0.165682301     -0.122064508     -0.129988775    
   1.26988804E-02 -0.165934101     -0.122150272     -0.130099013    
   1.26787871E-02 -0.166187569     -0.122265644     -0.130220145    
   1.26672508E-02 -0.166448653     -0.122387521     -0.130349234    
   1.26399957E-02 -0.166727632     -0.122517809     -0.130494535    
   1.26194768E-02 -0.167009041     -0.122615345     -0.130610198    
   1.25966594E-02 -0.167304426     -0.122719720     -0.130718142    
   1.25833871E-02 -0.167598635     -0.122804180     -0.130804613    
   1.25697805E-02 -0.167895511     -0.122902036     -0.130896062    
   1.25559866E-02 -0.168209970     -0.123005956     -0.130990565    
   1.25491554E-02 -0.168476850     -0.123072676     -0.131046653    
   1.25438152E-02 -0.168761030     -0.123145416     -0.131117731    
   1.25369960E-02 -0.169033960     -0.123240188     -0.131204411    
   1.25256507E-02 -0.169294402     -0.123338796     -0.131305531    
   1.25221787E-02 -0.169532403     -0.123410344     -0.131373346    
   1.25221880E-02 -0.169758201     -0.123446077     -0.131410539    
   1.25147756E-02 -0.169964910     -0.123491488     -0.131460324    
   1.25081455E-02 -0.170176223     -0.123537689     -0.131517127    
   1.25106806E-02 -0.170362115     -0.123566888     -0.131550387    
   1.25257019E-02 -0.170544431     -0.123590343     -0.131567717    
   1.25447819E-02 -0.170716166     -0.123609520     -0.131564617    
   1.25662386E-02 -0.170869768     -0.123622298     -0.131563261    
   1.25924721E-02 -0.171018437     -0.123626463     -0.131568953    
   1.26313176E-02 -0.171146452     -0.123608641     -0.131552741    
   1.26663074E-02 -0.171282813     -0.123607457     -0.131545171    
   1.26949428E-02 -0.171427861     -0.123628296     -0.131560951    
   1.27246520E-02 -0.171576247     -0.123659588     -0.131577983    
   1.27578266E-02 -0.171703875     -0.123685114     -0.131588861    
   1.27840703E-02 -0.171844855     -0.123732291     -0.131616488    
   1.28107136E-02 -0.171978146     -0.123768337     -0.131646767    
   1.28385937E-02 -0.172114193     -0.123805337     -0.131674543    
   1.28732827E-02 -0.172232002     -0.123848297     -0.131698534    
   1.29126608E-02 -0.172335282     -0.123894729     -0.131719679    
   1.29387891E-02 -0.172452688     -0.123973638     -0.131776795    
   1.29720271E-02 -0.172569230     -0.124039270     -0.131819576    
   1.30118886E-02 -0.172694325     -0.124118514     -0.131876379    
   1.30444542E-02 -0.172848672     -0.124211699     -0.131943077    
   1.30720921E-02 -0.173042431     -0.124293253     -0.132019892    
   1.31058590E-02 -0.173216417     -0.124372780     -0.132107422    
   1.31350830E-02 -0.173385426     -0.124442644     -0.132179379    
   1.31737115E-02 -0.173537612     -0.124500223     -0.132238150    
   1.31983608E-02 -0.173701704     -0.124581225     -0.132335171    
   1.32249091E-02 -0.173881546     -0.124662176     -0.132418588    
   1.32482005E-02 -0.174058318     -0.124735750     -0.132484928    
   1.32677723E-02 -0.174245030     -0.124831453     -0.132542431    
   1.32941678E-02 -0.174440667     -0.124943584     -0.132601917    
   1.33213773E-02 -0.174625352     -0.125037640     -0.132652342    
   1.33477161E-02 -0.174797103     -0.125121027     -0.132696643    
   1.33653423E-02 -0.174992830     -0.125233844     -0.132774830    
   1.33882258E-02 -0.175197527     -0.125346616     -0.132854521    
   1.33993588E-02 -0.175421730     -0.125489831     -0.132960826    
   1.34041728E-02 -0.175638258     -0.125636324     -0.133069590    
   1.34052970E-02 -0.175862402     -0.125760928     -0.133184999    
   1.34109808E-02 -0.176078752     -0.125866637     -0.133289084    
   1.34192118E-02 -0.176279902     -0.125952423     -0.133362696    
   1.34245800E-02 -0.176498905     -0.126041844     -0.133440226    
   1.34399710E-02 -0.176706374     -0.126141042     -0.133505702    
   1.34631125E-02 -0.176884800     -0.126229465     -0.133567721    
   1.34863900E-02 -0.177053526     -0.126330405     -0.133630484    
   1.35105513E-02 -0.177222535     -0.126426250     -0.133688048    
   1.35294488E-02 -0.177390069     -0.126501128     -0.133730307    
   1.35440836E-02 -0.177571237     -0.126577839     -0.133786097    
   1.35538457E-02 -0.177765936     -0.126677006     -0.133848548    
   1.35667091E-02 -0.177945495     -0.126768902     -0.133894488    
   1.35770626E-02 -0.178135619     -0.126872167     -0.133958817    
   1.35846930E-02 -0.178341851     -0.126974717     -0.134026185    
   1.36056794E-02 -0.178542584     -0.127077222     -0.134093091    
   1.36274248E-02 -0.178746209     -0.127174944     -0.134150028    
   1.36454962E-02 -0.178950801     -0.127302438     -0.134228602    
   1.36549873E-02 -0.179140717     -0.127409846     -0.134293869    
   1.36652123E-02 -0.179331422     -0.127515405     -0.134371728    
   1.36720678E-02 -0.179520294     -0.127620563     -0.134463727    
   1.36738960E-02 -0.179717839     -0.127717063     -0.134576738    
   1.36780376E-02 -0.179898202     -0.127803952     -0.134698391    
   1.36772254E-02 -0.180105269     -0.127910465     -0.134831369    
   1.36726703E-02 -0.180314019     -0.128027573     -0.134964958    
   1.36691220E-02 -0.180506289     -0.128142118     -0.135074317    
   1.36687411E-02 -0.180714607     -0.128269687     -0.135184929    
   1.36689050E-02 -0.180916771     -0.128383011     -0.135284871    
   1.36727300E-02 -0.181094453     -0.128475100     -0.135375157    
   1.36777246E-02 -0.181291655     -0.128575802     -0.135482460    
   1.36804702E-02 -0.181503743     -0.128657833     -0.135566428    
   1.36860423E-02 -0.181712434     -0.128730252     -0.135652140    
   1.37024345E-02 -0.181916595     -0.128798991     -0.135739610    
   1.37148583E-02 -0.182135701     -0.128858969     -0.135823816    
   1.37303825E-02 -0.182340235     -0.128908753     -0.135900185    
   1.37422979E-02 -0.182549447     -0.128987029     -0.135989919    
   1.37519808E-02 -0.182728946     -0.129070908     -0.136087686    
   1.37693696E-02 -0.182893574     -0.129133791     -0.136174545    
   1.37807550E-02 -0.183051646     -0.129193246     -0.136253342    
   1.37885939E-02 -0.183220103     -0.129272580     -0.136336848    
   1.37990760E-02 -0.183379561     -0.129351571     -0.136412859    
   1.38110444E-02 -0.183554560     -0.129440188     -0.136496454    
   1.38248578E-02 -0.183720574     -0.129524395     -0.136580542    
   1.38347587E-02 -0.183877587     -0.129601225     -0.136643291    
   1.38514172E-02 -0.184032410     -0.129672825     -0.136690915    
   1.38644706E-02 -0.184170336     -0.129717410     -0.136735320    
   1.38750421E-02 -0.184316993     -0.129750386     -0.136763349    
   1.38820391E-02 -0.184472635     -0.129803225     -0.136805013    
   1.38897505E-02 -0.184623823     -0.129855618     -0.136838496    
   1.38876094E-02 -0.184794024     -0.129909262     -0.136904791    
   1.38826920E-02 -0.184964731     -0.129970178     -0.136980921    
   1.38734328E-02 -0.185137168     -0.130031854     -0.137069523    
   1.38584785E-02 -0.185339093     -0.130121261     -0.137166381    
   1.38413180E-02 -0.185537010     -0.130184412     -0.137251496    
   1.38243344E-02 -0.185727894     -0.130236775     -0.137316853    
   1.38096577E-02 -0.185925931     -0.130299330     -0.137402967    
   1.37967570E-02 -0.186149731     -0.130379766     -0.137496337    
   1.37911225E-02 -0.186374575     -0.130463660     -0.137583286    
   1.37875080E-02 -0.186600015     -0.130528718     -0.137656376    
   1.37812216E-02 -0.186824203     -0.130596265     -0.137742564    
   1.37686394E-02 -0.187052816     -0.130666122     -0.137814149    
   1.37599278E-02 -0.187275127     -0.130736381     -0.137880862    
   1.37568824E-02 -0.187480390     -0.130790398     -0.137941793    
   1.37529168E-02 -0.187669978     -0.130832657     -0.137991086    
   1.37528675E-02 -0.187867060     -0.130866542     -0.138022229    
   1.37500446E-02 -0.188054517     -0.130902439     -0.138064519    
   1.37388213E-02 -0.188243449     -0.130954385     -0.138129771    
   1.37289213E-02 -0.188431472     -0.130997062     -0.138185874    
   1.37323346E-02 -0.188615322     -0.131015718     -0.138221532    
   1.37290563E-02 -0.188796714     -0.131049618     -0.138266861    
   1.37334187E-02 -0.188987836     -0.131081775     -0.138323411    
   1.37424823E-02 -0.189179584     -0.131079927     -0.138365194    
   1.37486290E-02 -0.189370140     -0.131068170     -0.138403326    
   1.37567110E-02 -0.189559281     -0.131065428     -0.138442978    
   1.37626324E-02 -0.189751580     -0.131067857     -0.138475463    
   1.37689160E-02 -0.189957500     -0.131098285     -0.138527274    
   1.37828179E-02 -0.190159425     -0.131115243     -0.138580486    
   1.37931295E-02 -0.190363660     -0.131171823     -0.138669699    
   1.38008567E-02 -0.190551445     -0.131230742     -0.138759077    
   1.38123566E-02 -0.190738305     -0.131294921     -0.138846889    
   1.38238100E-02 -0.190915942     -0.131347492     -0.138916641    
   1.38308248E-02 -0.191105500     -0.131402746     -0.139003232    
   1.38396164E-02 -0.191278011     -0.131459355     -0.139069006    
   1.38573572E-02 -0.191442996     -0.131527230     -0.139119476    
   1.38673717E-02 -0.191619530     -0.131611094     -0.139188483    
   1.38801998E-02 -0.191776410     -0.131704599     -0.139275610    
   1.38871633E-02 -0.191934079     -0.131794676     -0.139351711    
   1.38943121E-02 -0.192098603     -0.131900772     -0.139443845    
   1.38940038E-02 -0.192257300     -0.132010043     -0.139532372    
   1.38838803E-02 -0.192460135     -0.132160380     -0.139657602    
   1.38705960E-02 -0.192687854     -0.132333174     -0.139779881    
   1.38475308E-02 -0.192926198     -0.132499188     -0.139897093    
   1.38206845E-02 -0.193150297     -0.132670745     -0.140005842    
   1.37957074E-02 -0.193374321     -0.132834524     -0.140103087    
   1.37801263E-02 -0.193575531     -0.132987291     -0.140196711    
   1.37671428E-02 -0.193788096     -0.133135349     -0.140271902    
   1.37589313E-02 -0.193977192     -0.133249626     -0.140329853    
   1.37595404E-02 -0.194163039     -0.133352771     -0.140371278    
   1.37651050E-02 -0.194327682     -0.133430451     -0.140402958    
   1.37658054E-02 -0.194490403     -0.133500069     -0.140437871    
   1.37729459E-02 -0.194632038     -0.133542076     -0.140468135    
   1.37853222E-02 -0.194764286     -0.133570671     -0.140488446    
   1.38018727E-02 -0.194894642     -0.133585021     -0.140508845    
   1.38220433E-02 -0.194990307     -0.133595273     -0.140522599    
   1.38463285E-02 -0.195072338     -0.133597627     -0.140523553    
   1.38696404E-02 -0.195159435     -0.133588910     -0.140529364    
   1.38856741E-02 -0.195259050     -0.133609533     -0.140549988    
   1.39096836E-02 -0.195336014     -0.133613780     -0.140569136    
   1.39331352E-02 -0.195415974     -0.133613080     -0.140583113    
   1.39621459E-02 -0.195491627     -0.133601174     -0.140583664    
   1.39944116E-02 -0.195567787     -0.133585691     -0.140577525    
   1.40289832E-02 -0.195633605     -0.133565709     -0.140565380    
   1.40593061E-02 -0.195703357     -0.133560404     -0.140560627    
   1.40854074E-02 -0.195795223     -0.133573100     -0.140592217    
   1.41148139E-02 -0.195869163     -0.133569658     -0.140611976    
   1.41427238E-02 -0.195957333     -0.133596271     -0.140658975    
   1.41664138E-02 -0.196046755     -0.133629665     -0.140717894    
   1.41902650E-02 -0.196151167     -0.133675113     -0.140755907    
   1.42172901E-02 -0.196238086     -0.133720174     -0.140783697    
   1.42520498E-02 -0.196299136     -0.133748755     -0.140803874    
   1.42800165E-02 -0.196368098     -0.133771196     -0.140833318    
   1.43047944E-02 -0.196440980     -0.133815527     -0.140866220    
   1.43237039E-02 -0.196490079     -0.133841038     -0.140876934    
   1.43378042E-02 -0.196531072     -0.133855432     -0.140905246    
   1.43495155E-02 -0.196577534     -0.133882463     -0.140928850    
   1.43579124E-02 -0.196650445     -0.133912876     -0.140958562    
   1.43733956E-02 -0.196695790     -0.133929253     -0.140981749    
   1.43892877E-02 -0.196750998     -0.133948296     -0.140989512    
   1.44005809E-02 -0.196822122     -0.133990303     -0.141028389    
   1.44108050E-02 -0.196903571     -0.134036422     -0.141078517    
   1.44274719E-02 -0.196974561     -0.134080634     -0.141115129    
   1.44475950E-02 -0.197029352     -0.134109855     -0.141133592    
   1.44721102E-02 -0.197103873     -0.134153053     -0.141147226    
   1.44863008E-02 -0.197189763     -0.134214729     -0.141175553    
   1.44940373E-02 -0.197295755     -0.134281501     -0.141214877    
   1.44997528E-02 -0.197418272     -0.134340554     -0.141244262    
   1.45132681E-02 -0.197526455     -0.134393573     -0.141268909    
   1.45322159E-02 -0.197625086     -0.134451598     -0.141306266    
   1.45490719E-02 -0.197743103     -0.134510189     -0.141357616    
   1.45657090E-02 -0.197856918     -0.134564802     -0.141404524    
   1.45832067E-02 -0.197961345     -0.134601951     -0.141444460    
   1.46063669E-02 -0.198058590     -0.134638950     -0.141464442    
   1.46326078E-02 -0.198155925     -0.134678960     -0.141489297    
   1.46587277E-02 -0.198268846     -0.134724721     -0.141518965    
   1.46869645E-02 -0.198377222     -0.134769514     -0.141542047    
   1.47181647E-02 -0.198499903     -0.134810627     -0.141569823    
   1.47459079E-02 -0.198631182     -0.134868667     -0.141627073    
   1.47695495E-02 -0.198774979     -0.134943351     -0.141711608    
   1.47985397E-02 -0.198907688     -0.135017306     -0.141781449    
   1.48198362E-02 -0.199039906     -0.135097101     -0.141872481    
   1.48370611E-02 -0.199167043     -0.135180280     -0.141961262    
   1.48581322E-02 -0.199295387     -0.135261774     -0.142050520    
   1.48811601E-02 -0.199418917     -0.135352567     -0.142157897    
   1.49076972E-02 -0.199539572     -0.135433808     -0.142250344    
   1.49320560E-02 -0.199658796     -0.135501921     -0.142311573    
   1.49670923E-02 -0.199772358     -0.135581747     -0.142374039    
   1.49922147E-02 -0.199894086     -0.135662675     -0.142450079    
   1.50268329E-02 -0.200001732     -0.135743260     -0.142528012    
   1.50655825E-02 -0.200099558     -0.135824099     -0.142601475    
   1.51046170E-02 -0.200202703     -0.135905325     -0.142682254    
   1.51389958E-02 -0.200302795     -0.135980353     -0.142752051    
   1.51691698E-02 -0.200404629     -0.136060283     -0.142809018    
   1.51921231E-02 -0.200526088     -0.136131451     -0.142865494    
   1.52194919E-02 -0.200636595     -0.136195570     -0.142902747    
   1.52509790E-02 -0.200732753     -0.136232436     -0.142922893    
   1.52857685E-02 -0.200841784     -0.136264220     -0.142939478    
   1.53184310E-02 -0.200957447     -0.136307418     -0.142967895    
   1.53525062E-02 -0.201066419     -0.136347383     -0.142980233    
   1.53912753E-02 -0.201177478     -0.136373892     -0.142979294    
   1.54346647E-02 -0.201296479     -0.136390209     -0.142976880    
   1.54749015E-02 -0.201431796     -0.136409402     -0.142988145    
   1.55164702E-02 -0.201560661     -0.136422977     -0.143010005    
   1.55654801E-02 -0.201680973     -0.136429280     -0.143012628    
   1.56174805E-02 -0.201808795     -0.136445493     -0.143029392    
   1.56790633E-02 -0.201926038     -0.136469632     -0.143045470    
   1.57431848E-02 -0.202033103     -0.136500284     -0.143068224    
   1.58060305E-02 -0.202138975     -0.136539653     -0.143113315    
   1.58708971E-02 -0.202244595     -0.136568874     -0.143155843    
   1.59312300E-02 -0.202341959     -0.136605397     -0.143199608    
   1.59920771E-02 -0.202447459     -0.136648715     -0.143237695    
   1.60565004E-02 -0.202557519     -0.136699587     -0.143289641    
   1.61177740E-02 -0.202665344     -0.136735842     -0.143343970    
   1.61760300E-02 -0.202771574     -0.136778250     -0.143388078    
   1.62351876E-02 -0.202882484     -0.136820242     -0.143420860    
   1.62975937E-02 -0.202987075     -0.136858732     -0.143438533    
   1.63570438E-02 -0.203084171     -0.136898845     -0.143464595    
   1.64117590E-02 -0.203189835     -0.136944562     -0.143484131    
   1.64681952E-02 -0.203307211     -0.136996061     -0.143518627    
   1.65298507E-02 -0.203429729     -0.137038380     -0.143541664    
   1.65959392E-02 -0.203539416     -0.137058452     -0.143537194    
   1.66702773E-02 -0.203640044     -0.137081042     -0.143528253    
   1.67356506E-02 -0.203734770     -0.137101367     -0.143532693    
   1.67989749E-02 -0.203820512     -0.137134269     -0.143537909    
   1.68597065E-02 -0.203905597     -0.137177840     -0.143541560    
   1.69171412E-02 -0.204004318     -0.137214884     -0.143563151    
   1.69718973E-02 -0.204110742     -0.137263060     -0.143604070    
   1.70315783E-02 -0.204216108     -0.137317255     -0.143653765    
   1.70940813E-02 -0.204314858     -0.137378484     -0.143702388    
   1.71536151E-02 -0.204418197     -0.137443826     -0.143753916    
   1.72065627E-02 -0.204533607     -0.137527227     -0.143822357    
   1.72637179E-02 -0.204648569     -0.137605011     -0.143886641    
   1.73096806E-02 -0.204775035     -0.137691125     -0.143961281    
   1.73584204E-02 -0.204902932     -0.137780264     -0.144033372    
   1.74015947E-02 -0.205033436     -0.137852103     -0.144096017    
   1.74470711E-02 -0.205150202     -0.137918726     -0.144155219    
   1.74966380E-02 -0.205262467     -0.137989968     -0.144223064    
   1.75531060E-02 -0.205382854     -0.138062149     -0.144285113    
   1.76093057E-02 -0.205513045     -0.138133138     -0.144350976    
   1.76678803E-02 -0.205635279     -0.138186395     -0.144404456    
   1.77283864E-02 -0.205757990     -0.138249829     -0.144466490    
   1.77870635E-02 -0.205885410     -0.138317794     -0.144523636    
   1.78464688E-02 -0.206024438     -0.138403580     -0.144602835    
   1.78918317E-02 -0.206177846     -0.138495341     -0.144680068    
   1.79418549E-02 -0.206329525     -0.138588354     -0.144757032    
   1.79787707E-02 -0.206491500     -0.138686344     -0.144841343    
   1.80204175E-02 -0.206640139     -0.138756946     -0.144890800    
   1.80602185E-02 -0.206786588     -0.138827547     -0.144931555    
   1.80925429E-02 -0.206934586     -0.138909847     -0.144978583    
   1.81260575E-02 -0.207085416     -0.139001161     -0.145039394    
   1.81542002E-02 -0.207246616     -0.139094636     -0.145098299    
   1.81811657E-02 -0.207406968     -0.139193743     -0.145174250    
   1.82122272E-02 -0.207568124     -0.139300331     -0.145232439    
   1.82453766E-02 -0.207708403     -0.139381409     -0.145276695    
   1.82861369E-02 -0.207847193     -0.139456287     -0.145321414    
   1.83251034E-02 -0.207986414     -0.139524937     -0.145357281    
   1.83635131E-02 -0.208124682     -0.139590278     -0.145392671    
   1.84065104E-02 -0.208265543     -0.139649451     -0.145418018    
   1.84436273E-02 -0.208411664     -0.139707953     -0.145437628    
   1.84829030E-02 -0.208575100     -0.139770284     -0.145478040    
   1.85096301E-02 -0.208758667     -0.139836207     -0.145530805    
   1.85323860E-02 -0.208935663     -0.139906660     -0.145570323    
   1.85624305E-02 -0.209107667     -0.139973670     -0.145608932    
   1.85931288E-02 -0.209268630     -0.140033528     -0.145637736    
   1.86357871E-02 -0.209428906     -0.140078321     -0.145653427    
   1.86708160E-02 -0.209606111     -0.140148774     -0.145692647    
   1.87022667E-02 -0.209787577     -0.140224189     -0.145743787    
   1.87280942E-02 -0.209958002     -0.140308037     -0.145802185    
   1.87531412E-02 -0.210145116     -0.140402600     -0.145852149    
   1.87791139E-02 -0.210334301     -0.140493214     -0.145900786    
   1.88141819E-02 -0.210523903     -0.140570447     -0.145940602    
   1.88426804E-02 -0.210718244     -0.140643060     -0.145989537    
   1.88774224E-02 -0.210891366     -0.140712917     -0.146033302    
   1.89141687E-02 -0.211062714     -0.140790522     -0.146095127    
   1.89505890E-02 -0.211228445     -0.140856847     -0.146129921    
   1.89979747E-02 -0.211391851     -0.140914276     -0.146140739    
   1.90426484E-02 -0.211551756     -0.140959159     -0.146147415    
   1.90860387E-02 -0.211705565     -0.140995771     -0.146148190    
   1.91298276E-02 -0.211864129     -0.141036183     -0.146156713    
   1.91644188E-02 -0.212008134     -0.141076252     -0.146175548    
   1.91985779E-02 -0.212159410     -0.141117141     -0.146204963    
   1.92324594E-02 -0.212299019     -0.141160235     -0.146236911    
   1.92673989E-02 -0.212425604     -0.141205207     -0.146268815    
   1.93073861E-02 -0.212543160     -0.141255468     -0.146310881    
   1.93399005E-02 -0.212678596     -0.141337067     -0.146381885    
   1.93687268E-02 -0.212805703     -0.141411707     -0.146435857    
   1.93984583E-02 -0.212939948     -0.141479075     -0.146481365    
   1.94234829E-02 -0.213065207     -0.141530529     -0.146519050    
   1.94508899E-02 -0.213177472     -0.141561911     -0.146551371    
   1.94721501E-02 -0.213276759     -0.141582713     -0.146577761    
   1.94905978E-02 -0.213381678     -0.141608581     -0.146591753    
   1.95091777E-02 -0.213483438     -0.141623810     -0.146608755    
   1.95258856E-02 -0.213594645     -0.141647801     -0.146634191    
   1.95368435E-02 -0.213722035     -0.141676843     -0.146655947    
   1.95540059E-02 -0.213859737     -0.141720399     -0.146670058    
   1.95690431E-02 -0.214001581     -0.141769633     -0.146683753    
   1.95810534E-02 -0.214129433     -0.141811267     -0.146708712    
   1.95943788E-02 -0.214253813     -0.141844839     -0.146738857    
   1.96070652E-02 -0.214381427     -0.141881600     -0.146772251    
   1.96209811E-02 -0.214507565     -0.141913071     -0.146806687    
   1.96299534E-02 -0.214646474     -0.141934186     -0.146846995    
   1.96376573E-02 -0.214776456     -0.141956463     -0.146884426    
   1.96458977E-02 -0.214905724     -0.141974971     -0.146926269    
   1.96518395E-02 -0.215037823     -0.141990960     -0.146956444    
   1.96566954E-02 -0.215173826     -0.142016277     -0.147001892    
   1.96661223E-02 -0.215319350     -0.142053962     -0.147050202    
   1.96721498E-02 -0.215454116     -0.142091334     -0.147090793    
   1.96721368E-02 -0.215578511     -0.142134801     -0.147140592    
   1.96737293E-02 -0.215712428     -0.142184347     -0.147197276    
   1.96776707E-02 -0.215847984     -0.142221734     -0.147247031    
   1.96837392E-02 -0.215958431     -0.142250657     -0.147286788    
   1.96986701E-02 -0.216062099     -0.142274082     -0.147317886    
   1.97177399E-02 -0.216162294     -0.142304972     -0.147346258    
   1.97418220E-02 -0.216254696     -0.142330602     -0.147367403    
   1.97624322E-02 -0.216339231     -0.142359450     -0.147394970    
   1.97779350E-02 -0.216420516     -0.142395228     -0.147433072    
   1.97908469E-02 -0.216496214     -0.142428711     -0.147471085    
   1.98047739E-02 -0.216569021     -0.142458454     -0.147507310    
   1.98195688E-02 -0.216667444     -0.142506748     -0.147552460    
   1.98293366E-02 -0.216752529     -0.142536983     -0.147591457    
   1.98367331E-02 -0.216841057     -0.142586961     -0.147639543    
   1.98472235E-02 -0.216924965     -0.142637566     -0.147689342    
   1.98552590E-02 -0.217005461     -0.142681718     -0.147731021    
   1.98730621E-02 -0.217078105     -0.142704159     -0.147751078    
   1.98819973E-02 -0.217148945     -0.142734170     -0.147785649    
   1.99004412E-02 -0.217210978     -0.142763704     -0.147823602    
   1.99133866E-02 -0.217294499     -0.142804250     -0.147880942    
   1.99283231E-02 -0.217375860     -0.142835885     -0.147933364    
   1.99449006E-02 -0.217442185     -0.142857358     -0.147987649    
   1.99553631E-02 -0.217515424     -0.142881319     -0.148041472    
   1.99686941E-02 -0.217591420     -0.142913759     -0.148094580    
   1.99828390E-02 -0.217662781     -0.142929867     -0.148129866    
   1.99985001E-02 -0.217738122     -0.142959639     -0.148170665    
   2.00191773E-02 -0.217804983     -0.142980710     -0.148203835    
   2.00370625E-02 -0.217868388     -0.143002257     -0.148240939    
   2.00607013E-02 -0.217926636     -0.143017918     -0.148277417    
   2.00780127E-02 -0.217993766     -0.143054396     -0.148337498    
   2.00978629E-02 -0.218056023     -0.143093139     -0.148403019    
   2.01162677E-02 -0.218121096     -0.143136278     -0.148466915    
   2.01392695E-02 -0.218198299     -0.143178329     -0.148523971    
   2.01594550E-02 -0.218284860     -0.143235192     -0.148593754    
   2.01729219E-02 -0.218372613     -0.143301412     -0.148669258    
   2.01879963E-02 -0.218461111     -0.143365651     -0.148745164    
   2.01981571E-02 -0.218544424     -0.143432155     -0.148807332    
   2.02119686E-02 -0.218642145     -0.143485874     -0.148880973    
   2.02222597E-02 -0.218725443     -0.143530548     -0.148946002    
   2.02345680E-02 -0.218799084     -0.143564016     -0.149002060    
   2.02431101E-02 -0.218876436     -0.143596500     -0.149062157    
   2.02578213E-02 -0.218951494     -0.143636897     -0.149112538    
   2.02691667E-02 -0.219032630     -0.143677473     -0.149163842    
   2.02798527E-02 -0.219104469     -0.143708169     -0.149202779    
   2.02921648E-02 -0.219172984     -0.143747002     -0.149242982    
   2.02964097E-02 -0.219243601     -0.143791199     -0.149289310    
   2.02983506E-02 -0.219307527     -0.143836096     -0.149330348    
   2.03070324E-02 -0.219375148     -0.143881992     -0.149372920    
   2.03155000E-02 -0.219439507     -0.143924743     -0.149401680    
   2.03290600E-02 -0.219509587     -0.143983573     -0.149436831    
   2.03488823E-02 -0.219554737     -0.144002885     -0.149456352    
   2.03660596E-02 -0.219610676     -0.144031733     -0.149472505    
   2.03738119E-02 -0.219690725     -0.144089118     -0.149497703    
   2.03833226E-02 -0.219785839     -0.144163206     -0.149541825    
   2.03951579E-02 -0.219874933     -0.144230455     -0.149590269    
   2.04100385E-02 -0.219953611     -0.144291088     -0.149627939    
   2.04269532E-02 -0.220036715     -0.144358113     -0.149662808    
   2.04409640E-02 -0.220129564     -0.144425690     -0.149707496    
   2.04616375E-02 -0.220216960     -0.144502997     -0.149760827    
   2.04838831E-02 -0.220305845     -0.144570813     -0.149795353    
   2.05050614E-02 -0.220399246     -0.144643471     -0.149842769    
   2.05245223E-02 -0.220488593     -0.144716129     -0.149895176    
   2.05375552E-02 -0.220580801     -0.144779518     -0.149967462    
   2.05454770E-02 -0.220673382     -0.144836336     -0.150035158    
   2.05605738E-02 -0.220759973     -0.144889012     -0.150095031    
   2.05723587E-02 -0.220838949     -0.144939587     -0.150163025    
   2.05814522E-02 -0.220925435     -0.145007238     -0.150251597    
   2.05903724E-02 -0.221005484     -0.145062208     -0.150324553    
   2.05914211E-02 -0.221091971     -0.145141587     -0.150407940    
   2.05922071E-02 -0.221158683     -0.145194143     -0.150468946    
   2.05902308E-02 -0.221227482     -0.145255834     -0.150538370    
   2.05889717E-02 -0.221304342     -0.145318732     -0.150615945    
   2.05926001E-02 -0.221382841     -0.145389810     -0.150683507    
   2.05924604E-02 -0.221459970     -0.145457178     -0.150757179    
   2.05948073E-02 -0.221520856     -0.145506158     -0.150817662    
   2.05952041E-02 -0.221598148     -0.145557970     -0.150881484    
   2.05956791E-02 -0.221674919     -0.145606160     -0.150930107    
   2.05926020E-02 -0.221760288     -0.145658553     -0.150985181    
   2.05928944E-02 -0.221834674     -0.145698935     -0.151028991    
   2.05908045E-02 -0.221911937     -0.145750850     -0.151079088    
   2.05937084E-02 -0.221984848     -0.145801738     -0.151124656    
   2.05909256E-02 -0.222045124     -0.145850226     -0.151168644    
   2.05932595E-02 -0.222099483     -0.145885840     -0.151191726    
   2.05931868E-02 -0.222159117     -0.145923138     -0.151217505    
   2.05899552E-02 -0.222226754     -0.145977542     -0.151262090    
   2.05937196E-02 -0.222287744     -0.146029517     -0.151310682    
   2.06055418E-02 -0.222332805     -0.146064967     -0.151341602    
   2.06123702E-02 -0.222376823     -0.146100700     -0.151374534    
   2.06179377E-02 -0.222409576     -0.146133393     -0.151405960    
   2.06296667E-02 -0.222425789     -0.146145627     -0.151417777    
   2.06431653E-02 -0.222457126     -0.146151707     -0.151430979    
   2.06537079E-02 -0.222495779     -0.146161571     -0.151440680    
   2.06668004E-02 -0.222548500     -0.146186277     -0.151453316    
   2.06825882E-02 -0.222599924     -0.146208808     -0.151469633    
   2.06971448E-02 -0.222665951     -0.146239266     -0.151482239    
   2.07126420E-02 -0.222723275     -0.146262750     -0.151496470    
   2.07267124E-02 -0.222766936     -0.146280304     -0.151504830    
   2.07439195E-02 -0.222835854     -0.146319151     -0.151526064    
   2.07606386E-02 -0.222892940     -0.146359146     -0.151547953    
   2.07710676E-02 -0.222960487     -0.146403387     -0.151577026    
   2.07856260E-02 -0.223006904     -0.146436036     -0.151606798    
   2.08020154E-02 -0.223058581     -0.146476313     -0.151641145    
   2.08130218E-02 -0.223108798     -0.146507695     -0.151675880    
   2.08258554E-02 -0.223169699     -0.146542072     -0.151723295    
   2.08314974E-02 -0.223230839     -0.146585926     -0.151779249    
   2.08352990E-02 -0.223301992     -0.146643445     -0.151838407    
   2.08401904E-02 -0.223374262     -0.146703094     -0.151882857    
   2.08391454E-02 -0.223450989     -0.146767005     -0.151926100    
   2.08477508E-02 -0.223537490     -0.146830142     -0.151973069    
   2.08482444E-02 -0.223616913     -0.146902308     -0.152017638    
   2.08498687E-02 -0.223697796     -0.146969840     -0.152057230    
   2.08503436E-02 -0.223766774     -0.147033542     -0.152106598    
   2.08633933E-02 -0.223835319     -0.147093728     -0.152140886    
   2.08762344E-02 -0.223905444     -0.147136450     -0.152152270    
   2.08958108E-02 -0.223986700     -0.147196934     -0.152172551    
   2.09112931E-02 -0.224076137     -0.147258118     -0.152192235    
   2.09276043E-02 -0.224175021     -0.147321850     -0.152228564    
   2.09466387E-02 -0.224265754     -0.147387907     -0.152266592    
   2.09697485E-02 -0.224360093     -0.147448659     -0.152302444    
   2.09835265E-02 -0.224476308     -0.147530317     -0.152365968    
   2.10036486E-02 -0.224583894     -0.147604257     -0.152420953    
   2.10256651E-02 -0.224673554     -0.147665843     -0.152461782    
   2.10513342E-02 -0.224768251     -0.147735670     -0.152507544    
   2.10782066E-02 -0.224858984     -0.147802547     -0.152558729    
   2.11006831E-02 -0.224954575     -0.147864312     -0.152609348    
   2.11265516E-02 -0.225059152     -0.147927806     -0.152658820    
   2.11429782E-02 -0.225167051     -0.147993520     -0.152709350    
   2.11620349E-02 -0.225278676     -0.148051172     -0.152762756    
   2.11880747E-02 -0.225397736     -0.148113072     -0.152826548    
   2.12104451E-02 -0.225513816     -0.148155198     -0.152870730    
   2.12381296E-02 -0.225616604     -0.148188159     -0.152904719    
   2.12627128E-02 -0.225727156     -0.148216277     -0.152926326    
   2.12896578E-02 -0.225851789     -0.148249641     -0.152943581    
   2.13200338E-02 -0.225975454     -0.148284405     -0.152963653    
   2.13502329E-02 -0.226102352     -0.148316413     -0.152981177    
   2.13868376E-02 -0.226218328     -0.148345307     -0.152993470    
   2.14208364E-02 -0.226334617     -0.148375273     -0.153001860    
