   0.00000000       0.00000000       0.00000000       0.00000000    
  -2.21000612E-03  -1.46999955E-03  -1.19999051E-03  -1.31499767E-03
  -9.79328156E-03  -5.61332703E-03  -4.78994846E-03  -2.68334150E-03
  -1.39100552E-02  -7.58999586E-03  -2.20000744E-03   1.65009499E-03
  -3.07598710E-02  -2.29181051E-02  -1.36041045E-02  -1.23660564E-02
  -4.27701473E-02  -3.81484628E-02  -2.30567753E-02  -2.69480944E-02
  -4.53228652E-02  -4.83381748E-02  -2.04015374E-02  -4.10926044E-02
  -6.08400702E-02  -7.99942464E-02  -3.85124236E-02  -6.15637526E-02
  -8.51994008E-02 -0.121680245      -6.09571338E-02  -9.16665494E-02
  -9.89044011E-02 -0.146345645      -6.80042431E-02 -0.112249896    
 -0.126471788     -0.189523816      -9.03255418E-02 -0.135125309    
 -0.144570425     -0.222461790     -0.101145320     -0.147710547    
 -0.156144932     -0.249879643     -0.109700851     -0.156848460    
 -0.162684083     -0.261395246     -0.127047211     -0.176403970    
 -0.175152019     -0.294841468     -0.160257921     -0.200426579    
 -0.199741915     -0.337043822     -0.197857127     -0.239955008    
 -0.237570569     -0.379034847     -0.244677439     -0.291632861    
 -0.251842588     -0.398660481     -0.286726743     -0.341562718    
 -0.291508466     -0.423576891     -0.331986755     -0.383256704    
 -0.348002523     -0.446299464     -0.352996886     -0.423386633    
 -0.418636054     -0.497253358     -0.398489177     -0.469968587    
 -0.501404822     -0.574950695     -0.467872024     -0.536465466    
 -0.560818553     -0.635796487     -0.547528803     -0.601722598    
 -0.618749678     -0.697952688     -0.623860478     -0.671772897    
 -0.683450162     -0.743350565     -0.702691197     -0.737375736    
 -0.733777821     -0.784432650     -0.768505514     -0.802340150    
 -0.759400427     -0.776757658     -0.816523433     -0.843140841    
 -0.805254102     -0.790253699     -0.878673136     -0.897687674    
 -0.843000352     -0.805134177     -0.925908983     -0.950877249    
 -0.862012148     -0.821393788     -0.960372090      -1.00380206    
 -0.874527693     -0.849354923      -1.01061416      -1.06110084    
 -0.881206393     -0.876149118      -1.06775630      -1.12375414    
 -0.891265154     -0.925425112      -1.12227690      -1.17272246    
 -0.891932487     -0.978726327      -1.16307390      -1.21433985    
 -0.888791502      -1.03446758      -1.20014918      -1.25694096    
 -0.891054392      -1.09504914      -1.22230566      -1.31007099    
 -0.879666626      -1.14993119      -1.23616648      -1.34930634    
 -0.845565379      -1.20460320      -1.25043988      -1.38907611    
 -0.810921073      -1.26364410      -1.25660133      -1.43313038    
 -0.768090189      -1.31989110      -1.25352001      -1.45400012    
 -0.724236548      -1.38051498      -1.25423908      -1.46559465    
 -0.686148286      -1.42263222      -1.25937414      -1.48269653    
 -0.657074213      -1.47293162      -1.27298689      -1.50144768    
 -0.638639569      -1.53015947      -1.30930769      -1.53475285    
 -0.629243195      -1.58947074      -1.35778356      -1.58189034    
 -0.619927287      -1.67633057      -1.40567243      -1.61955214    
 -0.601747692      -1.76326132      -1.46729553      -1.65228128    
 -0.600380182      -1.82111371      -1.53854418      -1.68764806    
 -0.610921860      -1.89248729      -1.63083518      -1.72575843    
 -0.637744069      -1.95564747      -1.73422897      -1.77139604    
 -0.686557412      -2.03505421      -1.84781814      -1.80988252    
 -0.737495184      -2.12848806      -1.94292724      -1.84890270    
 -0.811220944      -2.24327803      -2.04055429      -1.91495240    
 -0.881391466      -2.34066725      -2.12636924      -1.98103034    
 -0.931121707      -2.40504313      -2.19736695      -2.03127766    
 -0.985807955      -2.46414137      -2.26157022      -2.07529521    
  -1.04317486      -2.51795530      -2.31087327      -2.10072351    
  -1.09577370      -2.56517863      -2.35766625      -2.12895298    
  -1.13684475      -2.61559629      -2.39880204      -2.16609335    
  -1.16716278      -2.66495180      -2.43154478      -2.20298886    
  -1.19489765      -2.72468090      -2.47357798      -2.24166799    
  -1.21788037      -2.77749634      -2.53271341      -2.27281165    
  -1.23133993      -2.82608843      -2.58728504      -2.31742263    
  -1.24792337      -2.87124300      -2.63864088      -2.36299133    
  -1.27281237      -2.91609716      -2.69378948      -2.39811492    
  -1.28710377      -2.94598532      -2.73247838      -2.41907668    
  -1.29242241      -2.98013997      -2.77757025      -2.45751381    
  -1.27229607      -2.98862791      -2.81539249      -2.50046492    
  -1.27286315      -3.02180719      -2.86000490      -2.55344415    
  -1.25765967      -3.06478357      -2.88616419      -2.59046745    
  -1.24141109      -3.10363817      -2.91313100      -2.62370157    
  -1.21874154      -3.16035533      -2.94014239      -2.64998674    
  -1.20386398      -3.22364569      -2.96967697      -2.66831779    
  -1.16596198      -3.27774477      -2.98810792      -2.68480134    
  -1.11602032      -3.31443524      -2.99774575      -2.69635439    
  -1.03309345      -3.35442519      -3.02088976      -2.71038485    
 -0.940010726      -3.40405869      -3.04607296      -2.72070765    
 -0.842140436      -3.45296216      -3.08469129      -2.73855543    
 -0.718210101      -3.49662614      -3.10650110      -2.75234699    
 -0.580456078      -3.52265596      -3.10691023      -2.77042747    
 -0.440877527      -3.55915332      -3.10536337      -2.78409767    
 -0.308737159      -3.58265686      -3.10008311      -2.79348612    
 -0.160714418      -3.60466456      -3.09525943      -2.81083870    
  -3.59388813E-02  -3.62360930      -3.08473229      -2.83269095    
   8.17926601E-02  -3.65522623      -3.08544588      -2.86823583    
  0.175798789      -3.68441701      -3.09213972      -2.90095830    
  0.268165350      -3.73835492      -3.11265635      -2.93069506    
  0.383352101      -3.79221559      -3.14129210      -2.95839930    
  0.513013840      -3.83814955      -3.17290425      -2.99700117    
  0.638823926      -3.89285994      -3.19441032      -3.04383278    
  0.777819812      -3.95888042      -3.22386026      -3.09681535    
  0.923775911      -4.04694986      -3.24716306      -3.14205313    
   1.04775047      -4.11040735      -3.27412581      -3.18960786    
   1.17076349      -4.16755390      -3.29304266      -3.23539305    
   1.31660736      -4.22070265      -3.31076241      -3.28269291    
   1.44359434      -4.27185535      -3.34277868      -3.33456349    
   1.56459498      -4.32382059      -3.38367724      -3.37892938    
   1.66000867      -4.37646627      -3.44150805      -3.42753506    
   1.77233100      -4.39839220      -3.49084473      -3.46787572    
   1.90124798      -4.43351603      -3.54219508      -3.50167942    
   2.03665352      -4.45973206      -3.60357928      -3.54162478    
   2.17285371      -4.49991941      -3.68038940      -3.58683729    
   2.28981829      -4.54625225      -3.75602627      -3.63488817    
   2.40398932      -4.59316921      -3.83949327      -3.67490149    
   2.46882129      -4.65744591      -3.93303561      -3.72139788    
   2.49329662      -4.71805239      -4.01632881      -3.76335335    
   2.49699330      -4.78570414      -4.10316038      -3.80549741    
   2.50167680      -4.84836674      -4.18405771      -3.83903122    
   2.49262738      -4.90715075      -4.25793171      -3.87776232    
   2.52873158      -4.96572447      -4.32614279      -3.91582775    
   2.57031155      -5.01923227      -4.38477993      -3.94184065    
   2.59293246      -5.06295443      -4.44235277      -3.97610092    
   2.60799432      -5.10500574      -4.48936558      -4.01143932    
   2.60762548      -5.16036224      -4.55191898      -4.03987122    
   2.61326194      -5.20309019      -4.60823393      -4.06888866    
   2.64594722      -5.24072599      -4.67117453      -4.09829140    
   2.67536354      -5.28863192      -4.73192453      -4.13220882    
   2.67790270      -5.34530544      -4.79849291      -4.17535448    
   2.66489792      -5.41466475      -4.85447836      -4.22427940    
   2.64721251      -5.48377323      -4.91788006      -4.27715397    
   2.60761786      -5.55339050      -4.97154474      -4.31823683    
   2.57108831      -5.62830114      -5.02303648      -4.35748529    
   2.53782845      -5.69862890      -5.06649780      -4.39557886    
   2.51123333      -5.76072264      -5.11361980      -4.44324589    
   2.44944406      -5.83161736      -5.16892767      -4.48972321    
   2.39775944      -5.90349722      -5.22718477      -4.53000927    
   2.31735206      -5.98951244      -5.28604174      -4.57974005    
   2.23381090      -6.08652687      -5.35281801      -4.62669086    
   2.16332936      -6.18806362      -5.41766167      -4.68090105    
   2.10968971      -6.28337336      -5.48270941      -4.73371649    
   2.06518078      -6.37286806      -5.54817104      -4.79084253    
   2.01194119      -6.46849537      -5.61516571      -4.84366560    
   1.93965721      -6.57776022      -5.68754721      -4.90684128    
   1.89627492      -6.67610979      -5.74629164      -4.96513176    
   1.87708497      -6.76363611      -5.80033493      -5.01243591    
   1.86184812      -6.84370470      -5.84737730      -5.05658579    
   1.84089124      -6.93211651      -5.88626385      -5.10132408    
   1.81508374      -7.03128242      -5.93945312      -5.14761448    
   1.81500697      -7.12621212      -5.99021769      -5.19856405    
   1.80349410      -7.21370363      -6.03770113      -5.24786139    
   1.79650068      -7.30114889      -6.08263350      -5.29343510    
   1.78568852      -7.38462353      -6.12937403      -5.33203077    
   1.77405930      -7.45505285      -6.16282845      -5.36716557    
   1.77919269      -7.51501417      -6.18047619      -5.39887571    
   1.80998325      -7.55805063      -6.20727587      -5.42410040    
   1.80469942      -7.61057568      -6.24186707      -5.45872688    
   1.81702244      -7.65567350      -6.27745819      -5.49523211    
   1.82811797      -7.70780659      -6.30638933      -5.52875328    
   1.86279881      -7.76278639      -6.33575821      -5.55933428    
   1.90994573      -7.80933905      -6.36331987      -5.58776569    
   1.94688928      -7.84392786      -6.38960409      -5.61538076    
   1.97406590      -7.89455509      -6.41644001      -5.64122248    
   2.00321770      -7.96286058      -6.44790888      -5.66461802    
   2.00071216      -8.03668690      -6.49264479      -5.69483614    
   1.99510610      -8.11936092      -6.53237295      -5.72861719    
   2.00928974      -8.20306778      -6.56876802      -5.75912905    
   2.02557325      -8.28364086      -6.61226940      -5.78652477    
   2.04914331      -8.36188316      -6.65290022      -5.80895519    
   2.08191633      -8.43813801      -6.68684101      -5.83258152    
   2.14193606      -8.50246048      -6.72463846      -5.85728836    
   2.18486071      -8.57475376      -6.77147102      -5.89146662    
   2.23085284      -8.66253376      -6.80400181      -5.93132973    
   2.28254366      -8.74051380      -6.84248018      -5.97367525    
   2.34188318      -8.81565571      -6.88330030      -6.00897789    
   2.39833355      -8.90725231      -6.92659998      -6.05080318    
   2.43594933      -9.01644039      -6.97402048      -6.09390640    
   2.45490241      -9.11866570      -7.01926994      -6.13667822    
   2.47778320      -9.22774792      -7.06751633      -6.18702650    
   2.51397848      -9.32947636      -7.10787773      -6.23356152    
   2.55632615      -9.44180489      -7.14908218      -6.27760983    
   2.57837772      -9.56714535      -7.19493389      -6.31617546    
   2.56256390      -9.70487309      -7.24876404      -6.35701466    
   2.52645421      -9.82820034      -7.29586792      -6.39304733    
   2.47741675      -9.94528484      -7.34159184      -6.43090200    
   2.41735816      -10.0577335      -7.38592768      -6.46247816    
   2.33710742      -10.1756516      -7.41842031      -6.49155760    
   2.25102544      -10.3133888      -7.45081139      -6.52001715    
   2.14445519      -10.4516697      -7.47419405      -6.54269934    
   2.04538345      -10.5873022      -7.49600077      -6.56850433    
   1.97663140      -10.7044516      -7.52479172      -6.59876394    
   1.87876320      -10.8320112      -7.55861235      -6.63030720    
   1.75286543      -10.9719610      -7.59968376      -6.66260004    
   1.62508595      -11.1071682      -7.63542318      -6.69169903    
   1.47396004      -11.2614126      -7.66325903      -6.71994686    
   1.33376515      -11.4136391      -7.67721796      -6.74629354    
   1.21286893      -11.5535269      -7.69649315      -6.77179337    
   1.09425616      -11.7068090      -7.70860243      -6.79860973    
  0.974083304      -11.8651905      -7.71864319      -6.82372475    
  0.832127213      -12.0390768      -7.72842598      -6.85378599    
  0.695428848      -12.1991205      -7.74315596      -6.88197422    
  0.580106914      -12.3313818      -7.75117016      -6.89769363    
  0.482922792      -12.4476948      -7.77364445      -6.91418123    
  0.375905246      -12.5872736      -7.80894613      -6.93737602    
  0.273020357      -12.7359314      -7.83757782      -6.95778847    
  0.149853483      -12.8820820      -7.87039900      -6.98371220    
   3.74544151E-02  -13.0153770      -7.90493870      -7.00855970    
  -6.73466176E-02  -13.1325197      -7.93645811      -7.03336906    
 -0.141143382      -13.2512007      -7.97737932      -7.06299543    
 -0.202082783      -13.3654108      -8.02288532      -7.09289932    
 -0.284074396      -13.4705896      -8.06096363      -7.12362719    
 -0.383594096      -13.5652618      -8.10637569      -7.15309572    
 -0.450148553      -13.6621532      -8.14657974      -7.17891359    
 -0.507687151      -13.7470722      -8.18385983      -7.20675659    
 -0.569178879      -13.8161774      -8.22990894      -7.23736334    
 -0.639835060      -13.8741274      -8.27902794      -7.26528740    
 -0.710940838      -13.9194841      -8.31715012      -7.29431295    
 -0.799874842      -13.9675865      -8.36297607      -7.32829094    
 -0.893653989      -14.0137129      -8.40439415      -7.35567474    
 -0.969998181      -14.0681772      -8.44493771      -7.38685513    
  -1.05429888      -14.1346407      -8.48954105      -7.41130829    
  -1.14041030      -14.2126770      -8.53830338      -7.43805742    
  -1.18742514      -14.2877045      -8.58646488      -7.46883726    
  -1.22055626      -14.3623009      -8.63959217      -7.49120045    
  -1.20130467      -14.4276457      -8.68423462      -7.50398922    
  -1.17380857      -14.4785290      -8.73229122      -7.51429605    
  -1.12755466      -14.5283842      -8.77115631      -7.52133989    
  -1.06840682      -14.5792580      -8.81275845      -7.52913857    
  -1.00550652      -14.6214390      -8.84191227      -7.53121662    
 -0.929573834      -14.6786413      -8.87027073      -7.52840233    
 -0.877381921      -14.7246313      -8.89806461      -7.53004980    
 -0.840429068      -14.7768898      -8.92808533      -7.53871441    
 -0.813602448      -14.8350096      -8.96474266      -7.55462742    
 -0.780485511      -14.8964558      -9.00978279      -7.57218122    
 -0.718857110      -14.9606218      -9.06466198      -7.59195042    
 -0.654971361      -15.0389099      -9.12388897      -7.62075377    
 -0.615945995      -15.1222649      -9.19293976      -7.64936876    
 -0.584812045      -15.2123108      -9.26205826      -7.67611694    
 -0.537309945      -15.3024740      -9.32752419      -7.70873022    
 -0.477531463      -15.3947401      -9.38753891      -7.73396349    
 -0.437720954      -15.4935408      -9.45413971      -7.76554155    
 -0.412566036      -15.5863876      -9.51966095      -7.79398155    
 -0.367362380      -15.6892967      -9.58097267      -7.81761360    
 -0.314125270      -15.8026218      -9.63819695      -7.84727526    
 -0.233796060      -15.8972301      -9.68679047      -7.87096596    
 -0.176505268      -15.9892597      -9.73355961      -7.89873600    
 -0.128509253      -16.0766525      -9.78127670      -7.92378664    
  -4.00925353E-02  -16.1623573      -9.81944275      -7.95067978    
   2.65642256E-02  -16.2480183      -9.86279774      -7.97028303    
   9.02383849E-02  -16.3362293      -9.90793514      -7.98698044    
  0.142120868      -16.4258022      -9.95695591      -8.00522232    
  0.176893547      -16.5249367      -10.0051680      -8.02582836    
  0.210519537      -16.6288261      -10.0506897      -8.04272461    
  0.257974893      -16.7327480      -10.1067209      -8.06372261    
  0.322430462      -16.8551292      -10.1666403      -8.09301281    
  0.385950506      -16.9897270      -10.2229996      -8.12456131    
  0.482430905      -17.1249161      -10.2797251      -8.16391277    
  0.568097174      -17.2516403      -10.3375063      -8.19764042    
  0.626396894      -17.3851032      -10.4022017      -8.23143578    
  0.681660771      -17.5189533      -10.4610701      -8.25577831    
  0.746159792      -17.6508694      -10.5107737      -8.28187370    
  0.831819594      -17.7919102      -10.5556068      -8.30750656    
  0.934984207      -17.9267654      -10.6014709      -8.33131218    
   1.05180848      -18.0859776      -10.6419039      -8.35928440    
   1.15312517      -18.2511520      -10.6773539      -8.39128113    
   1.27639091      -18.4114475      -10.7029915      -8.43257713    
   1.39928973      -18.5731583      -10.7329216      -8.47622776    
   1.49879456      -18.7257652      -10.7556057      -8.50972176    
   1.58723152      -18.8715572      -10.7798481      -8.54004192    
   1.64224911      -19.0133381      -10.8102694      -8.57706356    
   1.66141641      -19.1480637      -10.8403330      -8.60994625    
   1.67092383      -19.2817268      -10.8733234      -8.64320946    
   1.65653598      -19.4268894      -10.9059153      -8.68181896    
   1.63417685      -19.5612354      -10.9355373      -8.72125721    
   1.62110198      -19.6891785      -10.9634762      -8.76037979    
   1.62123370      -19.8109379      -10.9915361      -8.79801655    
   1.62334013      -19.9329929      -11.0169487      -8.83743095    
   1.63374889      -20.0436726      -11.0460758      -8.87703800    
   1.63429427      -20.1613464      -11.0753899      -8.91526604    
   1.62950134      -20.2697868      -11.1096849      -8.95132732    
   1.63554800      -20.3737946      -11.1461487      -8.97992802    
   1.63378441      -20.4543495      -11.1829290      -9.00518131    
   1.61200976      -20.5393715      -11.2186651      -9.03233051    
   1.61409926      -20.6165352      -11.2629185      -9.05712223    
   1.60111225      -20.6883793      -11.3067513      -9.08543968    
   1.58876514      -20.7717247      -11.3454046      -9.10615349    
   1.58246553      -20.8444386      -11.3858786      -9.13248062    
   1.56493127      -20.9229145      -11.4185324      -9.15210915    
   1.57741427      -21.0024166      -11.4463711      -9.17289734    
   1.58520210      -21.0806332      -11.4751854      -9.19483948    
   1.59806955      -21.1574955      -11.5068083      -9.21602631    
   1.60962033      -21.2506371      -11.5417213      -9.24299335    
   1.60851789      -21.3394585      -11.5806227      -9.26872826    
   1.60634136      -21.4255238      -11.6218805      -9.29667091    
   1.60274959      -21.5244370      -11.6603670      -9.33255863    
   1.58023846      -21.6216431      -11.6944256      -9.36422920    
   1.58856058      -21.7306175      -11.7312727      -9.39436817    
   1.58968210      -21.8484726      -11.7715187      -9.42636395    
   1.60789371      -21.9645195      -11.8146505      -9.45488071    
   1.64265966      -22.0845356      -11.8602257      -9.48421764    
   1.65079010      -22.2062912      -11.9029789      -9.50879002    
   1.66109860      -22.3192730      -11.9376154      -9.53279305    
   1.66597366      -22.4384079      -11.9785576      -9.56088924    
   1.69043338      -22.5600166      -12.0294704      -9.58944607    
   1.70877600      -22.6781635      -12.0752888      -9.61646461    
   1.72328198      -22.7901020      -12.1193199      -9.64613724    
   1.73979282      -22.8966923      -12.1651068      -9.67782307    
   1.74389315      -23.0092583      -12.2093563      -9.70393372    
   1.74508357      -23.1216679      -12.2548923      -9.73559189    
   1.74390781      -23.2280464      -12.2975302      -9.76909065    
   1.72008216      -23.3182392      -12.3353510      -9.80141926    
   1.71697628      -23.4066582      -12.3772326      -9.83264160    
   1.71748316      -23.5005779      -12.4124165      -9.86291218    
   1.71837091      -23.5924149      -12.4436169      -9.89017773    
   1.72859991      -23.6935158      -12.4725637      -9.92042065    
   1.73743916      -23.7976303      -12.5027914      -9.94983387    
   1.72995675      -23.9030685      -12.5305843      -9.97701073    
   1.73503065      -24.0084095      -12.5517807      -10.0069914    
   1.74557912      -24.1229115      -12.5726929      -10.0419292    
   1.75703454      -24.2411747      -12.5920973      -10.0726624    
   1.77079332      -24.3494930      -12.6134310      -10.1011972    
   1.79679990      -24.4532089      -12.6372480      -10.1284399    
   1.82135201      -24.5597630      -12.6554203      -10.1500301    
   1.83555675      -24.6705780      -12.6755123      -10.1729841    
   1.82956934      -24.7871284      -12.6947155      -10.1983824    
   1.82411253      -24.9048595      -12.7112589      -10.2246132    
   1.83655989      -25.0204182      -12.7255802      -10.2490988    
   1.85575306      -25.1382542      -12.7390709      -10.2761765    
   1.89477754      -25.2492428      -12.7498369      -10.3034468    
   1.96731281      -25.3649750      -12.7654781      -10.3262901    
   2.04205680      -25.4836349      -12.7820101      -10.3572817    
   2.11191893      -25.6028748      -12.8037014      -10.3940420    
   2.19804811      -25.7209606      -12.8274965      -10.4310541    
   2.30091310      -25.8367290      -12.8482533      -10.4644823    
   2.42035031      -25.9479351      -12.8623562      -10.4939785    
   2.50740957      -26.0619087      -12.8735905      -10.5174675    
   2.61144114      -26.1683197      -12.8868256      -10.5385141    
   2.76160455      -26.2625275      -12.9032431      -10.5597277    
   2.92555046      -26.3567638      -12.9132729      -10.5772152    
   3.08837724      -26.4585838      -12.9239540      -10.5943918    
   3.25676560      -26.5618973      -12.9380674      -10.6123285    
   3.41780686      -26.6749897      -12.9578438      -10.6335793    
   3.56327033      -26.7881203      -12.9769735      -10.6550083    
   3.72296739      -26.9022198      -12.9968710      -10.6765289    
   3.88143206      -27.0214691      -13.0176716      -10.6979513    
   4.04213333      -27.1481514      -13.0473127      -10.7170925    
   4.22277832      -27.2731056      -13.0758991      -10.7392569    
   4.42409086      -27.3904495      -13.1008978      -10.7628956    
   4.59657574      -27.5029087      -13.1296520      -10.7895632    
   4.76683092      -27.6102734      -13.1583557      -10.8150539    
   4.95058298      -27.7148132      -13.1874409      -10.8395042    
   5.13904953      -27.8157291      -13.2155581      -10.8667488    
   5.33808136      -27.9129524      -13.2442770      -10.8953753    
   5.50401020      -28.0215244      -13.2715435      -10.9245892    
   5.68803501      -28.1398811      -13.2929335      -10.9556103    
   5.87135744      -28.2442017      -13.3124237      -10.9893522    
   6.07550144      -28.3496971      -13.3378048      -11.0213861    
   6.26753139      -28.4627972      -13.3692999      -11.0512590    
   6.46539640      -28.5882969      -13.3990974      -11.0768967    
   6.67081022      -28.7163525      -13.4261627      -11.0999050    
   6.88335228      -28.8399410      -13.4526978      -11.1261520    
   7.07129574      -28.9697819      -13.4855385      -11.1491814    
   7.26344109      -29.0941734      -13.5191078      -11.1707563    
   7.44286489      -29.2194233      -13.5498695      -11.1930666    
   7.60783625      -29.3459702      -13.5874481      -11.2183790    
   7.79767275      -29.4598217      -13.6227064      -11.2390118    
   8.00507164      -29.5624352      -13.6608467      -11.2611561    
   8.21593189      -29.6617222      -13.6951361      -11.2812338    
   8.44629860      -29.7473259      -13.7274990      -11.2998371    
   8.69291878      -29.8250351      -13.7585344      -11.3149004    
   8.94642544      -29.8904076      -13.7843151      -11.3318748    
   9.21108437      -29.9559326      -13.8143778      -11.3505163    
   9.48581982      -30.0177269      -13.8362904      -11.3690157    
   9.74954987      -30.0848064      -13.8557081      -11.3829689    
   9.99651718      -30.1579571      -13.8868103      -11.4005470    
   10.2411346      -30.2349586      -13.9187088      -11.4210033    
   10.4730501      -30.3107929      -13.9442673      -11.4400911    
   10.7185526      -30.3855133      -13.9720430      -11.4573298    
   10.9627047      -30.4570675      -14.0031023      -11.4764881    
   11.1926975      -30.5322018      -14.0274639      -11.4922924    
   11.4400425      -30.6097908      -14.0562868      -11.5034895    
   11.6826677      -30.6869965      -14.0819464      -11.5186872    
   11.9203730      -30.7630272      -14.1127377      -11.5385036    
   12.1483965      -30.8411026      -14.1387501      -11.5579271    
   12.3739080      -30.9049511      -14.1620493      -11.5787621    
   12.6072273      -30.9640999      -14.1847420      -11.5950403    
   12.8476896      -31.0280933      -14.2055731      -11.6156130    
   13.0987883      -31.0815277      -14.2254801      -11.6317825    
   13.3501225      -31.1329556      -14.2391558      -11.6460428    
   13.6059828      -31.1939545      -14.2672949      -11.6639395    
   13.8638048      -31.2605762      -14.2931795      -11.6825714    
   14.1211796      -31.3371296      -14.3152132      -11.6994457    
   14.3874388      -31.4167252      -14.3323145      -11.7134466    
   14.6501312      -31.4949608      -14.3512869      -11.7294607    
   14.9038754      -31.5692577      -14.3755426      -11.7464209    
   15.1565208      -31.6340961      -14.4000082      -11.7669039    
   15.4123697      -31.7026138      -14.4245119      -11.7935982    
   15.6673346      -31.7721119      -14.4470663      -11.8192902    
   15.9292288      -31.8359985      -14.4724007      -11.8494740    
   16.2060795      -31.8958359      -14.4935331      -11.8779440    
   16.4864597      -31.9620857      -14.5197992      -11.9097204    
   16.7617302      -32.0378036      -14.5507631      -11.9413500    
   17.0424900      -32.1211777      -14.5851994      -11.9728727    
   17.3124180      -32.2153549      -14.6282558      -12.0067854    
   17.5741367      -32.3132401      -14.6697588      -12.0392323    
   17.8513412      -32.4107018      -14.7055683      -12.0705156    
   18.1068096      -32.5066299      -14.7408314      -12.1031723    
   18.3862591      -32.5931778      -14.7731962      -12.1277580    
   18.6722412      -32.6737404      -14.8014975      -12.1483917    
   18.9467697      -32.7501793      -14.8354254      -12.1729231    
   19.2098866      -32.8319778      -14.8689270      -12.1979704    
   19.4423828      -32.9165878      -14.9102955      -12.2244673    
   19.6892128      -33.0014954      -14.9434013      -12.2458639    
   19.9423714      -33.0814476      -14.9695063      -12.2680492    
   20.1957893      -33.1617737      -14.9964199      -12.2907829    
   20.4536839      -33.2475929      -15.0219221      -12.3110313    
   20.7163982      -33.3251190      -15.0526867      -12.3326054    
   20.9443378      -33.3971481      -15.0839386      -12.3547993    
   21.1836300      -33.4610558      -15.1181421      -12.3777494    
   21.4254494      -33.5358162      -15.1540937      -12.4003611    
   21.6351528      -33.6150055      -15.1929321      -12.4258795    
   21.8588352      -33.6957779      -15.2317457      -12.4508047    
   22.0486355      -33.7739105      -15.2694244      -12.4764385    
   22.2266674      -33.8533363      -15.3097591      -12.5032091    
   22.4195824      -33.9318924      -15.3435354      -12.5291243    
   22.6191673      -34.0162430      -15.3798056      -12.5536585    
   22.8337364      -34.0891151      -15.4119434      -12.5776596    
   23.0030117      -34.1732979      -15.4497099      -12.6031256    
   23.1780548      -34.2553101      -15.4892664      -12.6290379    
   23.3437080      -34.3400726      -15.5251656      -12.6563597    
   23.5114441      -34.4383316      -15.5711393      -12.6826172    
   23.6392574      -34.5347252      -15.6119566      -12.7129707    
   23.7661133      -34.6288033      -15.6494389      -12.7387753    
   23.8800850      -34.7322884      -15.6849365      -12.7641258    
   23.9753170      -34.8378639      -15.7186956      -12.7845020    
   24.1009731      -34.9424095      -15.7537756      -12.8018751    
   24.2527008      -35.0443954      -15.7901726      -12.8191843    
   24.4226074      -35.1489639      -15.8310814      -12.8403311    
   24.5973377      -35.2374725      -15.8663054      -12.8570719    
   24.7914505      -35.3196259      -15.8986988      -12.8727846    
   25.0024433      -35.4030762      -15.9278555      -12.8866968    
   25.2436619      -35.4845161      -15.9545116      -12.9008207    
   25.4750271      -35.5695381      -15.9805012      -12.9160681    
   25.7110653      -35.6615601      -16.0134544      -12.9309721    
   25.9076691      -35.7586899      -16.0490189      -12.9458141    
   26.0613937      -35.8502083      -16.0795383      -12.9614105    
   26.2024364      -35.9493141      -16.1086349      -12.9788942    
   26.3153973      -36.0571709      -16.1353302      -12.9961414    
   26.4137630      -36.1633224      -16.1589508      -13.0175409    
   26.5305767      -36.2796669      -16.1844521      -13.0378141    
   26.6088161      -36.3980255      -16.2072144      -13.0598383    
   26.7020054      -36.5017395      -16.2266731      -13.0804434    
   26.8035507      -36.6043777      -16.2477703      -13.0994987    
   26.8932152      -36.6987724      -16.2622414      -13.1168728    
   26.9761429      -36.7929153      -16.2790413      -13.1361799    
   27.0750370      -36.8929214      -16.2994423      -13.1547880    
   27.1667252      -36.9939308      -16.3254108      -13.1777468    
   27.2395229      -37.1096497      -16.3518314      -13.2021456    
   27.3293858      -37.2136154      -16.3756142      -13.2249708    
   27.4526787      -37.3091774      -16.3937702      -13.2417879    
   27.5640907      -37.4142494      -16.4151096      -13.2628965    
   27.6814804      -37.5258560      -16.4363060      -13.2824335    
   27.7876415      -37.6480598      -16.4573154      -13.3022566    
   27.8984394      -37.7708549      -16.4734306      -13.3196983    
   27.9977341      -37.8910599      -16.4916840      -13.3365278    
   28.1127567      -38.0046616      -16.5095959      -13.3542871    
   28.2150879      -38.1194687      -16.5350323      -13.3739109    
   28.3150711      -38.2354927      -16.5598698      -13.3912563    
   28.4112530      -38.3582573      -16.5837536      -13.4080372    
   28.4864750      -38.4824562      -16.6089211      -13.4239101    
   28.5654488      -38.6027946      -16.6358681      -13.4405260    
   28.6497726      -38.7303848      -16.6624565      -13.4550953    
   28.7253513      -38.8679924      -16.6874580      -13.4704552    
   28.8184223      -38.9911842      -16.7162361      -13.4857683    
   28.8806496      -39.1111946      -16.7494793      -13.5013857    
   28.9234943      -39.2358170      -16.7789936      -13.5157089    
   28.9704399      -39.3531647      -16.8076172      -13.5306606    
   29.0219707      -39.4637718      -16.8341427      -13.5438318    
   29.0657864      -39.5758858      -16.8608971      -13.5619688    
   29.0909672      -39.6803932      -16.8813839      -13.5745316    
   29.1316681      -39.7836838      -16.9005356      -13.5865688    
   29.1803589      -39.8860893      -16.9171925      -13.6007729    
   29.2376957      -39.9841995      -16.9343777      -13.6168623    
   29.3009548      -40.0848885      -16.9508171      -13.6335392    
   29.3505478      -40.1888847      -16.9643402      -13.6541786    
   29.4060783      -40.2984886      -16.9775620      -13.6715403    
   29.4758873      -40.3996086      -16.9854050      -13.6891565    
   29.5275517      -40.5052223      -16.9941349      -13.7057838    
   29.5925026      -40.6160583      -17.0079556      -13.7216749    
   29.7101383      -40.7187424      -17.0221901      -13.7347240    
   29.8101521      -40.8172760      -17.0311928      -13.7460537    
   29.8895893      -40.9135284      -17.0411110      -13.7603283    
   29.9558105      -41.0083656      -17.0482731      -13.7748823    
   30.0255566      -41.1032791      -17.0607910      -13.7894926    
   30.1084595      -41.1866112      -17.0717316      -13.8011103    
   30.1863194      -41.2757759      -17.0907192      -13.8161049    
   30.2552643      -41.3654594      -17.1170406      -13.8345032    
   30.3283215      -41.4474030      -17.1405926      -13.8493147    
   30.4040756      -41.5296631      -17.1647415      -13.8666258    
   30.4748955      -41.6165199      -17.1842804      -13.8818722    
   30.5606098      -41.6942711      -17.1993713      -13.8949270    
   30.6578274      -41.7728958      -17.2132072      -13.9046087    
   30.7357597      -41.8605957      -17.2333469      -13.9153881    
   30.7924557      -41.9481430      -17.2502785      -13.9256315    
   30.8498631      -42.0377579      -17.2697067      -13.9391012    
   30.8925877      -42.1260414      -17.2875957      -13.9560719    
   30.9528408      -42.2061577      -17.3081932      -13.9744101    
   31.0385227      -42.2795181      -17.3271732      -13.9894857    
   31.1261673      -42.3585052      -17.3451996      -14.0053635    
   31.2098427      -42.4480400      -17.3634243      -14.0219774    
   31.2799110      -42.5322571      -17.3864803      -14.0384655    
   31.3201199      -42.6196060      -17.4147434      -14.0591669    
   31.3656693      -42.7101440      -17.4460316      -14.0788069    
   31.4255161      -42.8044968      -17.4766083      -14.0971336    
   31.4776001      -42.9003525      -17.5048218      -14.1168718    
   31.5571537      -42.9875793      -17.5286045      -14.1375618    
   31.6499882      -43.0705109      -17.5438576      -14.1535034    
   31.7823772      -43.1422501      -17.5548935      -14.1690540    
   31.8803768      -43.2141571      -17.5710258      -14.1854925    
   32.0008430      -43.2917671      -17.5907669      -14.2037830    
   32.1114540      -43.3805771      -17.6122952      -14.2235765    
   32.2233467      -43.4669724      -17.6313267      -14.2418556    
   32.3479729      -43.5408058      -17.6515293      -14.2567492    
   32.4800072      -43.6131439      -17.6713696      -14.2716932    
   32.6112900      -43.6847878      -17.6903133      -14.2846985    
   32.7468834      -43.7608032      -17.7068195      -14.2980194    
   32.8994408      -43.8368874      -17.7199230      -14.3099384    
   33.0487862      -43.9102173      -17.7391872      -14.3219328    
   33.1874390      -43.9929085      -17.7538967      -14.3354616    
   33.3183250      -44.0607719      -17.7700386      -14.3466549    
   33.4489784      -44.1214867      -17.7870770      -14.3575420    
   33.5591125      -44.1773796      -17.8079948      -14.3715172    
   33.6755562      -44.2287750      -17.8256226      -14.3836336    
   33.8204384      -44.2818413      -17.8421516      -14.3946056    
   33.9762993      -44.3309212      -17.8606434      -14.4089355    
   34.1244202      -44.3931198      -17.8765469      -14.4228172    
   34.2620926      -44.4618073      -17.8936501      -14.4353266    
   34.3898315      -44.5324860      -17.9072418      -14.4487801    
   34.5143471      -44.6080208      -17.9251308      -14.4637280    
   34.6315155      -44.6828079      -17.9500599      -14.4778090    
   34.7331886      -44.7650414      -17.9777584      -14.4931526    
   34.8294029      -44.8572731      -18.0093689      -14.5097122    
   34.9486656      -44.9411430      -18.0370560      -14.5263500    
   35.0766296      -45.0267677      -18.0636024      -14.5422115    
   35.2124557      -45.1068535      -18.0868874      -14.5609674    
   35.3310165      -45.1869583      -18.1077709      -14.5791245    
   35.4502258      -45.2706871      -18.1289387      -14.5948486    
   35.5475349      -45.3546982      -18.1500130      -14.6117258    
   35.6258087      -45.4374962      -18.1722984      -14.6314745    
   35.6893311      -45.5176506      -18.2007427      -14.6476383    
   35.7417564      -45.6019630      -18.2287483      -14.6653957    
   35.7690163      -45.6937370      -18.2570171      -14.6818094    
   35.8235474      -45.7881165      -18.2832069      -14.6967421    
   35.8845749      -45.8844452      -18.3107815      -14.7112284    
   35.9425735      -45.9773331      -18.3321800      -14.7262630    
   36.0012665      -46.0706825      -18.3535938      -14.7417994    
   36.0662613      -46.1744041      -18.3764114      -14.7567453    
   36.1151543      -46.2774391      -18.3943615      -14.7714005    
   36.2011070      -46.3821373      -18.4097767      -14.7870111    
   36.2854118      -46.4851837      -18.4335651      -14.8063250    
   36.3259239      -46.5880814      -18.4594097      -14.8268194    
   36.3707962      -46.6796608      -18.4816914      -14.8428574    
   36.4440002      -46.7650986      -18.4979801      -14.8541965    
   36.5047607      -46.8411369      -18.5129604      -14.8689604    
   36.5482292      -46.9174423      -18.5273724      -14.8820534    
   36.6016846      -46.9827271      -18.5405540      -14.8942051    
   36.6718254      -47.0497208      -18.5549011      -14.9045649    
   36.7587776      -47.1161804      -18.5691223      -14.9127235    
   36.8517380      -47.1766014      -18.5786991      -14.9192362    
   36.9587517      -47.2356262      -18.5849552      -14.9264975    
   37.0541458      -47.2864609      -18.5922928      -14.9347162    
   37.1469688      -47.3382149      -18.6004810      -14.9437332    
   37.2319298      -47.3957596      -18.6045780      -14.9524012    
   37.3006935      -47.4512596      -18.6157494      -14.9638653    
   37.3783989      -47.5048294      -18.6269722      -14.9761925    
   37.4253426      -47.5630989      -18.6417751      -14.9906015    
   37.4701767      -47.6223145      -18.6590405      -15.0050678    
   37.5224800      -47.6816177      -18.6736984      -15.0178490    
   37.6102295      -47.7324677      -18.6869545      -15.0287790    
   37.7280579      -47.7742844      -18.6988144      -15.0380049    
   37.7954865      -47.8165207      -18.7211590      -15.0490646    
   37.8837242      -47.8605270      -18.7424374      -15.0599051    
   37.9827805      -47.9070854      -18.7670822      -15.0729046    
   38.0772629      -47.9626083      -18.7901649      -15.0851679    
   38.1458969      -48.0268097      -18.8088455      -15.0993280    
   38.2235527      -48.0809402      -18.8269176      -15.1177721    
   38.3121719      -48.1376991      -18.8441067      -15.1365862    
   38.4042511      -48.1831169      -18.8591518      -15.1530199    
   38.4745560      -48.2332802      -18.8725548      -15.1698017    
   38.5476799      -48.2933769      -18.8830357      -15.1832361    
   38.5983963      -48.3547096      -18.8945370      -15.1948214    
   38.6503143      -48.4256668      -18.9126549      -15.2038994    
   38.7282600      -48.5055084      -18.9343147      -15.2143383    
   38.7969551      -48.5834770      -18.9548378      -15.2270594    
   38.8781204      -48.6563072      -18.9752121      -15.2386208    
   38.9445839      -48.7333794      -18.9989872      -15.2539377    
   39.0150719      -48.8153114      -19.0228977      -15.2689762    
   39.0628624      -48.9052086      -19.0520802      -15.2878132    
   39.0832558      -48.9905014      -19.0803051      -15.3037529    
   39.1050758      -49.0725288      -19.1046982      -15.3174868    
   39.1200790      -49.1532211      -19.1282024      -15.3305626    
   39.1488380      -49.2276268      -19.1493301      -15.3405762    
   39.1963501      -49.3053818      -19.1724358      -15.3535652    
   39.2500763      -49.3780823      -19.1999416      -15.3691568    
   39.3236160      -49.4426003      -19.2251034      -15.3864670    
   39.4070778      -49.5039940      -19.2511196      -15.4029522    
   39.5079727      -49.5726738      -19.2772694      -15.4205933    
   39.6020622      -49.6377296      -19.2965298      -15.4349451    
   39.6737289      -49.7056122      -19.3121967      -15.4482813    
   39.7074013      -49.7705498      -19.3328438      -15.4619093    
   39.7621155      -49.8328285      -19.3528233      -15.4739752    
   39.7958450      -49.8985825      -19.3756962      -15.4884253    
   39.8335915      -49.9658737      -19.4009438      -15.5030870    
   39.8983459      -50.0372009      -19.4228554      -15.5172462    
   39.9749794      -50.1127930      -19.4414597      -15.5291662    
   40.0320206      -50.1837807      -19.4650288      -15.5456858    
   40.0820885      -50.2533150      -19.4855671      -15.5583649    
   40.1168823      -50.3264999      -19.5083199      -15.5741653    
   40.1434402      -50.3974915      -19.5333500      -15.5900269    
   40.1560631      -50.4763031      -19.5554276      -15.6086740    
   40.1774788      -50.5582542      -19.5788326      -15.6277637    
   40.1790619      -50.6431694      -19.6029892      -15.6468430    
   40.1829872      -50.7271805      -19.6327610      -15.6651239    
   40.2019615      -50.8055191      -19.6601830      -15.6809816    
   40.2273979      -50.8953781      -19.6895752      -15.6956015    
   40.2615471      -50.9877129      -19.7198696      -15.7088032    
   40.3096962      -51.0751839      -19.7437401      -15.7223740    
   40.3396873      -51.1639252      -19.7702141      -15.7382450    
   40.3671341      -51.2559853      -19.7950268      -15.7508001    
   40.3972931      -51.3533897      -19.8171215      -15.7662659    
   40.4320679      -51.4479637      -19.8414001      -15.7819958    
   40.4667320      -51.5484543      -19.8641949      -15.7959557    
   40.5326004      -51.6475449      -19.8825436      -15.8110495    
   40.5714188      -51.7479172      -19.9071865      -15.8275299    
   40.6060791      -51.8381233      -19.9347572      -15.8466520    
   40.6466370      -51.9110680      -19.9561214      -15.8632374    
   40.6592560      -51.9789581      -19.9746513      -15.8779840    
   40.6703224      -52.0450020      -19.9960594      -15.8926973    
   40.6856995      -52.1101646      -20.0193176      -15.9082413    
   40.7141418      -52.1773567      -20.0427818      -15.9229078    
   40.7430115      -52.2395668      -20.0658588      -15.9345036    
   40.7665558      -52.2940025      -20.0872650      -15.9440556    
   40.7908821      -52.3474884      -20.1056080      -15.9509888    
   40.8194695      -52.3971481      -20.1177120      -15.9600286    
   40.8332329      -52.4510918      -20.1287003      -15.9660244    
   40.8224411      -52.5075226      -20.1459961      -15.9747705    
   40.8375397      -52.5630608      -20.1628456      -15.9822998    
   40.8308144      -52.6270447      -20.1775360      -15.9934216    
   40.8193245      -52.6932373      -20.1931248      -16.0048161    
   40.7965240      -52.7562752      -20.2086735      -16.0186787    
   40.7525330      -52.8256073      -20.2275486      -16.0323105    
   40.7128258      -52.8941498      -20.2434521      -16.0444336    
   40.6940002      -52.9696884      -20.2612438      -16.0556698    
   40.6601906      -53.0468369      -20.2823601      -16.0701160    
   40.6300392      -53.1320457      -20.3071041      -16.0843754    
   40.6089630      -53.2216530      -20.3302116      -16.0999794    
   40.5904694      -53.3112640      -20.3489819      -16.1141243    
   40.5473480      -53.3996353      -20.3665962      -16.1302242    
   40.4770470      -53.4918175      -20.3881836      -16.1445198    
   40.4264793      -53.5790977      -20.4085579      -16.1587105    
   40.3870506      -53.6653824      -20.4274540      -16.1709290    
   40.3439865      -53.7420349      -20.4426804      -16.1805687    
   40.3207092      -53.8197670      -20.4573212      -16.1870270    
   40.2936592      -53.8933334      -20.4707699      -16.1946449    
   40.2443886      -53.9671898      -20.4867325      -16.2046700    
   40.2222481      -54.0387878      -20.4998074      -16.2145023    
   40.2223778      -54.1142998      -20.5125694      -16.2233295    
   40.2217903      -54.1787109      -20.5255909      -16.2349548    
   40.2262878      -54.2493591      -20.5397434      -16.2479610    
   40.2331390      -54.3235779      -20.5492096      -16.2627087    
   40.2213326      -54.4019814      -20.5569000      -16.2794743    
   40.2207603      -54.4759560      -20.5681210      -16.2944374    
   40.2036400      -54.5457382      -20.5787868      -16.3064728    
   40.1907883      -54.6224251      -20.5940571      -16.3196278    
   40.1963081      -54.7012978      -20.6071415      -16.3335381    
   40.2085571      -54.7822647      -20.6274166      -16.3512802    
   40.2310829      -54.8663826      -20.6502419      -16.3687668    
   40.2548676      -54.9566116      -20.6768913      -16.3867950    
   40.2742805      -55.0443115      -20.7010708      -16.4022045    
   40.2961845      -55.1356773      -20.7250233      -16.4189835    
   40.3321419      -55.2262840      -20.7482090      -16.4337711    
   40.3385391      -55.3157692      -20.7724743      -16.4466858    
   40.3226776      -55.4093018      -20.8009796      -16.4612827    
   40.3042183      -55.4976044      -20.8287964      -16.4835014    
   40.3073616      -55.5835800      -20.8549538      -16.5030594    
   40.3170967      -55.6733322      -20.8831005      -16.5250816    
   40.3220024      -55.7586327      -20.9137650      -16.5471382    
   40.2931671      -55.8526917      -20.9482098      -16.5731773    
   40.2672539      -55.9520988      -20.9849815      -16.5977268    
   40.2554855      -56.0559349      -21.0181713      -16.6217937    
   40.2445335      -56.1574440      -21.0549660      -16.6457348    
   40.2465630      -56.2629395      -21.0909595      -16.6663361    
   40.2507896      -56.3586693      -21.1279106      -16.6853600    
   40.2644119      -56.4553490      -21.1678658      -16.7029457    
   40.2773361      -56.5432549      -21.2010632      -16.7183628    
   40.3058815      -56.6315880      -21.2332325      -16.7322178    
   40.3472404      -56.7138596      -21.2611046      -16.7428761    
   40.3923454      -56.7955360      -21.2885895      -16.7542000    
   40.4459457      -56.8738174      -21.3113918      -16.7661934    
   40.5156021      -56.9462547      -21.3288326      -16.7777748    
   40.5787621      -57.0117645      -21.3442841      -16.7886295    
   40.6442032      -57.0632591      -21.3567562      -16.7990284    
   40.7092400      -57.1089096      -21.3695488      -16.8067894    
   40.7755203      -57.1555710      -21.3806572      -16.8156300    
   40.8172989      -57.2048035      -21.3954525      -16.8255920    
   40.8771095      -57.2543144      -21.4092941      -16.8351250    
   40.9253387      -57.3109550      -21.4222164      -16.8437996    
   40.9918861      -57.3726730      -21.4321766      -16.8498917    
   41.0615845      -57.4330025      -21.4392319      -16.8541260    
   41.1645126      -57.4860649      -21.4435863      -16.8566551    
   41.2554398      -57.5330811      -21.4475250      -16.8593483    
   41.3518867      -57.5787582      -21.4534798      -16.8650742    
   41.4371338      -57.6172371      -21.4563541      -16.8699284    
   41.5295677      -57.6604156      -21.4612350      -16.8776360    
   41.6212349      -57.7028656      -21.4690189      -16.8894215    
   41.7173004      -57.7527275      -21.4787140      -16.8965816    
   41.7994804      -57.7943535      -21.4922428      -16.9024296    
   41.8804092      -57.8252144      -21.5047512      -16.9078121    
   41.9540405      -57.8566742      -21.5186234      -16.9142189    
   42.0433464      -57.8858337      -21.5346489      -16.9209366    
   42.0967674      -57.9067802      -21.5475159      -16.9263191    
   42.1426888      -57.9265747      -21.5551834      -16.9341164    
   42.1523705      -57.9480629      -21.5662785      -16.9421120    
   42.1390724      -57.9756966      -21.5753384      -16.9516449    
   42.1196289      -57.9934158      -21.5811901      -16.9586334    
   42.1057053      -58.0149956      -21.5898380      -16.9645977    
   42.1110611      -58.0443192      -21.5993443      -16.9727116    
   42.0928993      -58.0780144      -21.6071644      -16.9796448    
   42.0777283      -58.1104927      -21.6159706      -16.9858913    
   42.0687256      -58.1384163      -21.6253223      -16.9908619    
   42.0691605      -58.1753235      -21.6367531      -16.9977264    
   42.0524902      -58.2162552      -21.6497650      -17.0052814    
   42.0362701      -58.2672043      -21.6632042      -17.0136299    
   42.0184441      -58.3256493      -21.6783619      -17.0197353    
   42.0230484      -58.3744850      -21.6891022      -17.0268517    
   42.0251961      -58.4232597      -21.7014980      -17.0363960    
   42.0198288      -58.4766731      -21.7117786      -17.0471497    
   41.9957085      -58.5323982      -21.7231827      -17.0568581    
   41.9565964      -58.5865631      -21.7320843      -17.0685959    
   41.9312096      -58.6370735      -21.7417507      -17.0772781    
   41.9219704      -58.6885719      -21.7496872      -17.0856056    
   41.9062424      -58.7465515      -21.7557869      -17.0932045    
   41.8799782      -58.8028221      -21.7601318      -17.1013927    
   41.8736725      -58.8617134      -21.7644768      -17.1102028    
   41.8571396      -58.9264755      -21.7718296      -17.1212997    
   41.8221741      -58.9936638      -21.7825432      -17.1340485    
   41.7898140      -59.0534782      -21.7941704      -17.1419258    
   41.7569466      -59.1152687      -21.8063602      -17.1535492    
   41.6966858      -59.1804085      -21.8228359      -17.1681976    
   41.6501694      -59.2511101      -21.8427773      -17.1824646    
   41.6240196      -59.3193855      -21.8670063      -17.2004051    
   41.5979576      -59.3839073      -21.8878365      -17.2202587    
   41.5736656      -59.4449806      -21.9069996      -17.2367458    
   41.5630608      -59.4987755      -21.9274559      -17.2532845    
   41.5349312      -59.5478859      -21.9469376      -17.2704964    
   41.5191498      -59.5968323      -21.9699745      -17.2886124    
   41.4927292      -59.6484184      -21.9932861      -17.3078575    
   41.4622574      -59.7022667      -22.0173798      -17.3288879    
   41.4483261      -59.7538948      -22.0391293      -17.3499203    
   41.4346657      -59.8102036      -22.0614204      -17.3681755    
   41.4173126      -59.8749580      -22.0824127      -17.3834248    
   41.4354782      -59.9298477      -22.1023464      -17.3958740    
   41.4708405      -59.9802856      -22.1177711      -17.4050694    
   41.5347557      -60.0358467      -22.1340427      -17.4149532    
   41.5835953      -60.0923347      -22.1515770      -17.4236927    
   41.6407356      -60.1446533      -22.1707478      -17.4321518    
   41.6969376      -60.1997604      -22.1872673      -17.4404564    
   41.7680054      -60.2580605      -22.2030830      -17.4477406    
   41.8437119      -60.3195915      -22.2167511      -17.4563560    
   41.9383507      -60.3832016      -22.2272243      -17.4650784    
   42.0497246      -60.4444542      -22.2398834      -17.4721870    
   42.1642303      -60.5051041      -22.2524776      -17.4800873    
   42.2725449      -60.5630188      -22.2671833      -17.4876270    
   42.3962555      -60.6166115      -22.2842045      -17.4958973    
   42.5303955      -60.6726494      -22.3036251      -17.5068207    
   42.6919327      -60.7304573      -22.3224678      -17.5191097    
   42.8580246      -60.7851257      -22.3418274      -17.5327702    
   43.0347519      -60.8410263      -22.3610096      -17.5471592    
   43.2036552      -60.8956375      -22.3770695      -17.5638428    
   43.3767738      -60.9464264      -22.3920670      -17.5795422    
   43.5514030      -60.9997711      -22.4076595      -17.5930443    
   43.7139931      -61.0535660      -22.4224300      -17.6057110    
   43.8787880      -61.1074677      -22.4398708      -17.6166687    
   44.0389900      -61.1592216      -22.4592819      -17.6292629    
   44.2013397      -61.2166939      -22.4818764      -17.6419640    
   44.3677902      -61.2781487      -22.5038567      -17.6547623    
   44.5394287      -61.3470383      -22.5267353      -17.6656704    
   44.7337837      -61.4114189      -22.5478878      -17.6746864    
   44.9543953      -61.4739075      -22.5702324      -17.6849899    
   45.1664543      -61.5347366      -22.5925980      -17.6975193    
   45.3980446      -61.5949173      -22.6139126      -17.7076988    
   45.6465683      -61.6514244      -22.6380424      -17.7175636    
   45.8878975      -61.7091026      -22.6562748      -17.7292423    
   46.1232376      -61.7703323      -22.6752052      -17.7403374    
   46.3829880      -61.8347473      -22.6928234      -17.7516937    
   46.6484795      -61.8976517      -22.7124252      -17.7628803    
   46.9052429      -61.9606552      -22.7316551      -17.7727489    
   47.1537094      -62.0253410      -22.7501469      -17.7818279    
   47.4006119      -62.0997467      -22.7704029      -17.7923203    
   47.6250267      -62.1795921      -22.7907372      -17.8033752    
   47.8411255      -62.2607422      -22.8129559      -17.8141689    
   48.0545883      -62.3467178      -22.8349323      -17.8249130    
   48.2801552      -62.4231682      -22.8564892      -17.8353519    
   48.5288391      -62.4999886      -22.8789692      -17.8463421    
   48.7644539      -62.5755539      -22.9006691      -17.8611526    
   48.9963684      -62.6539116      -22.9230881      -17.8754616    
   49.2127914      -62.7331429      -22.9431267      -17.8905087    
   49.4278946      -62.8139572      -22.9643574      -17.9077473    
   49.6463242      -62.8951378      -22.9835625      -17.9221573    
   49.8888016      -62.9761620      -23.0020161      -17.9344749    
   50.0871506      -63.0567589      -23.0225143      -17.9467697    
   50.2814560      -63.1389503      -23.0427456      -17.9588909    
   50.4514389      -63.2228851      -23.0625248      -17.9702244    
   50.6342316      -63.2960548      -23.0803185      -17.9792347    
   50.7966423      -63.3707771      -23.0971851      -17.9867535    
   50.9119682      -63.4503746      -23.1185322      -17.9962025    
   51.0324326      -63.5307198      -23.1380310      -18.0064068    
   51.1267433      -63.6120605      -23.1560669      -18.0149422    
   51.1852875      -63.6916466      -23.1747437      -18.0261688    
   51.2433205      -63.7721291      -23.1944904      -18.0357342    
   51.2961960      -63.8496513      -23.2124920      -18.0453053    
   51.3685646      -63.9279747      -23.2291260      -18.0534363    
   51.4514008      -64.0075150      -23.2457333      -18.0647335    
   51.5223198      -64.0809326      -23.2614460      -18.0741463    
   51.5915565      -64.1575089      -23.2762337      -18.0838604    
   51.6519547      -64.2354584      -23.2902164      -18.0902100    
   51.7045174      -64.3193054      -23.3080559      -18.1016674    
   51.7227554      -64.4073868      -23.3269005      -18.1130352    
   51.7442017      -64.4921417      -23.3454113      -18.1227627    
   51.7700882      -64.5770340      -23.3616734      -18.1328049    
   51.8134460      -64.6587830      -23.3756237      -18.1410027    
   51.8632698      -64.7495041      -23.3907547      -18.1488781    
   51.8848076      -64.8384018      -23.4120312      -18.1583633    
   51.9066734      -64.9286194      -23.4339123      -18.1692448    
   51.9266930      -65.0166168      -23.4569550      -18.1809120    
   51.9529114      -65.1105576      -23.4840374      -18.1938763    
   51.9878769      -65.2072296      -23.5119190      -18.2076702    
   52.0443001      -65.3006287      -23.5370197      -18.2198486    
   52.1048355      -65.3913193      -23.5608101      -18.2330132    
   52.1878624      -65.4781189      -23.5856171      -18.2454720    
   52.2746811      -65.5637894      -23.6111069      -18.2597313    
   52.3744392      -65.6434021      -23.6347980      -18.2708874    
   52.4817810      -65.7186890      -23.6574841      -18.2794075    
   52.5899849      -65.7913742      -23.6781616      -18.2872238    
   52.7033272      -65.8657684      -23.6999817      -18.2934666    
   52.8330994      -65.9368515      -23.7168407      -18.3003502    
   52.9607582      -66.0022430      -23.7341480      -18.3073387    
   53.0696564      -66.0652542      -23.7503605      -18.3154373    
   53.1685181      -66.1238251      -23.7693520      -18.3234730    
   53.2888489      -66.1805038      -23.7886982      -18.3303680    
   53.3988838      -66.2336655      -23.8072205      -18.3365364    
   53.5010796      -66.2897491      -23.8323021      -18.3448544    
   53.5821571      -66.3393478      -23.8543797      -18.3504658    
   53.6674118      -66.3898773      -23.8753357      -18.3551025    
   53.7338753      -66.4407578      -23.8918514      -18.3592415    
   53.7878952      -66.4885559      -23.9080410      -18.3651314    
   53.8362732      -66.5327301      -23.9222317      -18.3704262    
   53.8724174      -66.5829620      -23.9364910      -18.3746967    
   53.8957481      -66.6329498      -23.9518070      -18.3815517    
   53.9140320      -66.6880722      -23.9685860      -18.3898983    
   53.9159927      -66.7468414      -23.9859676      -18.3968639    
   53.9504929      -66.8101501      -24.0045357      -18.4034023    
   53.9838142      -66.8736496      -24.0238514      -18.4092445    
   54.0045967      -66.9371109      -24.0448341      -18.4179516    
   54.0114555      -66.9982681      -24.0623226      -18.4266872    
   54.0066032      -67.0632324      -24.0784969      -18.4365368    
   54.0120811      -67.1237030      -24.0944157      -18.4461079    
   54.0468674      -67.1910172      -24.1072235      -18.4567852    
   54.0820007      -67.2582626      -24.1242332      -18.4681625    
   54.0937080      -67.3199997      -24.1415863      -18.4794178    
   54.0912285      -67.3834686      -24.1590519      -18.4874496    
   54.0963211      -67.4472733      -24.1783657      -18.4971962    
   54.1238632      -67.5102386      -24.1984005      -18.5071907    
   54.1211090      -67.5713196      -24.2152519      -18.5162582    
   54.1049652      -67.6277618      -24.2319527      -18.5267429    
   54.0891724      -67.6858826      -24.2483826      -18.5359364    
   54.0720787      -67.7448959      -24.2606335      -18.5419559    
   54.0479431      -67.8026810      -24.2730064      -18.5477619    
   54.0613747      -67.8551941      -24.2859306      -18.5516338    
   54.1024704      -67.9057999      -24.2982082      -18.5554104    
   54.1544685      -67.9516373      -24.3061180      -18.5564270    
   54.1917915      -67.9979630      -24.3136787      -18.5594749    
   54.2188187      -68.0419540      -24.3220272      -18.5628643    
   54.2309990      -68.0872116      -24.3325233      -18.5686512    
   54.2265549      -68.1325378      -24.3401222      -18.5733376    
   54.2128601      -68.1844406      -24.3485413      -18.5801105    
   54.2113762      -68.2336884      -24.3561192      -18.5862293    
   54.1954384      -68.2806015      -24.3667641      -18.5944004    
   54.1582413      -68.3257370      -24.3797646      -18.6042118    
   54.0983276      -68.3701782      -24.3921776      -18.6126804    
   54.0365715      -68.4117432      -24.4034595      -18.6205635    
   53.9688683      -68.4510117      -24.4165173      -18.6298389    
   53.8936806      -68.4846191      -24.4288559      -18.6401348    
   53.8094406      -68.5293503      -24.4444656      -18.6519909    
   53.7106934      -68.5714645      -24.4563618      -18.6609192    
   53.6005478      -68.6105881      -24.4655571      -18.6704121    
   53.4915695      -68.6491776      -24.4759941      -18.6803856    
   53.3966904      -68.6878662      -24.4887676      -18.6909218    
   53.3151855      -68.7272568      -24.4992027      -18.6986904    
   53.2165909      -68.7654877      -24.5098400      -18.7062435    
   53.1268883      -68.7991791      -24.5185833      -18.7132015    
   53.0180664      -68.8301392      -24.5253258      -18.7212086    
   52.9309311      -68.8589859      -24.5316753      -18.7289963    
   52.8646393      -68.8859253      -24.5420761      -18.7403164    
   52.8042603      -68.9122467      -24.5550060      -18.7557926    
   52.7287674      -68.9351959      -24.5716553      -18.7722340    
   52.6340065      -68.9666595      -24.5875587      -18.7863197    
   52.5272675      -69.0029602      -24.6050014      -18.7982311    
   52.3949165      -69.0437088      -24.6267147      -18.8126907    
   52.2920837      -69.0879669      -24.6490898      -18.8282795    
   52.1979942      -69.1309586      -24.6687794      -18.8398609    
   52.0919495      -69.1787262      -24.6864872      -18.8526421    
   51.9904137      -69.2222824      -24.7036972      -18.8636799    
   51.8897896      -69.2594223      -24.7184734      -18.8753452    
   51.7832642      -69.2971954      -24.7316113      -18.8883648    
   51.6602592      -69.3323669      -24.7460251      -18.8994522    
   51.5609283      -69.3694992      -24.7638912      -18.9120731    
   51.4378853      -69.4059525      -24.7798634      -18.9227200    
   51.2840309      -69.4394989      -24.7969666      -18.9318352    
   51.1491890      -69.4705276      -24.8136196      -18.9393501    
   51.0207329      -69.4980850      -24.8332539      -18.9469376    
   50.9057312      -69.5257111      -24.8528881      -18.9555321    
   50.8192329      -69.5507660      -24.8733578      -18.9632015    
   50.7688484      -69.5801468      -24.8966446      -18.9738216    
   50.7187271      -69.6035004      -24.9107914      -18.9831238    
   50.6328049      -69.6294632      -24.9260826      -18.9920483    
   50.5328369      -69.6600037      -24.9444141      -19.0012035    
   50.4357185      -69.6957474      -24.9659042      -19.0119209    
   50.3576660      -69.7303085      -24.9849701      -19.0223618    
   50.2827530      -69.7622147      -25.0045357      -19.0307255    
   50.2083244      -69.7995377      -25.0285339      -19.0395184    
   50.1387939      -69.8407516      -25.0509663      -19.0483208    
   50.0813141      -69.8830872      -25.0744324      -19.0575409    
   50.0183487      -69.9283066      -25.0957565      -19.0637493    
   49.9570007      -69.9783936      -25.1194611      -19.0711155    
   49.9005394      -70.0269623      -25.1429996      -19.0786800    
   49.8311195      -70.0729980      -25.1627922      -19.0876083    
   49.7459373      -70.1133575      -25.1800461      -19.0990410    
   49.6975708      -70.1462555      -25.1967831      -19.1087742    
   49.6666946      -70.1764984      -25.2093964      -19.1197853    
   49.6316681      -70.2076721      -25.2214699      -19.1312428    
   49.5960236      -70.2373962      -25.2314892      -19.1414814    
   49.5480919      -70.2658844      -25.2451496      -19.1526814    
   49.5026245      -70.2874603      -25.2561378      -19.1610126    
   49.4236374      -70.3155899      -25.2664204      -19.1691380    
   49.3203239      -70.3438568      -25.2779884      -19.1788292    
   49.2283325      -70.3770370      -25.2930374      -19.1864491    
   49.1069832      -70.4072876      -25.3078003      -19.1957207    
   48.9757652      -70.4326630      -25.3207321      -19.2044830    
   48.8437691      -70.4680786      -25.3355064      -19.2143593    
   48.7097969      -70.5059891      -25.3523560      -19.2252865    
   48.5559921      -70.5476913      -25.3676701      -19.2359962    
   48.4315872      -70.5891495      -25.3801727      -19.2466164    
   48.3018456      -70.6269684      -25.3968868      -19.2587910    
   48.1708260      -70.6641312      -25.4114552      -19.2699642    
   48.0257607      -70.7000732      -25.4258766      -19.2823315    
   47.8959236      -70.7348404      -25.4386177      -19.2921753    
   47.7794495      -70.7749252      -25.4523258      -19.3023338    
   47.6599808      -70.8167343      -25.4702530      -19.3137493    
   47.5294266      -70.8472595      -25.4867401      -19.3257236    
   47.3912315      -70.8754501      -25.4992905      -19.3349476    
   47.2605972      -70.9039230      -25.5118198      -19.3440990    
   47.1119270      -70.9287796      -25.5230408      -19.3530674    
   46.9765892      -70.9521790      -25.5333633      -19.3610592    
   46.8677979      -70.9838028      -25.5384693      -19.3678970    
   46.7579536      -71.0190506      -25.5475140      -19.3750629    
   46.6692162      -71.0594406      -25.5596294      -19.3833351    
   46.5902939      -71.0982513      -25.5720463      -19.3923645    
   46.5376015      -71.1483307      -25.5859013      -19.4004307    
   46.5165215      -71.1949310      -25.6001148      -19.4085121    
   46.5205307      -71.2375183      -25.6088009      -19.4152641    
   46.5091782      -71.2900467      -25.6213989      -19.4230003    
   46.5078316      -71.3436356      -25.6384964      -19.4317799    
   46.4840965      -71.4010849      -25.6556549      -19.4405880    
   46.4524231      -71.4493484      -25.6684723      -19.4502792    
   46.4343796      -71.4981537      -25.6823273      -19.4602890    
   46.4052086      -71.5473175      -25.6941185      -19.4702396    
   46.3927155      -71.5997238      -25.7063580      -19.4822788    
   46.3530846      -71.6515274      -25.7208023      -19.4947472    
   46.3236008      -71.7048111      -25.7389622      -19.5077477    
   46.2933655      -71.7550049      -25.7547836      -19.5178852    
   46.2593994      -71.8064346      -25.7706127      -19.5281601    
   46.2429581      -71.8634338      -25.7878017      -19.5385189    
   46.2084732      -71.9143143      -25.8062458      -19.5485897    
   46.1775475      -71.9646454      -25.8248043      -19.5581589    
   46.1461830      -72.0103912      -25.8433952      -19.5682564    
   46.1363449      -72.0556564      -25.8643951      -19.5752678    
   46.1395302      -72.0988998      -25.8834896      -19.5798435    
   46.1616821      -72.1418915      -25.9055538      -19.5847759    
   46.1763382      -72.1826248      -25.9256458      -19.5905762    
   46.2027397      -72.2293854      -25.9462509      -19.5985718    
   46.2458344      -72.2744675      -25.9677849      -19.6092110    
   46.3100319      -72.3167496      -25.9862785      -19.6206226    
   46.3493881      -72.3655777      -26.0107346      -19.6367798    
   46.3945923      -72.4146194      -26.0361347      -19.6530190    
   46.4575768      -72.4587936      -26.0583572      -19.6678696    
   46.5252342      -72.5036392      -26.0811901      -19.6819019    
   46.5964279      -72.5449982      -26.1008263      -19.6951504    
   46.6743355      -72.5848160      -26.1201286      -19.7067070    
   46.7748299      -72.6273575      -26.1419258      -19.7182522    
   46.8909416      -72.6707458      -26.1613331      -19.7301273    
   47.0148697      -72.7183304      -26.1767464      -19.7428074    
   47.1524429      -72.7682037      -26.1910076      -19.7573242    
   47.2748795      -72.8177109      -26.2017326      -19.7695217    
   47.4101372      -72.8603516      -26.2109814      -19.7814770    
   47.5300140      -72.9069443      -26.2187672      -19.7938251    
   47.6598396      -72.9524231      -26.2289772      -19.8037090    
   47.7793808      -72.9915009      -26.2390709      -19.8139267    
   47.8928833      -73.0386353      -26.2501945      -19.8256569    
   47.9970627      -73.0820999      -26.2628670      -19.8383179    
   48.1001244      -73.1261139      -26.2759933      -19.8513088    
