   0.00000000       0.00000000       0.00000000       0.00000000    
  0.500000000      0.475219995      0.449990004      0.425655007    
   2.99295998       2.74130011       2.49850321       2.27407002    
   7.47171974       6.70644951       6.00379992       5.36517525    
   13.9244165       12.3106537       10.8446321       9.52719402    
   22.4572277       19.5567665       16.9645901       14.6444721    
   33.0245934       28.2899952       24.1941967       20.5542393    
   45.4659615       38.3772163       32.3185310       27.0811558    
   60.0017586       49.9449577       41.4699745       34.2425270    
   76.5160522       62.7869339       51.3254471       41.8523865    
   95.0845184       76.9182358       61.9747887       49.9085426    
   115.734566       92.2748642       73.2876968       58.2984734    
   138.311432       108.647911       85.2623901       67.0363388    
   162.721527       126.006805       97.7743378       76.0529327    
   189.334366       144.558640       110.729919       85.2225266    
   218.099594       164.180679       124.162354       94.7139893    
   248.940186       184.990875       138.108307       104.455383    
   281.489471       206.437439       152.028717       113.965027    
   316.037201       228.604919       166.315933       123.570717    
   352.430298       251.553268       180.747986       133.170654    
   390.779388       275.354065       195.595291       142.792038    
   431.203735       299.981445       210.648636       152.353058    
   473.540131       325.132812       225.856903       161.973465    
   517.926941       351.057648       241.414291       171.697845    
   564.323181       377.608826       257.094696       181.358719    
   612.528259       404.657593       272.879089       191.031906    
   662.695007       432.641510       288.734009       200.649811    
   714.713867       461.203613       304.877563       210.256760    
   768.565308       490.120514       321.043671       219.827332    
   824.603638       519.400574       337.252258       229.534195    
   882.715637       549.274109       353.580872       239.137253    
   942.715881       579.503357       370.127563       248.732178    
   1004.59131       609.610535       386.459137       258.216125    
   1068.13354       640.040283       402.805389       267.708618    
   1133.96545       670.857910       419.126465       277.040375    
   1201.61414       701.952087       435.260925       286.268433    
   1271.21521       733.054199       451.348511       295.284790    
   1343.10486       764.550781       467.182739       304.433167    
   1417.00989       796.394531       483.239288       313.610657    
   1493.36389       828.752686       499.285858       322.719727    
   1572.07434       861.427185       515.441711       331.497467    
   1652.86523       894.545959       531.797729       340.437225    
   1735.34229       928.037354       548.052368       349.481354    
   1819.48181       961.793335       564.140076       358.400299    
   1905.08215       995.493347       580.019531       366.985901    
   1992.63098       1029.46021       595.713684       375.188965    
   2082.36426       1063.59937       611.315369       383.349426    
   2173.73999       1097.63196       626.857300       391.461884    
   2266.90869       1131.63135       642.300354       399.673920    
   2362.64868       1165.77344       657.831299       407.878540    
   2460.12891       1199.92529       673.156921       415.843903    
   2559.81665       1234.56519       688.460938       423.682800    
   2661.26221       1269.32422       704.087952       431.628326    
   2764.69800       1303.81775       719.599487       439.472504    
   2869.81787       1338.04822       734.797241       447.289612    
   2977.07568       1372.35095       750.017395       454.944061    
   3086.41089       1406.63940       765.179016       462.459320    
   3198.23438       1441.07593       780.121338       469.753235    
   3312.13745       1475.70435       794.541138       476.977905    
   3427.61963       1510.48816       808.615295       484.190765    
   3544.97437       1545.69238       822.752563       491.536713    
   3664.44580       1580.80896       836.988281       498.718384    
   3785.81323       1615.46057       851.005798       505.933807    
   3908.98267       1650.43640       864.882568       512.913147    
   4034.29321       1685.45312       878.509094       519.839050    
   4161.90576       1720.63892       891.886719       526.738098    
   4292.36670       1755.86121       905.490173       533.515320    
   4424.54150       1791.38928       919.245544       540.417358    
   4558.30176       1826.70276       932.592102       547.142029    
   4694.28467       1861.72302       945.979980       553.978882    
   4832.87695       1896.66602       959.338074       560.689270    
   4973.27002       1931.88623       972.711060       567.295837    
   5116.02832       1967.09436       985.903870       573.911560    
   5260.20117       2001.52808       998.930786       580.310669    
   5406.02686       2035.99194       1011.99738       586.573608    
   5554.26416       2070.36914       1025.16309       592.741516    
   5703.95361       2104.52246       1038.23877       598.974426    
   5855.25244       2138.97388       1051.11145       605.162231    
   6008.96094       2173.53540       1063.97632       611.412598    
   6164.45557       2207.71924       1076.72351       617.644836    
   6322.04639       2241.66602       1089.30188       623.682495    
   6482.17627       2275.28052       1101.69873       629.854736    
   6644.29199       2309.18213       1114.04297       635.945740    
   6807.69580       2342.99561       1126.42224       641.957886    
   6972.47314       2376.89868       1138.51807       648.068420    
   7138.68945       2410.65308       1150.49146       654.083679    
   7307.26611       2444.58813       1162.56946       660.272095    
   7478.48730       2478.10425       1174.42798       666.377808    
   7651.51074       2512.04443       1186.54956       672.547974    
   7827.00391       2546.06055       1198.37988       678.553589    
   8005.37646       2580.32666       1210.28149       684.544556    
   8186.61719       2614.58081       1222.22693       690.525513    
   8370.20996       2648.34326       1233.94775       696.530457    
   8556.15625       2681.87427       1245.82715       702.555115    
   8744.70117       2715.74390       1257.63147       708.500488    
   8934.87793       2748.95752       1269.20117       714.210571    
   9127.49609       2782.47485       1280.51880       719.957520    
   9322.13574       2815.82739       1291.81519       725.601746    
   9518.56836       2848.90063       1303.20764       731.188354    
   9717.08594       2881.96021       1314.44397       736.677490    
   9917.52051       2915.26318       1325.67712       742.177124    
   10120.5176       2948.20923       1336.62952       747.589294    
   10325.6123       2981.05298       1347.68677       753.055847    
   10533.4307       3013.10889       1358.78027       758.634460    
   10743.8926       3045.66479       1369.97913       764.140503    
   10956.7383       3078.33765       1381.08289       769.697083    
   11171.3750       3111.18872       1392.17737       775.270935    
   11388.2188       3144.07861       1403.14465       780.625183    
   11607.3584       3177.23975       1413.81030       785.975342    
   11828.2441       3210.41406       1424.57251       791.350830    
   12050.9375       3243.25098       1435.10522       796.666931    
   12274.9951       3275.56030       1445.27588       801.856628    
   12501.2920       3307.87012       1455.53003       806.987000    
   12728.7197       3340.04980       1465.96057       811.967896    
   12957.7500       3372.03149       1476.40906       816.796692    
   13188.1729       3403.61768       1486.93311       821.596924    
   13420.8926       3435.42505       1497.43628       826.437683    
   13654.7402       3466.76831       1507.95972       831.152954    
   13890.5049       3497.80664       1518.11621       835.929810    
   14128.3760       3528.97339       1528.36279       840.596497    
   14369.7656       3560.37476       1538.84460       845.315674    
   14612.7422       3591.67139       1549.37000       850.100769    
   14858.0020       3622.62744       1560.00854       854.767151    
   15104.0107       3653.27466       1570.56287       859.509033    
   15352.4971       3683.72314       1581.13525       864.270081    
   15603.5732       3714.17773       1591.69128       869.081360    
   15856.2295       3744.32861       1602.34265       873.841736    
   16111.4395       3774.46753       1612.92126       878.676636    
   16368.3350       3804.61426       1623.73279       883.581726    
   16627.9590       3834.60474       1634.23938       888.435913    
   16889.5840       3864.79736       1644.64746       893.418396    
   17152.8340       3894.81494       1654.93616       898.234863    
   17416.9648       3924.66748       1665.04089       903.111389    
   17682.6641       3954.42236       1675.17163       908.022766    
   17950.2949       3984.26440       1685.34119       912.894043    
   18220.2109       4013.85303       1695.44421       917.630737    
   18492.0020       4043.44775       1705.57092       922.412720    
   18765.2109       4072.94434       1715.39600       927.047668    
   19041.0488       4102.30127       1725.15259       931.583923    
   19318.6758       4131.95996       1734.87378       936.041260    
   19597.7891       4161.77148       1744.65430       940.446350    
   19878.0566       4190.80957       1754.34448       944.676208    
   20159.8457       4219.70557       1763.86377       948.836609    
   20443.7480       4248.28760       1773.24036       953.024719    
   20729.0117       4276.64502       1782.53076       957.276245    
   21016.1328       4305.18359       1791.65210       961.438293    
   21304.7832       4333.75439       1800.91223       965.672180    
   21595.7344       4362.27539       1809.95337       969.791687    
   21888.9121       4390.45166       1818.85034       973.892578    
   22184.9863       4418.23096       1827.85059       977.976868    
   22483.0742       4445.92822       1836.92810       982.042114    
   22784.5918       4473.62939       1845.99890       986.151550    
   23088.2910       4501.47217       1854.95044       990.132629    
   23394.3984       4529.87207       1863.84265       994.025696    
   23702.6367       4558.21094       1872.58618       997.951172    
   24011.4863       4585.94385       1881.34180       1001.96710    
   24322.0352       4613.55957       1890.10083       1005.85175    
   24634.3457       4641.05420       1898.80640       1009.97278    
   24948.0254       4668.58154       1907.39465       1014.03278    
   25262.9473       4695.77344       1915.91492       1018.12445    
   25579.4199       4722.79102       1924.66199       1022.21588    
   25897.9062       4749.52197       1933.20959       1026.13623    
   26218.4688       4775.85205       1941.87305       1030.02393    
   26541.4219       4802.28613       1950.54309       1033.94067    
   26866.0586       4828.43359       1959.18591       1037.82642    
   27193.4512       4854.82715       1967.85876       1041.70374    
   27522.4238       4881.43359       1976.43665       1045.52344    
   27852.5117       4908.18896       1984.97437       1049.29492    
   28184.3496       4934.61963       1993.23865       1053.07812    
   28518.3184       4960.68848       2001.36768       1056.91125    
   28855.3516       4986.29297       2009.61572       1060.66052    
   29193.5645       5011.87012       2017.65405       1064.51074    
   29533.3633       5037.18408       2025.49292       1068.10352    
   29874.2207       5062.31738       2033.33716       1071.62305    
   30216.0254       5087.18311       2040.97961       1075.11975    
   30559.0918       5112.08740       2048.54712       1078.58032    
   30905.3945       5137.09717       2056.26367       1082.05139    
   31253.3301       5162.01709       2063.97656       1085.49060    
   31603.6113       5187.12402       2071.76904       1088.93127    
   31955.7344       5212.16943       2079.78833       1092.47974    
   32309.4414       5237.41064       2087.67627       1096.06018    
   32664.7090       5262.42139       2095.70703       1099.61365    
   33021.4180       5287.06348       2103.72974       1103.06384    
   33380.9336       5311.83105       2111.58643       1106.44250    
   33743.4258       5336.81250       2119.63623       1109.88354    
   34107.2188       5361.95850       2127.63525       1113.32068    
   34472.2578       5387.43604       2135.75464       1116.85510    
   34839.0664       5412.74463       2143.79663       1120.47546    
   35208.0430       5437.92920       2151.66333       1124.07507    
   35579.8555       5462.83887       2159.52661       1127.62708    
   35953.2383       5487.57959       2167.33838       1131.15161    
   36328.6328       5512.38916       2175.06689       1134.68787    
   36706.1250       5537.29248       2182.94067       1138.28149    
   37086.1289       5561.95264       2190.59058       1141.57971    
   37468.0820       5586.34668       2198.17383       1144.88696    
   37852.1367       5610.36426       2205.94507       1148.24060    
   38238.5859       5634.51855       2213.59082       1151.57935    
   38626.6992       5658.43701       2221.26758       1154.93323    
   39016.6484       5682.68164       2228.82080       1158.24988    
   39408.0000       5706.93945       2236.32520       1161.61255    
   39800.8984       5731.00146       2243.92554       1165.02869    
   40195.0664       5754.92090       2251.40015       1168.31531    
   40590.7852       5778.55713       2259.04248       1171.65417    
   40990.1016       5802.23975       2266.54346       1174.97705    
   41392.2227       5825.87598       2274.16870       1178.29431    
   41796.9141       5849.34668       2281.88477       1181.65796    
   42205.3789       5872.65674       2289.71216       1185.06470    
   42614.7539       5895.98193       2297.42896       1188.47607    
   43024.9258       5919.16309       2304.90186       1191.81555    
   43437.1953       5942.56055       2312.52515       1195.23901    
   43851.1719       5966.15039       2320.11499       1198.55298    
   44267.1875       5989.68506       2327.74951       1201.83704    
   44685.8086       6013.35547       2335.22900       1205.09009    
   45106.6055       6037.05811       2342.69189       1208.36023    
   45529.9531       6060.46338       2350.14648       1211.60132    
   45955.2305       6084.24268       2357.76514       1214.89258    
   46382.3555       6108.30762       2365.37866       1218.07971    
   46812.6289       6132.31641       2373.02661       1221.36914    
   47245.2148       6156.33691       2380.69727       1224.56665    
   47680.0977       6180.00146       2388.46753       1227.68616    
   48116.7891       6203.82520       2396.15674       1230.89429    
   48555.8789       6227.99658       2403.66479       1234.07776    
   48996.4102       6252.18311       2411.07666       1237.27893    
   49439.3477       6276.16650       2418.21802       1240.45154    
   49881.8750       6299.90332       2425.24121       1243.54700    
   50326.0547       6323.58936       2432.13379       1246.47400    
   50772.1094       6347.22070       2438.94092       1249.43323    
   51220.5469       6370.74756       2445.85938       1252.56799    
   51670.6289       6393.86377       2452.69019       1255.53577    
   52122.2305       6417.28223       2459.63135       1258.53064    
   52576.0703       6440.37988       2466.32812       1261.56165    
   53032.0195       6463.36621       2472.93921       1264.55627    
   53489.0586       6486.13477       2479.66089       1267.56079    
   53949.1523       6508.73779       2486.42993       1270.59900    
   54411.7109       6531.40771       2493.17017       1273.62769    
   54877.0703       6554.17676       2499.87622       1276.71301    
   55345.5000       6576.86963       2506.73267       1279.94543    
   55816.1680       6599.52002       2513.58862       1283.08142    
   56289.2070       6622.17529       2520.31348       1286.20947    
   56763.7930       6644.67383       2527.13184       1289.36230    
   57240.2891       6667.15088       2533.88330       1292.51343    
   57718.0234       6689.96777       2540.67822       1295.51001    
   58197.4414       6712.44482       2547.45239       1298.54321    
   58677.3594       6735.13867       2554.27100       1301.64160    
   59159.5469       6757.74365       2561.13013       1304.76843    
   59643.3320       6780.23096       2568.31348       1307.80066    
   60128.3711       6802.87549       2575.28711       1310.83142    
   60615.6211       6825.64502       2582.16772       1313.86731    
   61105.3945       6848.61963       2588.87500       1316.87170    
   61596.6445       6871.55811       2595.47656       1319.78735    
   62090.5781       6894.77783       2602.03125       1322.56494    
   62586.7031       6917.58643       2608.57812       1325.35938    
   63084.4219       6940.31152       2615.10449       1328.24670    
   63584.6992       6963.17725       2621.49243       1331.09924    
   64086.7422       6986.02490       2627.82739       1333.90625    
   64590.5273       7008.50537       2634.25366       1336.72839    
   65096.3281       7030.84570       2640.55396       1339.46680    
   65604.6875       7053.45166       2647.05127       1342.25220    
   66115.2031       7076.11035       2653.55908       1345.03467    
   66627.7266       7098.63037       2659.89941       1347.78162    
   67142.3438       7121.18213       2665.84351       1350.47070    
   67660.1172       7143.51270       2671.87378       1353.17102    
   68178.6406       7165.80225       2677.83618       1355.86963    
   68699.6016       7188.27246       2683.76343       1358.64600    
   69222.5703       7210.72900       2689.67407       1361.45508    
   69747.1562       7233.04834       2695.50806       1364.22815    
   70274.6875       7255.42285       2701.52686       1367.03552    
   70803.8672       7277.45654       2707.50732       1369.89868    
   71334.6406       7299.03906       2713.53760       1372.71240    
   71867.6484       7320.61377       2719.51465       1375.43384    
   72401.5234       7342.06055       2725.50146       1378.16211    
   72938.2656       7363.40430       2731.54443       1380.83813    
   73476.6953       7384.87598       2737.61572       1383.51160    
   74016.6172       7406.43359       2743.61719       1386.34546    
   74559.4531       7428.02441       2749.54980       1389.10449    
   75104.9688       7449.19727       2755.40601       1391.91919    
   75653.1250       7469.99121       2761.30444       1394.73608    
   76202.9219       7490.72705       2767.42676       1397.55640    
   76755.5547       7511.61377       2773.57617       1400.35095    
   77310.7188       7532.40479       2779.53540       1403.17981    
   77868.9844       7552.85010       2785.52539       1406.02002    
   78428.9453       7573.36084       2791.55762       1408.83777    
   78991.1406       7593.86133       2797.47705       1411.67041    
   79555.6953       7613.96729       2803.43091       1414.44983    
   80122.0859       7633.78857       2809.47217       1417.15674    
   80690.5078       7653.79346       2815.54956       1419.81982    
   81259.9297       7673.80908       2821.59155       1422.39111    
   81832.0156       7694.10400       2827.66821       1424.97510    
   82404.2734       7714.39209       2833.70728       1427.50500    
   82976.6562       7734.77295       2839.84302       1430.08936    
   83550.4375       7754.92383       2845.75464       1432.62000    
   84127.6094       7774.92480       2851.53516       1435.09680    
   84707.5938       7794.93945       2857.30249       1437.63611    
   85289.1953       7814.72607       2863.00830       1440.12622    
   85873.2578       7834.41357       2868.56592       1442.57532    
   86459.8672       7853.90332       2874.09277       1445.04480    
   87047.5156       7873.74854       2879.65283       1447.47876    
   87637.0078       7893.72021       2885.21802       1449.97217    
   88229.1562       7913.78223       2890.88745       1452.37964    
   88822.2344       7933.68066       2896.49658       1454.82495    
   89417.5547       7953.99658       2902.21094       1457.35083    
   90013.9375       7974.18115       2907.91846       1459.86584    
   90613.3516       7994.15674       2913.60645       1462.30090    
   91215.1250       8013.96338       2919.18994       1464.71777    
   91819.2031       8033.75293       2924.69849       1467.14526    
   92425.2500       8053.61865       2930.27661       1469.55115    
   93032.9297       8073.93311       2935.91333       1472.00708    
   93642.9531       8094.40283       2941.53613       1474.55151    
   94255.4922       8114.66309       2947.14087       1477.13843    
   94868.7422       8134.54883       2952.57104       1479.65295    
   95483.9297       8154.50391       2957.94922       1482.19177    
   96100.8594       8174.50488       2963.33862       1484.71021    
   96720.8203       8194.33105       2968.68384       1487.17566    
   97342.8359       8214.01953       2974.13452       1489.64893    
   97967.4609       8234.05469       2979.49390       1491.96155    
   98594.2422       8253.99414       2984.81323       1494.25098    
   99221.7656       8273.87988       2990.08130       1496.61804    
   99850.5547       8293.42480       2995.44604       1499.09570    
   100481.250       8313.00195       3000.70630       1501.57715    
   101114.281       8332.54004       3005.98291       1504.08960    
   101749.711       8352.35059       3011.34424       1506.67542    
   102387.141       8372.08887       3016.69214       1509.23145    
   103025.852       8391.70020       3021.98560       1511.70825    
   103665.727       8411.48730       3027.32080       1514.19250    
   104308.156       8430.69922       3032.58350       1516.62354    
   104953.672       8449.93945       3037.74414       1518.96765    
   105600.539       8469.01758       3042.73340       1521.33911    
   106250.406       8487.93164       3047.75537       1523.74133    
   106902.617       8506.77832       3052.88989       1526.03503    
   107556.547       8525.72754       3058.21069       1528.49109    
   108213.938       8544.71484       3063.64648       1530.99536    
   108873.516       8563.25781       3069.01245       1533.44702    
   109535.789       8581.95898       3074.45898       1535.90320    
   110199.484       8600.74512       3079.98096       1538.31287    
   110864.547       8619.50293       3085.50513       1540.65210    
   111529.852       8638.41211       3091.02002       1543.06177    
   112196.219       8657.24609       3096.28271       1545.45703    
   112864.820       8675.96289       3101.60620       1547.87256    
   113535.477       8694.65430       3106.91479       1550.29834    
   114208.938       8713.41895       3112.34204       1552.76721    
   114884.500       8732.29590       3117.86255       1555.19177    
   115563.797       8751.20020       3123.29370       1557.62048    
   116244.781       8770.13379       3128.67212       1560.04919    
   116928.641       8788.99023       3134.14209       1562.43323    
   117614.375       8807.39453       3139.28613       1564.74939    
   118300.781       8825.66504       3144.32031       1567.02710    
   118989.031       8843.99023       3149.36694       1569.25427    
   119679.047       8862.66211       3154.28931       1571.53430    
   120370.781       8881.06738       3159.30078       1573.83044    
   121064.094       8899.60547       3164.37427       1576.07654    
   121761.359       8918.53906       3169.36548       1578.28418    
   122461.375       8937.79590       3174.42529       1580.55652    
   123163.375       8956.74414       3179.40869       1582.80908    
   123865.922       8975.86816       3184.47314       1585.08789    
   124570.969       8994.76465       3189.53027       1587.30078    
   125278.453       9013.53516       3194.71362       1589.59753    
   125989.203       9032.32910       3199.76929       1591.83496    
   126700.641       9051.09863       3204.82031       1594.05078    
   127412.305       9069.79883       3209.84399       1596.24841    
   128125.242       9088.33008       3214.90747       1598.38489    
   128839.156       9106.59863       3220.03320       1600.60815    
   129554.016       9124.68457       3225.16528       1602.87305    
   130270.375       9142.59668       3230.25366       1605.09375    
   130989.727       9160.48340       3235.24487       1607.40710    
   131711.422       9178.41992       3240.35742       1609.84497    
   132434.609       9196.19824       3245.21484       1612.19214    
   133160.125       9213.56055       3249.98486       1614.49927    
   133888.219       9230.71973       3254.69922       1616.80664    
   134619.000       9247.52539       3259.40552       1619.12476    
   135353.703       9264.48340       3264.08154       1621.35181    
   136089.953       9281.19141       3268.76343       1623.60779    
   136827.875       9297.78418       3273.33423       1625.82544    
   137567.047       9314.40039       3277.84351       1628.01453    
   138307.797       9330.51855       3282.18848       1630.08020    
   139050.734       9346.66211       3286.49536       1632.08154    
   139796.031       9362.53711       3290.88403       1634.11072    
   140542.969       9378.28223       3295.37451       1636.18323    
   141292.078       9394.46973       3299.97168       1638.36108    
   142045.766       9410.94629       3304.62866       1640.44067    
   142801.828       9427.27637       3309.33374       1642.52100    
   143559.000       9443.12695       3313.84204       1644.54395    
   144317.875       9459.10742       3318.48242       1646.47388    
   145081.172       9475.29688       3323.06958       1648.47156    
   145846.359       9491.58398       3327.68188       1650.41638    
   146613.781       9507.82031       3332.22461       1652.31409    
   147383.500       9524.09082       3336.89233       1654.24976    
   148153.859       9540.30469       3341.47974       1656.19385    
   148927.031       9556.46387       3346.08716       1658.13184    
   149701.031       9572.48438       3350.71851       1660.02051    
   150476.547       9588.19629       3355.35034       1661.94080    
   151254.531       9604.16992       3359.87158       1663.79688    
   152035.984       9620.31055       3364.48242       1665.66626    
   152820.609       9636.27734       3369.03882       1667.52100    
   153606.641       9652.06250       3373.74048       1669.40137    
   154393.547       9667.72852       3378.45654       1671.30762    
   155182.328       9683.52246       3383.03955       1673.29431    
   155974.297       9699.51172       3387.74902       1675.24780    
   156768.906       9715.53613       3392.43628       1677.19910    
   157566.344       9731.62207       3397.11719       1679.21252    
   158365.406       9748.16602       3401.75073       1681.19446    
   159166.734       9764.63379       3406.36841       1683.14368    
   159970.875       9781.12305       3410.87964       1685.07690    
   160776.359       9797.72266       3415.35522       1687.00867    
   161583.219       9814.47656       3419.99292       1688.97498    
   162392.328       9831.25977       3424.67773       1690.92688    
   163203.000       9848.12402       3429.13135       1692.83057    
   164014.781       9864.90918       3433.36816       1694.67334    
   164828.250       9881.55664       3437.74976       1696.55505    
   165643.984       9898.45312       3442.26904       1698.42175    
   166461.156       9915.22168       3446.68921       1700.26001    
   167280.203       9932.11719       3451.12720       1702.09802    
   168102.547       9948.95801       3455.62573       1704.01172    
   168926.734       9965.55273       3460.14331       1705.88123    
   169753.578       9982.14453       3464.60107       1707.69592    
   170581.734       9998.58984       3468.97095       1709.48914    
   171412.344       10014.7607       3473.24390       1711.28894    
   172244.422       10030.7783       3477.57837       1713.08557    
   173078.844       10046.7793       3481.98096       1714.87317    
   173914.438       10062.6660       3486.46704       1716.64417    
   174752.656       10078.2158       3490.87354       1718.36511    
   175594.016       10094.0195       3495.31641       1720.09290    
   176437.703       10109.6094       3499.72827       1721.78650    
   177281.234       10125.2939       3504.27954       1723.51367    
   178129.203       10140.9639       3508.87500       1725.22351    
   178979.422       10156.5322       3513.42822       1727.00110    
   179832.547       10171.9795       3517.99170       1728.75598    
   180686.453       10187.4199       3522.59546       1730.48035    
   181541.359       10202.9707       3527.11987       1732.22717    
   182398.828       10218.1885       3531.53418       1733.93823    
   183257.109       10232.8164       3535.95410       1735.73254    
   184117.250       10247.5127       3540.31030       1737.50989    
   184978.500       10262.3838       3544.62231       1739.34277    
   185840.812       10277.0996       3549.08618       1741.11926    
   186703.016       10291.6025       3553.57471       1742.85901    
   187566.047       10305.9941       3557.97705       1744.62671    
   188431.781       10320.2598       3562.22241       1746.37195    
   189300.625       10334.4922       3566.50928       1748.10938    
   190171.641       10348.5723       3570.84668       1749.83862    
   191043.875       10362.8105       3575.23193       1751.57373    
   191919.312       10377.2646       3579.69482       1753.36743    
   192798.328       10391.6855       3584.30200       1755.19348    
   193679.609       10406.2725       3588.94702       1757.00415    
   194562.656       10420.6748       3593.48291       1758.78528    
   195446.203       10434.7002       3597.98999       1760.59143    
   196333.734       10448.6748       3602.43506       1762.37793    
   197222.016       10462.8418       3606.92065       1764.14819    
   198112.984       10477.2588       3611.31396       1765.87512    
   199005.141       10491.7354       3615.76489       1767.68860    
   199899.859       10506.1748       3620.11987       1769.55371    
   200797.203       10520.5527       3624.39819       1771.36768    
   201695.391       10535.0674       3628.73975       1773.12415    
   202595.344       10549.4902       3633.19141       1774.86218    
   203497.984       10563.9561       3637.63892       1776.58789    
   204402.688       10578.5342       3642.13208       1778.31189    
   205310.031       10593.0322       3646.49170       1780.05493    
   206219.969       10607.6162       3650.79932       1781.75195    
   207132.297       10622.1807       3654.84058       1783.48828    
   208046.891       10636.8760       3658.94263       1785.21155    
   208962.250       10651.5010       3662.89087       1786.86096    
   209879.000       10665.7695       3666.74414       1788.42468    
   210798.688       10680.3613       3670.56787       1790.00830    
   211720.578       10695.4189       3674.45410       1791.65747    
   212645.531       10710.3926       3678.35669       1793.36633    
   213573.047       10725.7871       3682.33862       1795.15137    
   214501.875       10741.4180       3686.41309       1796.94910    
   215432.359       10756.8643       3690.45776       1798.78918    
   216362.500       10772.0420       3694.45605       1800.56091    
   217294.375       10787.3311       3698.34180       1802.36707    
   218228.203       10802.5156       3702.22070       1804.10339    
   219162.953       10817.8145       3706.10156       1805.85999    
   220099.156       10833.2061       3709.93555       1807.56604    
   221038.281       10848.4502       3713.73535       1809.28308    
   221980.062       10863.4219       3717.48828       1811.00452    
   222923.359       10878.2188       3721.34302       1812.73083    
   223866.719       10892.8809       3725.22900       1814.44275    
   224811.406       10907.4453       3729.17529       1816.12463    
   225757.672       10921.8799       3733.24731       1817.89819    
   226706.047       10936.3916       3737.27100       1819.60425    
   227655.688       10950.9004       3741.33984       1821.27283    
   228608.391       10965.1807       3745.22607       1822.87427    
   229563.359       10979.7227       3749.10425       1824.51965    
   230521.188       10994.0410       3753.08496       1826.12976    
   231480.281       11008.5361       3757.08081       1827.76208    
   232440.750       11022.9229       3761.07324       1829.42871    
   233403.562       11037.3457       3764.97241       1831.06360    
   234370.125       11051.8154       3768.82349       1832.71558    
   235339.516       11066.1846       3772.75610       1834.38379    
   236309.906       11080.3066       3776.59277       1836.04346    
   237282.812       11094.5898       3780.57275       1837.72180    
   238257.656       11108.7969       3784.45117       1839.35974    
   239232.922       11122.9941       3788.45581       1841.01501    
   240210.844       11137.4082       3792.37280       1842.76868    
   241190.031       11151.8145       3796.23706       1844.51233    
   242172.234       11166.1484       3800.20166       1846.21631    
   243155.172       11180.3799       3804.25854       1847.97119    
   244139.812       11194.6338       3808.22388       1849.67981    
   245126.719       11208.8350       3812.15967       1851.31726    
   246117.484       11223.0889       3816.05664       1852.94031    
   247111.031       11237.2021       3820.04102       1854.59753    
   248107.203       11251.2568       3823.98804       1856.27759    
   249103.641       11265.2715       3828.00342       1858.07690    
   250101.375       11279.5996       3832.04956       1859.92761    
   251100.750       11293.7021       3836.12085       1861.75452    
   252103.766       11307.8428       3840.14575       1863.56958    
   253109.484       11322.0068       3844.30176       1865.35425    
   254117.734       11336.2324       3848.46875       1867.03052    
   255128.719       11350.6465       3852.62793       1868.72400    
   256141.672       11364.7686       3856.78931       1870.40869    
   257156.484       11379.1855       3860.94336       1872.08069    
   258174.141       11393.2715       3865.02026       1873.68298    
   259195.016       11407.3164       3869.22656       1875.37537    
   260218.891       11421.1816       3873.40137       1877.08337    
   261244.047       11435.2295       3877.55884       1878.87622    
   262272.938       11449.5020       3881.71777       1880.64612    
   263304.031       11463.6680       3885.87402       1882.44666    
   264337.156       11477.8545       3890.01562       1884.15076    
   265371.406       11491.8311       3894.17358       1885.85168    
   266408.969       11505.9746       3898.40576       1887.51208    
   267446.344       11519.9082       3902.57227       1889.11353    
   268485.562       11533.9580       3906.70068       1890.70959    
   269527.969       11547.7891       3910.89038       1892.26099    
   270572.594       11561.4307       3915.02368       1893.79077    
   271618.062       11574.8838       3919.03198       1895.35889    
   272665.625       11588.4121       3922.97852       1896.94849    
   273717.469       11602.1299       3926.79272       1898.53015    
   274772.719       11615.7969       3930.67969       1900.14551    
   275830.188       11629.4209       3934.59863       1901.82471    
   276888.594       11643.1709       3938.53906       1903.59961    
   277948.938       11656.7490       3942.49829       1905.38452    
   279012.906       11670.3711       3946.46826       1907.14990    
   280077.312       11683.4941       3950.40479       1908.83594    
   281142.625       11696.4795       3954.22656       1910.51404    
   282210.812       11709.4883       3958.03979       1912.19922    
   283280.531       11722.5459       3961.89526       1913.80920    
   284352.625       11735.7383       3965.72852       1915.35620    
   285425.625       11748.8447       3969.61279       1916.89185    
   286500.031       11761.9170       3973.55566       1918.51624    
   287576.281       11775.0479       3977.53052       1920.16870    
   288655.812       11788.4922       3981.54663       1921.77063    
   289737.125       11801.9590       3985.57446       1923.36084    
   290820.156       11816.0508       3989.54956       1924.97754    
   291906.344       11829.8613       3993.52100       1926.61060    
   292995.500       11843.5381       3997.49292       1928.24365    
   294086.375       11857.0176       4001.44922       1929.86719    
   295178.062       11870.4688       4005.47021       1931.48267    
   296273.062       11884.0420       4009.42676       1933.09143    
   297371.688       11897.6533       4013.17578       1934.68713    
   298472.469       11911.3740       4016.82324       1936.27222    
   299577.375       11925.2363       4020.45142       1937.94849    
   300685.469       11938.9072       4023.99487       1939.58191    
   301792.531       11952.7266       4027.56372       1941.17078    
   302900.969       11966.8877       4031.18042       1942.75183    
   304011.312       11981.0137       4034.78760       1944.35803    
   305123.531       11995.1748       4038.36890       1945.94189    
   306239.312       12009.3672       4041.99316       1947.47485    
   307356.031       12023.1807       4045.61182       1949.04797    
   308474.719       12037.0957       4049.26953       1950.59448    
   309595.438       12050.8633       4052.78027       1952.07458    
   310719.625       12064.4307       4056.32349       1953.58301    
   311845.625       12077.7285       4059.96021       1955.10522    
   312976.062       12090.7246       4063.62061       1956.62646    
   314104.312       12103.8281       4067.27930       1958.07117    
   315233.812       12116.5713       4070.92236       1959.56335    
   316364.188       12129.2949       4074.58276       1961.05896    
   317498.125       12141.9072       4078.25562       1962.54651    
   318633.562       12154.5186       4081.94775       1964.08862    
   319772.312       12167.2959       4085.64746       1965.58374    
   320912.656       12180.0830       4089.21826       1967.11096    
   322056.031       12193.1309       4092.91211       1968.61523    
   323203.281       12206.1768       4096.63135       1970.14978    
   324353.094       12219.2783       4100.23633       1971.69604    
   325504.219       12232.4395       4103.80518       1973.23291    
   326658.625       12245.5752       4107.42334       1974.69678    
   327814.906       12258.6777       4110.95312       1976.15564    
   328971.938       12271.8018       4114.58154       1977.61963    
   330129.062       12284.8760       4118.20947       1979.11108    
   331288.562       12297.6885       4121.89990       1980.60266    
   332451.688       12310.4199       4125.56934       1982.16919    
   333614.750       12323.2266       4129.20117       1983.68628    
   334780.781       12335.6602       4132.81104       1985.16882    
   335947.844       12348.2061       4136.30811       1986.63062    
   337117.344       12360.7520       4139.64209       1988.07935    
   338288.156       12373.2373       4143.00537       1989.53369    
   339459.562       12385.6221       4146.38721       1990.98511    
   340632.344       12398.1416       4149.73584       1992.43689    
   341807.188       12410.5215       4153.04590       1993.86011    
   342983.719       12422.8115       4156.27637       1995.30029    
   344160.156       12434.9756       4159.56885       1996.76257    
   345339.438       12447.2266       4162.80518       1998.21802    
   346520.938       12459.5557       4166.08154       1999.64734    
   347704.625       12471.8574       4169.22510       2001.07910    
   348889.875       12484.1396       4172.34375       2002.53223    
   350076.094       12496.6074       4175.41748       2003.94470    
   351265.594       12508.9229       4178.41650       2005.34534    
   352458.281       12521.2012       4181.60254       2006.76660    
   353653.875       12533.8076       4184.80664       2008.18298    
   354850.844       12545.9150       4187.94531       2009.57642    
   356048.312       12557.8271       4191.13721       2010.94397    
   357246.625       12569.7871       4194.16309       2012.20850    
   358447.906       12581.7188       4197.29492       2013.48657    
   359650.188       12593.5439       4200.42041       2014.80591    
   360853.594       12605.4287       4203.69092       2016.17456    
   362061.062       12617.3271       4206.96826       2017.59021    
   363270.594       12629.3516       4210.34570       2018.91748    
   364483.469       12641.3955       4213.75732       2020.32825    
   365697.938       12653.5635       4217.11279       2021.72278    
   366912.625       12665.5947       4220.50293       2023.14966    
   368129.531       12677.6230       4223.91455       2024.57935    
   369348.938       12689.5771       4227.30518       2026.02454    
   370568.375       12701.7148       4230.77783       2027.49622    
   371791.938       12713.8818       4234.29736       2028.89441    
   373018.469       12726.0420       4237.83008       2030.34460    
   374245.969       12738.2021       4241.46777       2031.80823    
   375472.562       12750.3984       4245.00977       2033.25903    
   376701.094       12762.5557       4248.50977       2034.69727    
   377932.219       12774.9307       4251.83789       2036.08691    
   379165.281       12787.5156       4255.04150       2037.45593    
   380401.875       12800.0693       4258.28564       2038.81787    
   381641.562       12812.5918       4261.57227       2040.18787    
   382884.125       12824.9268       4264.89551       2041.53369    
   384128.625       12837.3232       4268.25732       2042.90283    
   385375.125       12849.9580       4271.62695       2044.26501    
   386626.594       12862.4756       4275.13477       2045.65784    
   387881.156       12875.0771       4278.63184       2047.08398    
   389135.094       12887.6709       4282.11719       2048.48853    
   390390.469       12900.1143       4285.57764       2049.91016    
   391648.469       12912.5996       4289.08691       2051.34888    
   392907.969       12925.0771       4292.66406       2052.78442    
   394170.594       12937.5938       4296.07959       2054.20532    
   395435.125       12949.9990       4299.36377       2055.61743    
   396700.031       12962.4922       4302.57764       2057.00171    
   397966.938       12974.9092       4305.78955       2058.43506    
   399235.969       12987.3379       4309.10498       2059.85840    
   400509.219       12999.6182       4312.38086       2061.28979    
   401785.719       13011.7324       4315.56104       2062.70850    
   403065.312       13023.9922       4318.81250       2064.13940    
   404347.750       13036.3545       4321.95801       2065.57520    
   405633.906       13048.8027       4325.05127       2066.96411    
   406919.844       13061.1328       4328.25879       2068.35840    
   408207.688       13073.4990       4331.45410       2069.75244    
   409498.219       13085.8252       4334.71240       2071.12793    
   410790.781       13097.6270       4337.95850       2072.50806    
   412084.781       13109.2676       4341.27393       2073.86230    
   413379.969       13120.8506       4344.58740       2075.18872    
   414674.656       13132.4805       4347.78467       2076.54272    
   415972.312       13144.2559       4351.00195       2077.91187    
   417271.094       13156.0352       4354.26562       2079.31982    
   418571.406       13167.6191       4357.42383       2080.67163    
   419874.250       13179.2666       4360.55127       2082.00220    
   421178.125       13191.0410       4363.67822       2083.33862    
   422484.406       13202.7422       4366.73291       2084.67456    
   423793.375       13214.3740       4369.79395       2085.96948    
   425104.656       13225.9102       4372.80713       2087.26978    
   426417.531       13237.2764       4375.93896       2088.61865    
   427731.969       13248.6602       4379.06836       2089.93848    
   429047.625       13260.1035       4382.08789       2091.25000    
   430364.781       13271.4648       4385.16992       2092.54468    
   431683.656       13283.1465       4388.24756       2093.86572    
   433004.781       13294.7500       4391.30615       2095.18604    
   434328.156       13306.1758       4394.29150       2096.52222    
   435651.281       13317.3174       4397.15332       2097.79712    
   436976.750       13328.4307       4400.07910       2099.12231    
   438303.844       13339.6084       4402.94434       2100.44971    
   439633.469       13351.0215       4405.86377       2101.85815    
   440963.250       13362.3613       4408.80811       2103.24512    
   442293.656       13373.5430       4411.79150       2104.67725    
   443627.500       13384.5264       4414.85889       2106.10352    
   444963.656       13395.5244       4417.85156       2107.57471    
   446301.906       13406.4355       4420.77930       2109.00830    
   447640.438       13417.4717       4423.74561       2110.39648    
   448978.188       13428.6738       4426.69678       2111.78784    
   450318.062       13439.9795       4429.68408       2113.15723    
   451660.656       13451.1992       4432.76270       2114.54834    
   453005.469       13462.5098       4435.83154       2115.97656    
   454353.531       13473.8467       4438.88477       2117.39575    
   455702.781       13485.2295       4441.92578       2118.76270    
   457054.219       13496.9209       4444.87793       2120.09180    
   458407.562       13508.6006       4447.77930       2121.43164    
   459760.688       13520.4570       4450.64160       2122.75220    
   461116.594       13532.2412       4453.52148       2124.10669    
   462474.094       13543.9355       4456.43213       2125.44336    
   463833.344       13555.6963       4459.42529       2126.76392    
   465193.219       13567.4619       4462.47168       2128.08032    
   466554.250       13579.0957       4465.48779       2129.32812    
   467918.125       13590.6084       4468.51172       2130.64282    
   469284.219       13601.9609       4471.50635       2131.87573    
   470650.125       13613.2656       4474.48584       2133.07666    
   472015.375       13624.5234       4477.56299       2134.32300    
   473384.656       13635.7529       4480.50977       2135.57056    
   474756.906       13646.7764       4483.44727       2136.82666    
   476130.125       13657.5938       4486.39941       2138.07471    
   477501.438       13668.3662       4489.23633       2139.29492    
   478875.438       13678.9111       4492.01514       2140.47900    
   480251.438       13689.2451       4494.82129       2141.69263    
   481628.500       13699.7705       4497.61963       2142.89111    
   483006.094       13710.3506       4500.42285       2144.09839    
   484387.125       13720.8857       4503.19873       2145.34644    
   485768.906       13731.3135       4505.99902       2146.57178    
   487150.312       13741.7012       4508.71387       2147.82178    
   488535.469       13752.2793       4511.43262       2149.06738    
   489922.562       13762.8008       4514.14014       2150.31592    
   491310.719       13773.0332       4516.91797       2151.52246    
   492699.469       13783.1836       4519.67236       2152.74561    
   494086.656       13793.4678       4522.48438       2153.97437    
   495473.875       13803.7100       4525.20264       2155.21753    
   496861.750       13814.0732       4527.91797       2156.45630    
   498251.062       13824.3320       4530.60498       2157.68384    
   499643.438       13834.4268       4533.36035       2158.90186    
   501039.594       13844.5859       4536.17432       2160.16626    
   502439.438       13854.8701       4539.06885       2161.44092    
   503842.719       13865.3936       4541.87744       2162.69434    
   505251.625       13875.8652       4544.72998       2163.90991    
   506663.219       13886.2871       4547.58008       2165.09595    
   508077.656       13896.6768       4550.42627       2166.31885    
   509495.156       13907.0557       4553.43359       2167.59155    
   510911.625       13917.5654       4556.42285       2168.82983    
   512331.156       13928.1650       4559.50732       2170.06396    
   513752.875       13938.9023       4562.55957       2171.30786    
   515179.844       13949.5791       4565.70068       2172.57690    
   516607.281       13960.4229       4568.85791       2173.82544    
   518036.219       13971.3066       4571.99365       2175.11743    
   519467.125       13982.1738       4575.09570       2176.32104    
   520899.906       13993.3008       4578.24170       2177.52783    
   522332.156       14004.0312       4581.31055       2178.68896    
   523766.656       14014.7578       4584.42871       2179.87817    
   525203.812       14025.7227       4587.49805       2181.05713    
   526642.375       14036.7139       4590.49316       2182.25757    
   528083.000       14047.6270       4593.53369       2183.49536    
   529526.188       14058.5537       4596.56543       2184.67358    
   530969.062       14069.7002       4599.54883       2185.76001    
   532416.250       14081.0527       4602.50146       2186.85815    
   533865.500       14092.4990       4605.37793       2187.95776    
   535317.312       14103.9287       4608.34229       2189.04517    
   536770.812       14115.3379       4611.19336       2190.10205    
   538227.000       14126.4912       4614.05762       2191.20728    
   539683.062       14137.5400       4616.75781       2192.26929    
   541140.562       14148.7676       4619.53125       2193.45068    
   542600.250       14160.0713       4622.29102       2194.63354    
   544062.750       14171.3975       4625.04297       2195.77539    
   545526.562       14182.6309       4627.79639       2196.98169    
   546992.438       14193.4365       4630.51025       2198.25293    
   548461.000       14203.8818       4633.16064       2199.53589    
   549933.188       14214.0996       4635.78760       2200.84961    
   551406.375       14224.4121       4638.35400       2202.18433    
   552882.375       14234.9072       4641.04492       2203.51196    
   554359.000       14245.4844       4643.80078       2204.79736    
   555835.188       14255.9834       4646.57666       2206.05811    
   557314.312       14266.2861       4649.33252       2207.29077    
   558797.688       14276.5625       4652.04004       2208.45776    
   560283.688       14286.8438       4654.78076       2209.66138    
   561771.562       14297.0527       4657.53711       2210.85181    
   563262.000       14307.3301       4660.35889       2211.96851    
   564752.188       14317.6475       4663.23584       2213.10938    
   566245.625       14327.8906       4666.04932       2214.30396    
   567739.625       14338.2139       4668.88135       2215.56372    
   569235.500       14348.6621       4671.67334       2216.83374    
   570733.312       14359.2588       4674.51367       2218.05005    
   572231.250       14369.7090       4677.34619       2219.34155    
   573731.000       14380.1611       4680.25146       2220.60913    
   575233.188       14390.4570       4683.15186       2221.94458    
   576738.688       14400.9043       4686.02930       2223.26416    
   578245.688       14411.3018       4688.87500       2224.52637    
   579754.938       14421.5576       4691.73535       2225.70142    
   581267.500       14431.8486       4694.60938       2226.91284    
   582784.562       14442.2627       4697.46045       2228.07397    
   584303.000       14452.7070       4700.38428       2229.22681    
   585824.188       14463.0352       4703.21094       2230.35229    
   587345.375       14473.2656       4705.95850       2231.47998    
   588870.375       14483.4961       4708.68555       2232.56006    
   590396.938       14493.5684       4711.37256       2233.66235    
   591926.188       14503.7773       4714.05322       2234.76587    
   593456.562       14514.1279       4716.75342       2235.87378    
   594989.750       14524.4326       4719.42725       2236.98706    
   596523.188       14534.8311       4722.18457       2238.09961    
   598058.250       14545.1748       4724.97266       2239.16089    
   599594.812       14555.5176       4727.76270       2240.23608    
   601133.438       14565.8594       4730.47070       2241.36304    
   602676.312       14575.9355       4733.14355       2242.50024    
   604220.375       14586.1094       4735.79541       2243.61646    
   605766.125       14596.3408       4738.46240       2244.68359    
   607315.375       14606.5762       4741.15137       2245.78247    
   608867.250       14616.8096       4743.78320       2246.89600    
   610420.812       14626.8691       4746.30615       2247.98413    
   611975.500       14636.8818       4748.87109       2249.10718    
   613534.312       14646.7793       4751.41260       2250.17261    
   615093.375       14656.6787       4753.95410       2251.22852    
   616653.125       14666.7012       4756.51465       2252.30664    
   618213.688       14676.8389       4759.07373       2253.40576    
   619776.062       14687.0020       4761.65820       2254.48584    
   621339.312       14697.0117       4764.30908       2255.53540    
   622902.688       14707.1602       4767.03369       2256.58423    
   624468.625       14717.1719       4769.80420       2257.64624    
   626036.000       14727.2793       4772.66650       2258.70312    
   627605.312       14737.4961       4775.51416       2259.81006    
   629175.875       14747.8545       4778.29688       2260.91357    
   630749.562       14758.2451       4781.17773       2262.08032    
   632324.938       14768.7324       4784.14648       2263.26733    
   633901.250       14779.1201       4787.08447       2264.45801    
   635479.250       14789.6270       4790.05811       2265.61279    
   637060.125       14800.1338       4792.94727       2266.76660    
   638643.562       14810.7598       4795.87646       2267.88916    
   640229.812       14821.4248       4798.78857       2268.97144    
   641820.562       14831.8613       4801.63037       2270.04956    
   643413.500       14842.3594       4804.48047       2271.15820    
   645009.875       14852.6973       4807.21484       2272.25415    
   646610.625       14863.0088       4809.86523       2273.38135    
   648212.875       14873.2920       4812.40967       2274.45874    
   649818.375       14883.4258       4814.99365       2275.54541    
   651426.500       14893.5488       4817.55811       2276.65454    
   653034.875       14903.7910       4820.10840       2277.74854    
   654645.688       14913.8701       4822.60742       2278.80347    
   656256.688       14924.0088       4825.12695       2279.84961    
   657870.312       14934.1758       4827.59619       2280.94092    
   659484.500       14944.5029       4830.02051       2282.06104    
   661099.312       14954.7559       4832.36182       2283.23291    
   662715.125       14964.9570       4834.77979       2284.44189    
   664335.625       14975.3037       4837.24414       2285.59717    
   665959.812       14985.6973       4839.71777       2286.79590    
   667584.875       14995.9590       4842.18262       2287.99170    
   669212.125       15006.4717       4844.62451       2289.18115    
   670843.000       15017.1367       4847.03271       2290.32056    
   672476.188       15027.7305       4849.52686       2291.50024    
   674108.688       15038.0967       4851.96680       2292.66382    
   675744.250       15048.4600       4854.37842       2293.82495    
   677380.500       15058.7793       4856.77441       2294.94312    
   679018.750       15069.3359       4859.26367       2296.07178    
   680659.000       15079.8389       4861.77344       2297.24658    
   682298.688       15090.2188       4864.29541       2298.39795    
   683940.188       15100.6855       4866.80664       2299.55981    
   685583.500       15111.1270       4869.38281       2300.75098    
   687228.938       15121.2510       4871.91162       2301.95410    
   688876.875       15131.1621       4874.38379       2303.14233    
   690526.625       15141.0576       4876.83643       2304.31812    
   692177.062       15151.1924       4879.33252       2305.44189    
   693828.375       15161.1162       4881.71680       2306.52441    
   695483.312       15171.1602       4884.10938       2307.61206    
   697143.750       15181.2412       4886.46680       2308.62744    
   698807.375       15191.4160       4888.83838       2309.65332    
   700471.875       15201.6172       4891.15088       2310.66113    
   702136.688       15211.5996       4893.51270       2311.67578    
   703803.125       15221.6514       4895.90186       2312.71606    
   705469.375       15231.6299       4898.27344       2313.73193    
   707138.500       15241.7324       4900.69043       2314.73364    
   708809.500       15251.8057       4903.17139       2315.74854    
   710483.500       15261.8252       4905.70508       2316.78369    
   712159.250       15271.7842       4908.36865       2317.82886    
   713834.312       15281.8301       4910.98633       2318.90649    
   715511.875       15292.1562       4913.67334       2319.98389    
   717191.188       15302.5244       4916.26660       2321.04956    
   718871.000       15312.4834       4918.94238       2322.11963    
   720552.250       15322.3721       4921.70215       2323.20874    
   722234.125       15332.0234       4924.43408       2324.29004    
   723918.500       15341.3604       4927.14795       2325.35669    
   725605.562       15350.6914       4929.88916       2326.46680    
   727294.062       15360.0430       4932.63623       2327.55396    
   728985.062       15369.4814       4935.40820       2328.60645    
   730678.250       15378.9277       4938.13281       2329.63257    
   732374.125       15388.2383       4940.91553       2330.66040    
   734071.562       15397.6826       4943.63379       2331.72266    
   735769.688       15407.1504       4946.31445       2332.75806    
   737470.500       15416.5732       4948.97852       2333.80298    
   739173.312       15425.9873       4951.55908       2334.83301    
   740875.125       15435.2637       4954.11963       2335.84619    
   742578.500       15444.5811       4956.62646       2336.90259    
   744283.188       15453.7852       4959.11133       2337.93018    
   745986.125       15462.9795       4961.54346       2338.90649    
   747692.750       15472.2832       4964.01367       2339.89917    
   749400.062       15481.7686       4966.43164       2340.90845    
   751111.625       15491.3926       4968.88623       2341.97559    
   752824.188       15501.1494       4971.36328       2343.07666    
   754540.750       15510.7891       4973.87598       2344.16895    
   756262.250       15520.4883       4976.40527       2345.27393    
   757986.125       15529.6758       4978.94141       2346.35620    
   759713.125       15538.5791       4981.42383       2347.37793    
   761440.438       15547.5869       4984.00879       2348.41626    
   763169.125       15556.6143       4986.54248       2349.42017    
   764899.750       15565.5488       4989.04346       2350.42188    
   766631.188       15574.3428       4991.52295       2351.44360    
   768364.250       15582.9990       4993.91260       2352.44604    
   770100.750       15591.7559       4996.30127       2353.44238    
   771838.812       15600.5332       4998.70312       2354.41895    
   773576.312       15609.3984       5001.02881       2355.41138    
   775315.625       15618.5830       5003.34863       2356.44312    
   777055.000       15627.8516       5005.63477       2357.44775    
   778795.875       15637.1660       5007.89746       2358.38403    
   780537.812       15646.4668       5010.15820       2359.30005    
   782281.625       15655.5127       5012.43164       2360.24341    
   784027.688       15664.5781       5014.67383       2361.17578    
   785774.812       15673.5850       5016.92334       2362.18750    
   787523.000       15682.6758       5019.15332       2363.23462    
   789271.875       15691.6426       5021.35059       2364.28687    
   791023.250       15700.5703       5023.53857       2365.31421    
   792775.438       15709.5020       5025.70117       2366.30688    
   794530.500       15718.5830       5027.85693       2367.31372    
   796286.750       15727.5996       5030.06201       2368.34961    
   798046.375       15736.7852       5032.27588       2369.43945    
   799807.438       15745.6914       5034.44971       2370.54858    
   801572.438       15754.7373       5036.73047       2371.60962    
   803341.125       15763.8535       5039.02930       2372.66016    
   805113.062       15772.8887       5041.31836       2373.64868    
   806887.312       15781.7412       5043.51123       2374.62134    
   808663.938       15790.8027       5045.70605       2375.57373    
   810442.312       15799.9395       5047.93164       2376.58154    
   812224.938       15808.9258       5050.17578       2377.60474    
   814012.812       15817.8203       5052.42969       2378.61475    
   815800.375       15826.7695       5054.74561       2379.64624    
   817589.062       15835.6719       5057.08105       2380.67505    
   819381.438       15844.5195       5059.31201       2381.64771    
   821174.188       15853.4434       5061.47266       2382.59570    
   822969.938       15862.3125       5063.66016       2383.52441    
   824770.000       15871.3418       5065.88281       2384.44702    
   826568.312       15880.1787       5068.08447       2385.37012    
   828365.500       15889.0498       5070.37744       2386.36963    
   830166.125       15897.9834       5072.67090       2387.42407    
   831970.938       15906.9678       5075.04395       2388.48853    
   833778.625       15916.0430       5077.38818       2389.54663    
   835588.000       15924.9219       5079.75732       2390.62402    
   837399.125       15933.5977       5082.11768       2391.67383    
   839211.562       15942.1914       5084.57422       2392.69385    
   841027.938       15950.9336       5086.99658       2393.66309    
   842844.312       15959.7070       5089.39014       2394.62817    
   844663.875       15968.5928       5091.81982       2395.57471    
   846483.125       15977.5332       5094.27295       2396.53833    
   848307.062       15986.6904       5096.77490       2397.54736    
   850132.812       15995.7812       5099.23047       2398.54077    
   851962.062       16005.0039       5101.67383       2399.51050    
   853795.812       16014.3135       5104.10645       2400.51904    
   855629.375       16023.4678       5106.46777       2401.53101    
   857466.688       16032.5986       5108.76709       2402.51318    
   859307.500       16041.8438       5111.08350       2403.50195    
   861152.562       16051.3730       5113.29590       2404.48071    
   862999.312       16061.1455       5115.55176       2405.44141    
   864848.250       16071.0527       5117.79150       2406.41553    
   866699.562       16080.7188       5120.09131       2407.38062    
   868552.188       16090.4033       5122.24854       2408.29272    
   870404.188       16099.9941       5124.38086       2409.23853    
   872257.062       16109.5713       5126.51855       2410.18701    
   874109.875       16119.2979       5128.75244       2411.16040    
   875967.750       16129.1953       5130.98340       2412.16748    
   877826.688       16139.1416       5133.21582       2413.16699    
   879687.875       16148.9512       5135.50439       2414.17578    
   881550.562       16158.5420       5137.83105       2415.15674    
   883413.938       16168.1309       5140.17090       2416.14429    
   885279.312       16177.4971       5142.47656       2417.10474    
   887147.312       16186.8984       5144.79248       2418.12598    
   889018.312       16196.1289       5147.13965       2419.13721    
   890888.250       16205.3154       5149.50977       2420.12354    
   892760.562       16214.2637       5151.78760       2421.11694    
   894635.438       16222.9736       5154.04639       2422.07275    
   896511.312       16231.6982       5156.36572       2423.07642    
   898391.438       16240.4688       5158.70264       2424.09204    
   900272.625       16249.3301       5160.99170       2425.08154    
   902155.750       16258.0762       5163.20557       2426.00977    
   904039.375       16266.9492       5165.38281       2426.93433    
   905923.188       16275.8740       5167.54395       2427.83740    
   907808.438       16284.7451       5169.68799       2428.71265    
   909695.875       16293.5732       5171.94287       2429.64136    
   911585.312       16302.4521       5174.17139       2430.55762    
   913476.375       16311.3359       5176.34668       2431.49390    
   915370.812       16320.0605       5178.50684       2432.43384    
   917265.750       16328.8125       5180.64648       2433.35278    
   919163.375       16337.6406       5182.84766       2434.32129    
   921063.812       16346.5576       5185.01611       2435.31934    
   922965.125       16355.5635       5187.13330       2436.32544    
   924869.812       16364.4229       5189.31299       2437.35669    
   926773.438       16373.3555       5191.43604       2438.33960    
   928680.562       16382.2021       5193.59131       2439.32080    
   930591.125       16391.0527       5195.78027       2440.30933    
   932505.250       16399.9395       5198.00439       2441.29224    
   934420.500       16408.9199       5200.19482       2442.20923    
   936335.000       16417.6797       5202.41309       2443.15796    
   938249.625       16426.5703       5204.66895       2444.07666    
   940165.312       16435.4629       5206.89502       2445.01221    
   942085.125       16444.2676       5209.12256       2445.96313    
   944007.938       16453.0000       5211.37744       2446.88965    
   945929.688       16461.5605       5213.66357       2447.81396    
   947856.625       16470.3047       5215.93701       2448.71948    
   949786.500       16479.1250       5218.24219       2449.65332    
   951717.500       16488.0605       5220.47607       2450.61011    
   953652.188       16497.0156       5222.61572       2451.58374    
   955589.000       16505.8125       5224.79150       2452.56299    
   957526.625       16514.6367       5227.02686       2453.53027    
   959467.250       16523.5312       5229.27197       2454.48657    
   961410.188       16532.5156       5231.52393       2455.45190    
   963354.375       16541.2539       5233.76025       2456.43115    
   965299.438       16550.0684       5236.04053       2457.46045    
   967242.562       16558.7559       5238.23682       2458.44116    
   969187.938       16567.2676       5240.43555       2459.41748    
   971136.688       16575.7500       5242.57715       2460.40283    
   973089.062       16584.3242       5244.78125       2461.40332    
   975039.750       16592.7266       5247.00146       2462.40063    
   976989.188       16601.2031       5249.12256       2463.37476    
   978938.625       16609.7070       5251.17285       2464.35889    
   980892.750       16618.2637       5253.18604       2465.33472    
   982849.812       16626.8086       5255.19238       2466.27710    
   984810.438       16635.3398       5257.28760       2467.18896    
   986773.750       16643.7734       5259.33643       2468.10962    
   988738.375       16652.1348       5261.36719       2469.10229    
   990703.375       16660.5176       5263.38477       2470.11719    
   992670.000       16668.8574       5265.43213       2471.12109    
