   0.00000000       0.00000000       0.00000000       0.00000000    
  0.500000000      0.475109994      0.450825006      0.425790012    
   2.99925327       2.75185347       2.49318671       2.25758672    
   7.50424004       6.70261765       5.90495539       5.17052507    
   14.0187531       12.1535654       10.4688988       8.85511971    
   22.5060806       19.0029545       15.9164371       13.1497288    
   33.0323448       27.1405945       22.1612663       17.8989697    
   45.6618538       36.4758301       29.1258316       22.9605350    
   60.2617645       46.9071960       36.4384041       28.1110954    
   76.7584457       58.3586502       44.1440849       33.4112473    
   95.1850128       70.6903381       52.3241653       38.8349915    
   115.709229       83.7871017       60.8077431       44.1785469    
   138.320587       97.6631088       69.5620804       49.4030991    
   163.061249       112.262108       78.4449692       54.4301376    
   189.731201       127.359436       87.4927368       59.3027534    
   218.490891       143.201492       96.5551987       64.1012268    
   249.382797       159.625534       105.605408       68.8555679    
   281.984375       176.489853       114.475830       73.3850098    
   316.300171       193.619629       123.407104       77.7425232    
   352.750854       211.045929       132.136490       81.8682098    
   391.153625       228.576096       140.758484       85.9116898    
   431.620819       246.446930       149.182831       89.6647110    
   474.144531       264.469574       157.540909       93.3464203    
   518.762451       282.580597       165.635864       96.8709335    
   565.170410       300.556061       173.471497       100.277237    
   613.477905       318.647430       181.069778       103.588074    
   663.493530       336.897491       188.655151       106.618668    
   715.162903       355.090057       196.275497       109.448997    
   769.001648       373.366974       203.538330       112.176712    
   824.916138       391.729370       210.470764       114.705368    
   882.620361       410.053772       216.990540       117.109833    
   942.206482       428.421875       223.198563       119.447258    
   1003.93207       446.546356       229.100372       121.643997    
   1068.16541       464.625824       234.825012       123.641396    
   1134.59717       482.376221       240.463257       125.484291    
   1202.94897       500.052612       245.878021       127.352448    
   1272.79272       517.710022       251.118515       129.197983    
   1345.41492       535.287781       256.140594       130.932953    
   1419.86890       552.946350       261.134033       132.561508    
   1496.51941       570.405029       265.955658       134.100021    
   1575.21533       587.582764       270.527985       135.590881    
   1655.75500       605.111755       274.930298       137.035370    
   1738.23291       622.456421       279.116272       138.470413    
   1822.72620       639.779358       283.118591       139.881897    
   1909.51917       656.765991       287.181000       141.150345    
   1999.17212       673.654663       291.173706       142.349289    
   2090.85498       690.224487       294.987091       143.507523    
   2184.54297       706.799988       298.667023       144.630707    
   2279.96558       722.986206       302.269012       145.719879    
   2377.62183       738.998230       305.705658       146.791641    
   2476.93262       754.676086       308.968994       147.837189    
   2578.21191       770.430481       312.258698       148.795502    
   2682.25977       786.009766       315.454529       149.679779    
   2788.08765       801.347412       318.585724       150.562820    
   2895.95581       816.588074       321.680664       151.464355    
   3005.75732       831.867432       324.706879       152.284103    
   3117.24097       846.926331       327.706085       152.990891    
   3231.21021       861.689575       330.649078       153.699203    
   3347.13428       876.385803       333.413940       154.393692    
   3464.61621       890.775391       336.005737       155.065948    
   3584.31201       904.950745       338.678436       155.696457    
   3705.86719       919.070862       341.111481       156.260345    
   3829.13257       932.937805       343.506561       156.824799    
   3954.17310       946.371460       345.795349       157.408615    
   4081.81641       959.666870       348.085297       157.944946    
   4211.43262       972.783142       350.324677       158.467590    
   4343.18457       985.661682       352.519104       158.953995    
   4476.67871       998.410278       354.795410       159.398788    
   4612.52539       1011.16632       357.084381       159.782944    
   4750.02734       1023.64941       359.277039       160.208694    
   4889.33350       1035.59253       361.420929       160.654755    
   5030.24902       1047.46155       363.486511       161.129288    
   5173.16455       1059.11792       365.561829       161.541565    
   5318.21973       1070.61169       367.635132       162.004669    
   5465.63232       1081.79785       369.536224       162.461197    
   5614.16406       1092.95850       371.388763       162.936188    
   5765.05664       1103.80884       373.195740       163.450623    
   5917.91113       1114.56995       374.948792       163.996353    
   6072.79248       1124.93787       376.539490       164.517197    
   6229.98730       1135.27234       378.056488       165.038132    
   6388.60449       1145.59070       379.544678       165.542160    
   6548.25439       1155.53064       380.976013       166.005493    
   6709.04736       1165.24158       382.435211       166.472519    
   6871.56152       1174.77405       383.851349       166.876907    
   7036.16113       1184.46106       385.291534       167.237701    
   7202.35156       1193.86353       386.635864       167.570343    
   7370.00879       1203.11902       387.903320       167.895004    
   7540.12646       1212.16931       389.137115       168.216995    
   7712.90820       1221.03638       390.356232       168.570435    
   7887.95166       1229.95911       391.502777       168.928955    
   8065.52051       1238.73718       392.725616       169.242096    
   8245.13379       1247.52563       393.879883       169.567535    
   8426.14941       1256.23938       395.005463       169.889252    
   8608.32227       1264.80884       396.137726       170.222626    
   8792.60254       1273.14014       397.258606       170.563675    
   8979.27051       1281.28577       398.396057       170.887650    
   9167.78613       1289.24121       399.614197       171.158218    
   9358.49219       1297.25806       400.823914       171.385880    
   9551.20801       1305.14062       401.919525       171.594147    
   9745.73438       1312.96509       403.078979       171.846832    
   9942.08984       1320.63623       404.170837       172.117142    
   10140.5264       1328.27515       405.197266       172.362183    
   10340.9512       1335.77161       406.164246       172.617386    
   10543.5117       1343.38647       407.074615       172.880524    
   10747.7949       1350.90601       407.952362       173.132187    
   10953.0303       1358.29980       408.824371       173.357605    
   11160.9541       1365.81982       409.771271       173.575409    
   11370.9512       1373.29883       410.690948       173.791260    
   11583.4473       1380.96301       411.552795       173.994019    
   11797.8916       1388.40894       412.458801       174.156357    
   12014.2920       1395.80005       413.371124       174.293152    
   12232.7480       1403.06799       414.243927       174.455109    
   12454.1992       1410.12488       415.169373       174.635849    
   12678.0742       1416.83044       416.029053       174.821976    
   12903.5684       1423.47900       416.936646       175.007126    
   13130.6924       1429.84473       417.765656       175.199127    
   13358.2363       1436.31287       418.591614       175.362289    
   13587.2334       1442.73169       419.415955       175.550735    
   13819.2070       1448.92957       420.222687       175.718353    
   14053.9121       1455.11499       420.984833       175.910553    
   14290.6396       1461.04712       421.706146       176.085800    
   14529.9502       1466.82996       422.390594       176.240112    
   14772.0010       1472.41907       423.018250       176.387299    
   15015.5352       1478.15186       423.667694       176.511246    
   15261.6895       1484.02209       424.234375       176.632202    
   15510.7373       1489.81067       424.807312       176.740631    
   15762.6641       1495.51477       425.428101       176.837418    
   16016.4531       1501.11609       426.057831       176.934891    
   16272.1992       1506.62146       426.625458       177.037552    
   16529.4551       1512.17993       427.198303       177.148773    
   16788.0957       1517.62122       427.777649       177.276123    
   17050.0859       1523.09595       428.254395       177.366272    
   17314.3320       1528.59631       428.715607       177.488983    
   17581.1699       1533.93152       429.153625       177.637817    
   17850.2539       1539.13269       429.662811       177.768250    
   18120.8789       1544.01550       430.187866       177.874985    
   18393.1113       1548.89453       430.709259       177.949417    
   18667.9004       1553.66833       431.234375       178.047562    
   18943.5898       1558.34387       431.770111       178.141266    
   19221.6387       1563.06641       432.322388       178.236832    
   19502.2344       1567.68958       432.823792       178.341782    
   19784.8984       1572.22253       433.305908       178.464340    
   20070.2305       1576.75427       433.750427       178.581268    
   20357.2031       1581.23901       434.241364       178.721100    
   20646.5293       1585.56873       434.800018       178.857498    
   20938.3184       1589.78406       435.388794       178.978165    
   21231.2793       1594.05359       436.002167       179.108765    
   21525.3438       1598.06421       436.581421       179.241318    
   21820.8379       1602.08533       437.119934       179.384094    
   22118.1836       1606.14014       437.615570       179.535339    
   22417.1543       1610.10779       438.061401       179.725555    
   22717.3203       1613.97546       438.432739       179.930878    
   23018.9121       1617.75854       438.802002       180.145248    
   23322.8770       1621.58459       439.192474       180.394180    
   23628.5664       1625.43787       439.588928       180.646194    
   23936.7695       1629.06360       439.970398       180.899536    
   24247.4160       1632.52954       440.299347       181.112778    
   24560.6992       1635.85388       440.639709       181.323135    
   24875.2520       1639.38318       441.002258       181.545624    
   25192.1523       1642.83826       441.405518       181.766785    
   25510.4883       1646.18579       441.786438       181.944229    
   25831.6250       1649.48865       442.165070       182.148056    
   26154.5684       1652.72937       442.582092       182.320511    
   26479.7188       1656.09680       443.010010       182.468506    
   26807.2090       1659.30493       443.421295       182.583588    
   27136.2285       1662.37158       443.837677       182.688843    
   27466.4023       1665.31995       444.246857       182.792725    
   27798.3906       1668.16528       444.658600       182.902023    
   28132.2656       1670.93640       445.012146       183.010559    
   28467.0801       1673.59790       445.348724       183.119614    
   28804.5664       1676.25146       445.676697       183.242111    
   29143.8438       1678.99426       445.996552       183.351883    
   29483.9551       1681.56494       446.247925       183.468842    
   29826.2402       1684.00037       446.519226       183.602386    
   30170.5859       1686.48010       446.786133       183.712708    
   30517.6348       1688.80432       447.086517       183.811447    
   30868.1738       1691.09558       447.365448       183.884384    
   31220.9668       1693.39221       447.621368       183.946747    
   31575.7617       1695.53088       447.907135       183.997162    
   31932.2695       1697.57129       448.184052       184.050934    
   32290.9707       1699.63562       448.434967       184.110443    
   32652.1875       1701.73804       448.673981       184.144791    
   33015.4180       1703.87659       448.920837       184.189148    
   33379.9844       1706.10181       449.177063       184.237106    
   33746.6992       1708.38196       449.422150       184.293518    
   34113.6406       1710.70032       449.646820       184.363907    
   34483.3359       1712.99634       449.857513       184.475952    
   34853.9922       1715.10083       450.077362       184.570557    
   35226.3828       1717.16040       450.316803       184.661407    
   35600.8672       1719.29724       450.551300       184.731461    
   35976.9297       1721.50903       450.790558       184.806763    
   36356.2812       1723.72668       451.030853       184.889801    
   36737.6484       1725.95874       451.204834       184.978607    
   37120.0000       1728.17126       451.371796       185.076157    
   37503.2188       1730.46008       451.526184       185.181900    
   37887.5039       1732.65381       451.688660       185.273300    
   38274.4727       1734.89856       451.864380       185.361404    
   38663.3828       1737.13464       452.064056       185.457047    
   39054.0625       1739.31543       452.271667       185.546021    
   39446.4219       1741.45215       452.461517       185.642319    
   39839.9180       1743.56592       452.709198       185.738235    
   40235.9727       1745.61450       452.896881       185.832779    
   40633.7031       1747.56030       453.044983       185.914154    
   41033.5195       1749.61792       453.169159       185.992874    
   41434.8555       1751.69055       453.263885       186.060379    
   41838.8320       1753.91223       453.381653       186.133606    
   42245.4180       1755.95630       453.533661       186.203476    
   42654.1367       1758.07458       453.695099       186.250717    
   43065.8867       1760.18701       453.869049       186.261871    
   43479.1602       1762.16724       454.029785       186.290512    
   43895.7695       1764.17761       454.186829       186.333511    
   44313.6406       1766.20483       454.371460       186.374969    
   44733.5273       1768.20312       454.583557       186.427521    
   45156.0781       1770.29736       454.780487       186.486481    
   45581.8320       1772.44226       454.975983       186.556000    
   46009.7148       1774.34021       455.150238       186.646378    
   46438.8242       1776.23889       455.335938       186.732452    
   46869.6094       1778.02856       455.531097       186.804016    
   47302.7617       1779.73352       455.762024       186.876846    
   47737.1094       1781.42505       456.018188       186.938461    
   48173.8398       1783.13843       456.232513       187.025314    
   48613.9062       1784.77271       456.448029       187.089706    
   49055.4883       1786.39099       456.647522       187.163422    
   49499.6094       1787.99622       456.851990       187.224503    
   49945.2266       1789.58447       457.050079       187.284012    
   50393.1680       1791.12610       457.242798       187.366165    
   50843.4688       1792.55884       457.425781       187.444885    
   51295.3398       1793.88367       457.623322       187.517685    
   51749.6094       1795.15515       457.806946       187.573364    
   52205.0508       1796.43982       457.989716       187.618835    
   52662.6875       1797.76538       458.135529       187.663345    
   53122.0117       1799.09302       458.289001       187.718765    
   53583.6523       1800.45593       458.434448       187.770264    
   54047.3672       1801.73340       458.597260       187.814224    
   54512.7852       1803.09033       458.750763       187.848633    
   54980.2109       1804.48901       458.880493       187.891891    
   55449.3828       1805.84009       459.044952       187.929779    
   55918.9023       1807.19812       459.177002       187.956818    
   56390.4180       1808.61414       459.322327       187.996735    
   56863.3125       1810.07275       459.441803       188.042252    
   57337.8594       1811.57837       459.512695       188.096771    
   57813.3516       1813.01636       459.573822       188.155396    
   58291.1172       1814.48425       459.651093       188.194397    
   58770.9375       1815.94812       459.710785       188.226822    
   59253.3945       1817.49255       459.773285       188.266571    
   59738.5742       1819.04932       459.833923       188.310165    
   60226.3828       1820.54395       459.893616       188.355347    
   60718.0000       1822.09827       459.970520       188.401855    
   61212.0820       1823.63782       460.060486       188.439072    
   61709.3320       1825.14648       460.124969       188.461075    
   62207.8008       1826.65747       460.191925       188.486603    
   62708.0273       1828.10718       460.272400       188.517654    
   63209.6289       1829.61292       460.348297       188.560104    
   63713.6992       1831.01196       460.403900       188.599716    
   64219.3242       1832.41638       460.471832       188.613708    
   64726.5977       1833.74133       460.507477       188.621521    
   65234.3750       1835.08875       460.546570       188.621735    
   65743.7109       1836.34058       460.565277       188.630859    
   66254.2891       1837.57129       460.605591       188.649063    
   66767.3125       1838.77319       460.663208       188.675095    
   67282.3750       1840.00818       460.696106       188.711304    
   67800.3125       1841.26086       460.732788       188.732422    
   68319.1953       1842.48694       460.780731       188.758530    
   68839.3594       1843.64722       460.823120       188.801270    
   69360.0938       1844.84460       460.887695       188.842529    
   69883.4062       1846.06726       460.957672       188.882492    
   70408.7422       1847.26135       460.992523       188.909760    
   70936.5625       1848.44434       461.010956       188.944778    
   71466.2266       1849.68274       461.041504       188.988953    
   71996.6250       1850.91577       461.073761       189.019836    
   72528.2812       1852.12549       461.127167       189.048767    
   73060.8125       1853.30310       461.175446       189.072617    
   73594.3125       1854.43005       461.214905       189.102432    
   74130.1641       1855.48047       461.255432       189.133514    
   74666.8047       1856.50134       461.317535       189.160919    
   75204.7109       1857.56311       461.388123       189.189148    
   75745.8438       1858.55371       461.437195       189.219543    
   76288.4219       1859.50488       461.506012       189.237473    
   76832.5625       1860.38794       461.589447       189.252808    
   77377.7422       1861.26782       461.675476       189.261780    
   77924.6172       1862.14795       461.763367       189.272263    
   78475.3047       1863.02393       461.835449       189.291489    
   79027.6797       1863.80762       461.922363       189.289780    
   79583.4844       1864.61462       462.006500       189.292572    
   80141.4531       1865.41602       462.106354       189.300385    
   80700.4766       1866.16870       462.179962       189.297546    
   81261.8828       1866.99707       462.259369       189.306870    
   81825.2344       1867.81970       462.312531       189.316742    
   82390.0859       1868.64539       462.375763       189.332565    
   82956.6562       1869.42285       462.451508       189.356186    
   83526.4531       1870.19653       462.493103       189.376663    
   84098.2969       1870.92004       462.571167       189.389740    
   84673.4531       1871.72278       462.651733       189.397324    
   85250.0703       1872.47498       462.740326       189.404251    
   85827.7734       1873.23438       462.857544       189.400269    
   86408.1172       1873.88757       462.965790       189.403168    
   86991.5234       1874.51709       463.071014       189.408142    
   87576.2266       1875.10718       463.142334       189.408981    
   88163.7188       1875.73584       463.227295       189.414246    
   88753.6016       1876.32935       463.297760       189.421860    
   89345.1016       1876.88464       463.376862       189.417328    
   89938.4844       1877.41382       463.464661       189.425827    
   90534.3906       1878.00586       463.545441       189.423706    
   91132.0781       1878.56958       463.639771       189.421585    
   91731.1641       1879.14294       463.754425       189.419937    
   92332.5547       1879.79871       463.865753       189.423401    
   92936.6328       1880.39026       463.967407       189.418350    
   93542.8906       1880.98157       464.044525       189.418396    
   94152.9141       1881.56555       464.138580       189.420792    
   94765.7969       1882.13879       464.241241       189.430435    
   95380.9609       1882.76538       464.331757       189.437241    
   95999.4219       1883.36169       464.452698       189.448074    
   96619.5234       1883.96631       464.550720       189.452484    
   97241.0078       1884.53442       464.668610       189.459290    
   97864.5469       1885.17456       464.785706       189.462830    
   98488.3828       1885.74072       464.901581       189.464935    
   99112.6641       1886.26440       465.048004       189.480713    
   99740.1797       1886.82532       465.199615       189.495834    
   100370.281       1887.38977       465.327362       189.522583    
   101002.484       1887.97339       465.460510       189.542755    
   101636.695       1888.56506       465.608765       189.560791    
   102272.266       1889.20215       465.766418       189.576889    
   102909.188       1889.87036       465.892578       189.596802    
   103546.688       1890.52759       465.999146       189.609131    
   104186.594       1891.21887       466.109863       189.633057    
   104829.055       1891.94128       466.225494       189.648727    
   105473.016       1892.61633       466.321106       189.669769    
   106119.094       1893.32471       466.446136       189.685562    
   106768.555       1894.07068       466.603027       189.705688    
   107419.578       1894.85840       466.762390       189.724899    
   108071.836       1895.75073       466.898804       189.742050    
   108724.805       1896.70422       467.051208       189.760696    
   109380.289       1897.58240       467.195831       189.780838    
   110038.125       1898.50818       467.332001       189.813644    
   110700.250       1899.44849       467.481201       189.841385    
   111364.109       1900.39404       467.598724       189.865982    
   112029.805       1901.28760       467.714813       189.884354    
   112699.672       1902.17200       467.824615       189.910507    
   113370.133       1903.03687       467.912750       189.936127    
   114042.156       1903.82861       467.988525       189.951248    
   114715.062       1904.59399       468.066772       189.957199    
   115389.312       1905.31262       468.124023       189.959366    
   116064.672       1906.00574       468.176727       189.978485    
   116742.516       1906.68286       468.233185       189.987671    
   117422.484       1907.31934       468.288818       189.992142    
   118102.734       1907.99060       468.343628       189.994888    
   118786.078       1908.65393       468.412598       190.001892    
   119470.266       1909.23267       468.472290       190.020660    
   120156.961       1909.80725       468.510132       190.040649    
   120845.141       1910.40002       468.523376       190.056992    
   121535.445       1911.04041       468.527832       190.086075    
   122227.664       1911.70996       468.544464       190.114883    
   122921.648       1912.29919       468.565826       190.140945    
   123617.680       1912.90320       468.600433       190.164597    
   124316.719       1913.53687       468.634583       190.198471    
   125019.258       1914.15149       468.675751       190.243164    
   125723.664       1914.71655       468.733887       190.277618    
   126431.031       1915.30017       468.807770       190.311691    
   127140.758       1915.83008       468.887878       190.337921    
   127852.703       1916.38745       468.971985       190.354736    
   128565.844       1916.97913       469.057373       190.369293    
   129281.391       1917.55469       469.132782       190.384003    
   129999.109       1918.13733       469.199371       190.397614    
   130717.594       1918.75500       469.250336       190.415695    
   131437.062       1919.30896       469.314575       190.436035    
   132160.203       1919.89746       469.365936       190.447983    
   132884.781       1920.38074       469.418762       190.454727    
   133610.984       1920.89709       469.462311       190.468353    
   134337.594       1921.41516       469.500092       190.490097    
   135067.297       1921.95044       469.556366       190.512100    
   135799.047       1922.45166       469.582825       190.532059    
   136532.672       1922.98511       469.609711       190.559082    
   137269.406       1923.56287       469.649841       190.594498    
   138008.781       1924.12939       469.689423       190.624252    
   138750.328       1924.70532       469.722321       190.644501    
   139493.172       1925.32288       469.759827       190.662674    
   140238.281       1925.94727       469.814819       190.671478    
   140986.781       1926.57617       469.893951       190.687057    
   141738.047       1927.20300       469.975189       190.697876    
   142490.844       1927.86401       470.071259       190.703857    
   143247.156       1928.51904       470.175354       190.715668    
   144005.094       1929.23169       470.280731       190.728821    
   144766.719       1929.91223       470.393311       190.740479    
   145530.500       1930.52954       470.508820       190.758041    
   146297.234       1931.14966       470.643250       190.761826    
   147065.953       1931.80017       470.770569       190.771896    
   147837.391       1932.51587       470.923462       190.783112    
   148609.891       1933.25891       471.055939       190.800644    
   149384.469       1933.97046       471.171722       190.826920    
   150162.578       1934.62354       471.267853       190.846512    
   150942.875       1935.26343       471.353363       190.865479    
   151724.266       1935.90540       471.435242       190.896713    
   152506.906       1936.54834       471.518311       190.912659    
   153290.547       1937.23523       471.611633       190.919739    
   154074.906       1937.89551       471.685730       190.928207    
   154861.344       1938.53931       471.748352       190.940002    
   155649.188       1939.20288       471.804993       190.948853    
   156438.547       1939.85547       471.859528       190.958389    
   157230.672       1940.49658       471.892883       190.970749    
   158024.781       1941.17163       471.921783       190.993134    
   158821.125       1941.82971       471.949738       191.011856    
   159620.688       1942.44617       471.985809       191.034088    
   160422.250       1943.02246       472.022919       191.054398    
   161227.281       1943.61194       472.062988       191.071671    
   162033.609       1944.14062       472.103394       191.085968    
   162841.625       1944.62000       472.150421       191.095779    
   163651.938       1945.03760       472.196564       191.111298    
   164465.281       1945.44348       472.237244       191.124481    
   165280.344       1945.88428       472.275879       191.138840    
   166098.344       1946.35632       472.323547       191.156967    
   166919.703       1946.84839       472.373474       191.178940    
   167743.766       1947.34863       472.420837       191.191254    
   168569.609       1947.83081       472.465576       191.198074    
   169396.656       1948.23071       472.496796       191.205795    
   170225.750       1948.63892       472.518188       191.216400    
   171055.688       1949.07471       472.534454       191.227097    
   171886.797       1949.46594       472.565430       191.240112    
   172718.938       1949.87964       472.611450       191.254471    
   173552.609       1950.27820       472.654449       191.267288    
   174389.797       1950.69604       472.712036       191.290161    
   175228.188       1951.12585       472.772522       191.317368    
   176068.688       1951.57031       472.816101       191.341476    
   176910.703       1952.00146       472.873138       191.362091    
   177753.141       1952.45361       472.935455       191.388702    
   178597.094       1952.92566       472.998047       191.406708    
   179443.453       1953.41638       473.046387       191.423645    
   180292.359       1953.94128       473.099518       191.434128    
   181142.984       1954.39062       473.137695       191.446320    
   181997.516       1954.83728       473.159180       191.460007    
   182853.141       1955.26941       473.189728       191.475693    
   183710.812       1955.76782       473.192261       191.485916    
   184570.562       1956.32275       473.199158       191.496613    
   185431.422       1956.86353       473.220703       191.508286    
   186293.562       1957.44470       473.248718       191.519547    
   187157.438       1958.12048       473.275848       191.530807    
   188023.938       1958.77795       473.289459       191.544067    
   188892.703       1959.49683       473.313263       191.560547    
   189762.078       1960.21545       473.340332       191.570862    
   190633.219       1960.96167       473.368011       191.579788    
   191506.031       1961.70593       473.399780       191.577316    
   192382.109       1962.43127       473.437561       191.571793    
   193259.078       1963.22388       473.459595       191.573181    
   194136.375       1964.01978       473.504974       191.578262    
   195015.219       1964.78638       473.569489       191.590302    
   195896.062       1965.53687       473.633179       191.605164    
   196777.641       1966.31323       473.696655       191.625961    
   197661.047       1967.12854       473.755310       191.648560    
   198547.578       1967.98914       473.806030       191.672668    
   199436.281       1968.88989       473.855347       191.686218    
   200325.750       1969.72058       473.909882       191.702133    
   201216.266       1970.44971       473.970642       191.717300    
   202109.891       1971.20935       474.031067       191.734070    
   203005.656       1971.98047       474.100861       191.762466    
   203903.297       1972.72717       474.163910       191.794769    
   204801.672       1973.55249       474.233612       191.821716    
   205701.953       1974.32690       474.286530       191.847809    
   206604.828       1975.06604       474.321106       191.867310    
   207509.297       1975.84912       474.351898       191.889740    
   208415.062       1976.57739       474.365417       191.906662    
   209321.859       1977.23511       474.379822       191.926712    
   210229.859       1977.88025       474.401489       191.934052    
   211140.672       1978.45154       474.399414       191.941360    
   212052.688       1978.99121       474.407440       191.958862    
   212969.594       1979.53674       474.426605       191.975021    
   213887.828       1980.01489       474.454498       191.996552    
   214807.000       1980.46875       474.493805       192.010834    
   215728.812       1980.92590       474.535095       192.025864    
   216654.547       1981.42981       474.560547       192.041840    
   217581.766       1981.89673       474.599030       192.060410    
   218510.578       1982.32251       474.637329       192.078262    
   219442.484       1982.69202       474.652161       192.097321    
   220375.859       1983.09778       474.665802       192.110779    
   221310.109       1983.47815       474.674042       192.125626    
   222244.469       1983.83289       474.689789       192.138123    
   223181.828       1984.12170       474.726837       192.148514    
   224123.078       1984.43811       474.754028       192.155869    
   225064.000       1984.75073       474.783142       192.155609    
   226006.375       1985.04797       474.809998       192.151382    
   226951.547       1985.32593       474.840118       192.149872    
   227900.375       1985.59509       474.866608       192.144608    
   228852.078       1985.85242       474.901001       192.142441    
   229805.422       1986.08643       474.936127       192.137833    
   230760.922       1986.35925       474.950256       192.135254    
   231719.766       1986.60571       474.944366       192.132996    
   232681.078       1986.86609       474.969208       192.125580    
   233643.359       1987.13599       475.004456       192.123291    
   234608.547       1987.43274       475.039795       192.120529    
   235575.234       1987.77185       475.076141       192.124420    
   236544.203       1988.12390       475.128815       192.133331    
   237515.688       1988.35669       475.193726       192.144653    
   238489.172       1988.62427       475.253815       192.158234    
   239465.250       1988.93396       475.305237       192.180328    
   240443.688       1989.21252       475.357697       192.205750    
   241424.281       1989.49170       475.416748       192.233871    
   242408.016       1989.76123       475.474030       192.260757    
   243394.109       1990.02380       475.538696       192.287598    
   244381.562       1990.33032       475.600922       192.307907    
   245370.953       1990.65137       475.664124       192.325974    
   246362.266       1990.93787       475.705078       192.338745    
   247354.188       1991.27405       475.740723       192.355057    
   248348.062       1991.59631       475.762268       192.372467    
   249345.062       1991.94324       475.773865       192.398956    
   250344.250       1992.25769       475.777618       192.415054    
   251346.859       1992.62012       475.788666       192.437561    
   252348.594       1993.03345       475.799957       192.450317    
   253352.312       1993.49683       475.805176       192.463409    
   254356.359       1993.94617       475.805298       192.482391    
   255362.125       1994.37598       475.813843       192.500626    
   256368.781       1994.85071       475.820709       192.519913    
   257378.953       1995.35669       475.821777       192.552429    
   258390.516       1995.81238       475.815826       192.582275    
   259406.078       1996.26855       475.816040       192.610275    
   260425.562       1996.71008       475.831818       192.639404    
   261447.359       1997.16614       475.856964       192.670334    
   262471.812       1997.61279       475.879120       192.696381    
   263498.750       1998.06750       475.911438       192.721771    
   264528.469       1998.55383       475.943207       192.749008    
   265560.500       1999.00598       475.977783       192.768173    
   266595.469       1999.50134       475.997406       192.782623    
   267632.781       1999.95850       476.014526       192.797333    
   268673.312       2000.44580       476.031799       192.807693    
   269715.688       2000.94165       476.052032       192.806473    
   270760.656       2001.37158       476.063721       192.806396    
   271808.531       2001.81580       476.066315       192.811050    
   272859.562       2002.20935       476.092651       192.819809    
   273911.156       2002.59216       476.115326       192.835587    
   274963.719       2002.93005       476.123230       192.861984    
   276019.281       2003.28931       476.124298       192.890106    
   277075.125       2003.65503       476.117523       192.913086    
   278132.719       2004.05969       476.101593       192.939926    
   279192.281       2004.48547       476.093353       192.968033    
   280253.844       2004.91907       476.078949       192.991928    
   281316.438       2005.37561       476.071594       193.014526    
   282380.281       2005.85278       476.070099       193.038666    
   283445.969       2006.33423       476.078064       193.055954    
   284514.812       2006.83630       476.068695       193.072418    
   285587.719       2007.35950       476.069550       193.085083    
   286659.906       2007.94006       476.064606       193.098373    
   287734.219       2008.53735       476.071472       193.104263    
   288808.562       2009.16296       476.082001       193.120483    
   289884.719       2009.78247       476.094849       193.128418    
   290961.375       2010.41638       476.102173       193.141068    
   292040.875       2011.04639       476.104584       193.150864    
   293122.812       2011.68091       476.114746       193.165955    
   294207.438       2012.34229       476.140991       193.177170    
   295293.969       2012.99243       476.167236       193.184265    
   296383.312       2013.65906       476.191589       193.184723    
   297474.094       2014.26538       476.222473       193.179825    
   298567.969       2014.83044       476.257019       193.172165    
   299663.750       2015.42175       476.308716       193.174576    
   300760.656       2016.02234       476.367798       193.183655    
   301858.844       2016.57434       476.418488       193.188446    
   302959.625       2017.14172       476.464874       193.194244    
   304062.969       2017.73633       476.512695       193.206833    
   305168.688       2018.35046       476.556000       193.218246    
   306276.594       2018.91052       476.593353       193.220398    
   307386.969       2019.45959       476.631348       193.226425    
   308498.531       2019.99365       476.673279       193.234604    
   309612.156       2020.52808       476.698700       193.244125    
   310728.344       2021.09436       476.718384       193.257950    
   311846.062       2021.58936       476.745117       193.267365    
   312965.188       2022.07312       476.791107       193.277832    
   314086.250       2022.52356       476.828644       193.300888    
   315208.875       2022.98364       476.884644       193.316925    
   316332.656       2023.41785       476.930115       193.328979    
   317460.469       2023.86084       476.963745       193.342560    
   318588.156       2024.30298       476.993927       193.359055    
   319716.656       2024.70667       477.027679       193.372635    
   320847.875       2025.14038       477.064026       193.391479    
   321981.938       2025.57068       477.107849       193.408646    
   323118.125       2025.99207       477.164581       193.428284    
   324256.344       2026.41309       477.218994       193.444824    
   325397.219       2026.82495       477.258545       193.462341    
   326540.938       2027.26404       477.286377       193.473282    
   327688.406       2027.63574       477.319427       193.477539    
   328837.812       2028.07251       477.342804       193.481369    
   329989.688       2028.52930       477.369690       193.482025    
   331144.469       2029.00452       477.389038       193.477798    
   332301.500       2029.46423       477.409882       193.479507    
   333459.875       2029.88672       477.433105       193.487518    
   334617.031       2030.30005       477.458435       193.483429    
   335778.000       2030.74841       477.494507       193.481293    
   336942.281       2031.15918       477.529663       193.479767    
   338106.938       2031.54858       477.561340       193.483841    
   339274.062       2032.00403       477.604797       193.487152    
   340443.438       2032.42896       477.643250       193.494110    
   341615.500       2032.83240       477.679596       193.500015    
   342789.750       2033.24097       477.703461       193.502228    
   343965.000       2033.67236       477.724182       193.507767    
   345144.000       2034.14136       477.749054       193.511856    
   346327.188       2034.61401       477.783142       193.514755    
   347512.031       2035.09021       477.825867       193.515198    
   348696.844       2035.43018       477.869843       193.515274    
   349885.625       2035.77917       477.908997       193.522903    
   351074.969       2036.11865       477.955292       193.529587    
   352265.812       2036.44714       477.995789       193.533737    
   353459.750       2036.75769       478.042725       193.542023    
   354655.250       2037.08435       478.079102       193.552902    
   355851.219       2037.39343       478.106415       193.566772    
   357049.125       2037.70801       478.133575       193.574524    
   358249.938       2037.98157       478.153473       193.579254    
   359455.062       2038.22888       478.162354       193.585953    
   360662.031       2038.50830       478.172241       193.597260    
   361871.906       2038.77197       478.180969       193.605469    
   363082.750       2039.10474       478.189789       193.613174    
   364296.812       2039.47522       478.204559       193.613251    
   365514.219       2039.84387       478.234650       193.616776    
   366735.031       2040.15894       478.258759       193.626053    
   367958.438       2040.47424       478.288574       193.637695    
   369182.531       2040.76184       478.308105       193.644379    
   370407.906       2041.05005       478.321930       193.651566    
   371635.562       2041.29285       478.321838       193.661865    
   372862.062       2041.54858       478.340454       193.681290    
   374089.062       2041.77222       478.369507       193.698090    
   375316.719       2042.00549       478.400330       193.712631    
   376544.406       2042.17798       478.438538       193.728058    
   377774.062       2042.37048       478.475647       193.738464    
   379004.750       2042.57983       478.509857       193.748032    
   380238.906       2042.78882       478.545746       193.754684    
   381476.312       2042.99365       478.591858       193.759094    
   382717.125       2043.20203       478.639801       193.762497    
   383961.594       2043.43665       478.688141       193.767502    
   385207.281       2043.63757       478.739563       193.767609    
   386455.719       2043.85986       478.787354       193.765060    
   387705.312       2044.02466       478.840149       193.768509    
   388954.781       2044.20398       478.890686       193.772354    
   390204.312       2044.42261       478.936249       193.777649    
   391455.906       2044.61865       478.981720       193.788925    
   392710.875       2044.80579       479.018311       193.799942    
   393966.906       2044.98523       479.045837       193.814209    
   395224.875       2045.11938       479.074463       193.832733    
   396485.062       2045.25391       479.101715       193.847794    
   397747.156       2045.38306       479.134216       193.860062    
   399010.938       2045.50549       479.167358       193.869858    
   400275.625       2045.66541       479.202026       193.879684    
   401541.562       2045.85449       479.237305       193.888809    
   402809.156       2046.04248       479.268280       193.897354    
   404078.969       2046.24915       479.299896       193.901581    
   405349.844       2046.42419       479.324219       193.913239    
   406624.219       2046.61279       479.328430       193.918854    
   407900.344       2046.78870       479.334625       193.926620    
   409177.656       2046.95325       479.346405       193.937134    
   410456.375       2047.13342       479.372711       193.944153    
   411735.406       2047.35571       479.420044       193.950119    
   413016.344       2047.54395       479.456940       193.959183    
   414300.938       2047.74487       479.478394       193.957504    
   415588.438       2047.93066       479.503632       193.963715    
   416878.844       2048.09009       479.521942       193.973419    
   418171.625       2048.25781       479.542725       193.979019    
   419464.781       2048.41748       479.547668       193.992294    
   420760.094       2048.53491       479.558777       194.005844    
   422058.500       2048.66577       479.562805       194.009628    
   423359.594       2048.82837       479.571167       194.012726    
   424662.688       2048.97876       479.587463       194.018326    
   425966.438       2049.12769       479.596252       194.023544    
   427269.938       2049.24634       479.605927       194.032608    
   428574.438       2049.30640       479.611847       194.048035    
   429881.250       2049.40576       479.621246       194.059601    
   431190.000       2049.48145       479.627319       194.071304    
   432501.250       2049.60474       479.631500       194.080582    
   433815.969       2049.75073       479.641449       194.091766    
   435130.406       2049.84375       479.651459       194.103241    
   436446.281       2049.91895       479.680939       194.113434    
   437764.375       2050.01587       479.715393       194.120361    
   439083.688       2050.09399       479.737671       194.126419    
   440405.781       2050.20288       479.769897       194.135483    
   441729.156       2050.31079       479.794525       194.140121    
   443054.344       2050.40161       479.806488       194.148926    
   444383.000       2050.48169       479.812531       194.160660    
   445713.938       2050.57153       479.801788       194.176712    
   447047.344       2050.67456       479.784088       194.185532    
   448382.219       2050.79053       479.762695       194.196747    
   449718.062       2050.92261       479.740143       194.208740    
   451055.031       2051.07324       479.722900       194.218552    
   452397.656       2051.21313       479.709290       194.222672    
   453744.562       2051.34717       479.703461       194.225159    
   455093.625       2051.47974       479.703278       194.223785    
   456443.250       2051.58521       479.713226       194.222168    
   457794.031       2051.71606       479.728119       194.219604    
   459147.219       2051.82544       479.760925       194.217514    
   460502.344       2051.94165       479.798462       194.213776    
   461858.781       2052.05835       479.837830       194.213120    
   463219.188       2052.20630       479.891327       194.212570    
   464581.562       2052.33032       479.934326       194.210907    
   465947.312       2052.45435       479.969940       194.214798    
   467314.344       2052.57324       480.010040       194.217499    
   468684.344       2052.71509       480.056854       194.225815    
   470055.094       2052.89380       480.102814       194.236343    
   471425.812       2053.05200       480.154327       194.238205    
   472798.656       2053.20654       480.211731       194.237915    
   474173.219       2053.36548       480.271057       194.242432    
   475548.031       2053.51025       480.320343       194.243042    
   476924.156       2053.62378       480.354187       194.246658    
   478304.125       2053.74609       480.362640       194.254913    
   479687.656       2053.89282       480.363068       194.264465    
   481076.531       2054.02026       480.354553       194.266113    
   482467.344       2054.18115       480.351654       194.266800    
   483858.906       2054.37207       480.345795       194.264542    
   485253.875       2054.55835       480.344055       194.267670    
   486652.844       2054.75000       480.333160       194.274902    
   488052.094       2054.92236       480.331360       194.282394    
   489454.312       2055.08228       480.331390       194.284943    
   490859.625       2055.23584       480.332428       194.286438    
   492265.188       2055.40894       480.339783       194.287720    
   493673.938       2055.56787       480.354950       194.288528    
   495085.062       2055.72827       480.370483       194.284470    
   496496.281       2055.92944       480.397186       194.281662    
   497910.844       2056.12061       480.422607       194.279358    
   499328.750       2056.25879       480.450623       194.278137    
   500748.875       2056.40942       480.491180       194.277832    
   502169.250       2056.50366       480.522552       194.283981    
   503590.594       2056.60327       480.562592       194.288391    
   505013.781       2056.68677       480.606934       194.291641    
   506439.531       2056.78662       480.655731       194.301941    
   507867.406       2056.87549       480.696869       194.315308    
   509299.500       2056.95190       480.736023       194.326462    
   510732.938       2057.03638       480.775574       194.334671    
   512171.781       2057.13330       480.811005       194.345657    
   513611.125       2057.21021       480.835907       194.358841    
   515052.250       2057.30005       480.863068       194.374512    
   516493.625       2057.39160       480.899292       194.389343    
   517934.938       2057.48975       480.920685       194.401855    
   519377.469       2057.58423       480.943329       194.411179    
   520821.469       2057.69092       480.962402       194.418762    
   522265.688       2057.78491       480.985413       194.423813    
   523710.844       2057.89941       481.014038       194.435486    
   525158.625       2058.01416       481.045227       194.452972    
   526606.812       2058.13306       481.071106       194.465530    
   528057.062       2058.26294       481.093811       194.481705    
   529511.062       2058.41528       481.113556       194.491745    
   530965.125       2058.55566       481.132996       194.500839    
   532422.188       2058.70483       481.153076       194.504486    
   533880.688       2058.85571       481.173035       194.505569    
   535342.312       2058.99365       481.200195       194.515854    
   536807.375       2059.08984       481.229706       194.527832    
   538275.125       2059.19458       481.253479       194.532227    
   539745.062       2059.25122       481.264526       194.543015    
   541216.375       2059.26343       481.282440       194.554047    
   542686.875       2059.27344       481.296021       194.565781    
   544158.812       2059.28467       481.314301       194.575562    
   545633.000       2059.29663       481.337524       194.582565    
   547108.438       2059.31152       481.355591       194.584061    
   548585.625       2059.34473       481.376221       194.580093    
   550066.188       2059.37378       481.402435       194.576920    
   551548.062       2059.44312       481.436554       194.572144    
   553032.125       2059.50903       481.467041       194.566681    
   554517.938       2059.57129       481.494293       194.560822    
   556004.438       2059.64526       481.524597       194.559097    
   557491.375       2059.72876       481.548706       194.551880    
   558981.188       2059.80493       481.566742       194.552582    
   560473.938       2059.86084       481.579712       194.555664    
   561968.188       2059.86499       481.582489       194.557053    
   563463.562       2059.83545       481.601990       194.563156    
   564958.688       2059.82324       481.617401       194.572998    
   566456.188       2059.79663       481.634613       194.582291    
   567955.875       2059.79443       481.654419       194.591415    
   569456.188       2059.81738       481.671326       194.603470    
   570959.438       2059.87671       481.688690       194.617096    
   572462.438       2059.92139       481.710846       194.632111    
   573968.312       2059.93701       481.731140       194.645294    
   575474.875       2059.93896       481.757202       194.659882    
   576982.938       2059.94189       481.781403       194.669937    
   578493.750       2059.92578       481.812103       194.677353    
   580003.750       2059.93262       481.835480       194.683914    
   581516.562       2059.95142       481.864105       194.688202    
   583035.250       2059.96460       481.893951       194.694504    
   584554.625       2059.97827       481.928345       194.705032    
   586075.812       2059.97925       481.964935       194.710205    
   587600.000       2060.00977       482.003021       194.714111    
   589126.688       2060.02954       482.054504       194.720123    
   590653.188       2060.04639       482.101929       194.723724    
   592182.500       2060.07812       482.143066       194.730255    
   593713.250       2060.13550       482.177551       194.738770    
   595246.438       2060.22803       482.218903       194.742050    
   596781.750       2060.33447       482.264893       194.745468    
   598319.562       2060.43481       482.293060       194.745117    
   599860.375       2060.55420       482.319336       194.744354    
   601403.875       2060.70142       482.348419       194.742584    
   602950.188       2060.84424       482.389496       194.742035    
   604498.062       2060.98779       482.420593       194.740295    
   606048.938       2061.14233       482.444672       194.736801    
   607601.688       2061.29956       482.472412       194.735062    
   609154.812       2061.44727       482.504486       194.736877    
   610711.188       2061.62061       482.525757       194.740860    
   612271.312       2061.78687       482.548462       194.742889    
   613833.125       2061.96021       482.570068       194.741516    
   615397.938       2062.14893       482.583374       194.743683    
   616963.250       2062.35840       482.599884       194.747589    
   618532.438       2062.53149       482.611786       194.749634    
   620103.250       2062.66406       482.622162       194.749695    
   621674.438       2062.83691       482.627197       194.750381    
   623246.625       2062.98633       482.622406       194.749557    
   624822.875       2063.10669       482.622925       194.743530    
   626398.625       2063.21826       482.633942       194.738907    
   627977.188       2063.32349       482.644287       194.738861    
   629557.438       2063.46802       482.655304       194.738541    
   631139.625       2063.60913       482.657318       194.736298    
   632725.125       2063.75708       482.675079       194.734879    
   634310.625       2063.92554       482.702545       194.732162    
   635898.812       2064.08154       482.729218       194.728439    
   637490.562       2064.21021       482.753418       194.723465    
   639082.125       2064.33984       482.776306       194.717743    
   640675.812       2064.46362       482.796417       194.715088    
   642270.562       2064.58081       482.816986       194.712524    
   643871.438       2064.72778       482.823578       194.711823    
   645473.312       2064.88403       482.836975       194.710510    
   647077.625       2065.06445       482.843323       194.710281    
   648684.625       2065.25488       482.848083       194.712952    
   650292.875       2065.44727       482.855499       194.717804    
   651905.500       2065.61768       482.869171       194.721603    
   653519.375       2065.77808       482.887329       194.726105    
   655134.500       2065.91748       482.913025       194.733826    
   656755.125       2066.04224       482.940125       194.738083    
   658379.375       2066.19067       482.956085       194.740433    
   660004.562       2066.34204       482.969147       194.739075    
   661630.812       2066.50635       482.976532       194.731476    
   663256.750       2066.65356       482.992432       194.727966    
   664886.938       2066.81006       483.000671       194.725800    
   666521.188       2066.96655       483.009796       194.722702    
   668159.812       2067.13354       483.026550       194.725800    
   669799.812       2067.31104       483.044983       194.734634    
   671440.312       2067.47192       483.075684       194.742294    
   673084.250       2067.61792       483.110962       194.752335    
   674729.500       2067.74829       483.143463       194.763550    
   676377.562       2067.87476       483.180420       194.777695    
   678028.062       2068.02197       483.204590       194.789597    
   679679.688       2068.13721       483.230499       194.797562    
   681334.812       2068.26855       483.251160       194.804718    
   682991.562       2068.38525       483.273224       194.813416    
   684651.125       2068.49219       483.305664       194.830734    
   686311.500       2068.58398       483.337311       194.846603    
   687974.375       2068.67749       483.360748       194.860992    
   689639.625       2068.78418       483.375092       194.874893    
   691306.625       2068.89062       483.385712       194.883148    
   692977.562       2068.99951       483.400604       194.886368    
   694650.750       2069.12329       483.417236       194.890427    
   696325.188       2069.19800       483.437683       194.893875    
   698002.250       2069.28687       483.464264       194.898499    
   699682.000       2069.36914       483.483368       194.909378    
   701364.250       2069.45239       483.498016       194.918686    
   703049.250       2069.56030       483.517151       194.922684    
   704735.750       2069.68896       483.524017       194.921890    
   706421.375       2069.83130       483.536682       194.925186    
   708108.750       2069.98633       483.548889       194.930817    
   709797.625       2070.13135       483.559875       194.940170    
   711489.312       2070.27856       483.568634       194.953583    
   713184.875       2070.43750       483.562469       194.965469    
   714883.750       2070.61182       483.559387       194.978012    
   716584.875       2070.77100       483.553284       194.989120    
   718289.938       2070.93384       483.558228       194.999161    
   719997.312       2071.11890       483.565247       195.004715    
   721703.375       2071.33447       483.572388       195.008362    
   723413.438       2071.52808       483.569122       195.011383    
   725127.188       2071.73608       483.572021       195.015656    
   726841.312       2071.93774       483.571381       195.020966    
   728557.000       2072.11890       483.575592       195.030853    
   730276.938       2072.30640       483.575562       195.038132    
   731999.875       2072.47314       483.575562       195.043472    
   733726.188       2072.68579       483.578735       195.048599    
   735455.750       2072.88745       483.590881       195.055115    
   737186.750       2073.09741       483.607574       195.066162    
   738918.938       2073.28589       483.614136       195.080261    
   740653.562       2073.47363       483.619843       195.094421    
   742390.250       2073.63110       483.631958       195.103973    
   744128.688       2073.74438       483.649384       195.114197    
   745868.188       2073.88672       483.655060       195.121429    
   747610.625       2074.02051       483.654205       195.123581    
   749356.438       2074.16675       483.659515       195.128036    
   751105.938       2074.29028       483.661011       195.132294    
   752857.688       2074.39917       483.653351       195.134293    
   754614.438       2074.47876       483.644257       195.135254    
   756372.812       2074.53882       483.627869       195.139099    
   758133.375       2074.62378       483.614288       195.140274    
   759897.000       2074.70483       483.601562       195.139526    
   761665.750       2074.81396       483.587921       195.143585    
   763438.375       2074.90942       483.579987       195.151535    
   765208.500       2075.01562       483.578064       195.157715    
   766980.750       2075.14185       483.579071       195.164459    
   768752.438       2075.27612       483.575714       195.173355    
   770526.750       2075.41821       483.574158       195.182739    
   772297.500       2075.55444       483.572571       195.197327    
   774071.062       2075.69556       483.573822       195.210480    
   775848.812       2075.83179       483.573212       195.220642    
   777628.250       2075.93677       483.577911       195.232117    
   779409.062       2076.03760       483.583771       195.245987    
   781190.125       2076.11475       483.594910       195.261475    
   782975.125       2076.19287       483.601593       195.279526    
   784761.625       2076.28540       483.612457       195.287827    
   786550.688       2076.39893       483.618896       195.292969    
   788337.938       2076.54102       483.624695       195.295090    
   790128.062       2076.67993       483.627533       195.291428    
   791917.875       2076.80615       483.634949       195.292084    
   793711.562       2076.93213       483.646606       195.290955    
   795507.750       2077.06299       483.657684       195.286453    
   797303.688       2077.18848       483.679474       195.275024    
   799100.125       2077.33545       483.704376       195.270279    
   800897.312       2077.47095       483.715210       195.267426    
   802696.500       2077.60938       483.729553       195.263367    
   804498.750       2077.72192       483.750580       195.257843    
   806301.438       2077.83252       483.773529       195.254379    
   808106.625       2077.95996       483.792297       195.255539    
   809912.125       2078.07202       483.818970       195.256912    
   811715.812       2078.19019       483.848633       195.256973    
   813520.688       2078.29810       483.871918       195.255753    
   815328.812       2078.39111       483.895111       195.253006    
   817139.188       2078.47388       483.910889       195.252380    
   818953.875       2078.51904       483.930328       195.253159    
   820771.188       2078.55933       483.950409       195.255417    
   822590.438       2078.59863       483.978424       195.258194    
   824413.188       2078.64819       484.017273       195.262589    
   826238.312       2078.71704       484.051910       195.269043    
   828068.750       2078.79224       484.083862       195.272690    
   829899.938       2078.87988       484.099213       195.271744    
   831734.812       2078.94141       484.115295       195.270950    
   833571.375       2078.99634       484.127258       195.269684    
   835409.188       2079.06299       484.143463       195.269104    
   837248.750       2079.14111       484.157684       195.266891    
   839086.250       2079.24658       484.173920       195.265015    
   840925.688       2079.32251       484.189270       195.264954    
   842767.125       2079.40942       484.208069       195.266403    
   844608.938       2079.45239       484.226318       195.268677    
   846450.812       2079.50342       484.237976       195.269165    
   848295.562       2079.53516       484.249115       195.268356    
   850140.750       2079.58105       484.261444       195.266586    
   851987.688       2079.65063       484.267517       195.268372    
   853837.875       2079.72266       484.273468       195.270676    
   855691.688       2079.80811       484.281128       195.276428    
   857546.500       2079.87646       484.292938       195.286804    
   859405.562       2079.93140       484.307312       195.293747    
   861270.000       2079.99976       484.317963       195.302658    
   863135.188       2080.06250       484.335724       195.307724    
   865003.125       2080.13013       484.354645       195.308716    
   866870.938       2080.20483       484.363739       195.311478    
   868739.375       2080.25464       484.374146       195.317383    
   870609.812       2080.29834       484.392151       195.322769    
   872481.625       2080.35889       484.400238       195.328323    
   874354.812       2080.43457       484.415039       195.328629    
   876228.812       2080.51855       484.426880       195.329941    
   878107.875       2080.60522       484.436829       195.333374    
   879988.500       2080.70923       484.450775       195.332169    
   881870.312       2080.80835       484.465027       195.332916    
   883753.812       2080.90479       484.477539       195.337021    
   885639.125       2080.99487       484.494354       195.344360    
   887526.062       2081.06787       484.517029       195.350204    
   889415.875       2081.15771       484.541809       195.354172    
   891307.500       2081.24805       484.576141       195.355392    
   893197.000       2081.36304       484.608612       195.355026    
   895086.938       2081.47729       484.639191       195.353546    
   896976.812       2081.58203       484.664001       195.356323    
   898866.750       2081.66992       484.678528       195.357224    
   900761.500       2081.78687       484.689545       195.356369    
   902655.938       2081.90601       484.688782       195.355682    
   904552.750       2082.01880       484.684875       195.352249    
   906452.250       2082.13184       484.686432       195.346786    
   908354.812       2082.24927       484.694366       195.343582    
   910257.938       2082.37842       484.709137       195.337891    
   912162.375       2082.51318       484.714752       195.334457    
   914069.625       2082.64038       484.718842       195.332016    
   915978.750       2082.79956       484.725494       195.334549    
   917886.438       2082.98340       484.727936       195.338211    
   919797.000       2083.10083       484.736481       195.342590    
   921707.562       2083.23926       484.743225       195.348557    
   923622.062       2083.38745       484.753326       195.358780    
   925541.188       2083.55103       484.757874       195.366089    
   927461.500       2083.70996       484.767120       195.372391    
   929382.500       2083.88379       484.787109       195.377762    
   931306.750       2084.02563       484.806458       195.382065    
   933233.562       2084.17578       484.828339       195.384338    
   935160.250       2084.28979       484.854645       195.387192    
   937088.312       2084.36694       484.876526       195.388611    
   939018.312       2084.44678       484.897888       195.391357    
   940949.875       2084.51465       484.911865       195.392227    
   942884.125       2084.60645       484.931854       195.393433    
   944820.125       2084.70068       484.949463       195.395813    
   946757.250       2084.79956       484.967102       195.400360    
   948696.562       2084.89258       484.972626       195.409958    
   950636.500       2084.97559       484.980133       195.421783    
   952580.688       2085.05762       484.989685       195.435089    
   954526.750       2085.14185       485.003662       195.448944    
   956472.562       2085.24805       485.017731       195.459854    
   958417.438       2085.36938       485.028992       195.469742    
   960364.688       2085.49683       485.043121       195.475586    
   962311.500       2085.64575       485.056091       195.482285    
   964261.438       2085.79956       485.068420       195.485382    
   966216.062       2085.94092       485.076965       195.488846    
   968172.812       2086.06177       485.089539       195.491882    
   970131.688       2086.16968       485.101349       195.494507    
   972089.625       2086.27930       485.110016       195.494827    
   974049.500       2086.38843       485.120392       195.494934    
   976011.250       2086.46387       485.123596       195.496689    
   977974.688       2086.54492       485.126129       195.498871    
   979939.812       2086.62598       485.120026       195.500580    
   981906.812       2086.70728       485.118774       195.502579    
   983875.812       2086.80518       485.111206       195.503967    
   985846.125       2086.90454       485.102081       195.499268    
   987815.938       2086.99487       485.102661       195.498383    
   989786.500       2087.06812       485.108185       195.499512    
   991757.062       2087.13184       485.105133       195.499252    
   993728.000       2087.19849       485.110321       195.498093    
   995700.000       2087.26538       485.117340       195.497757    
