   0.00000000       0.00000000       0.00000000       0.00000000    
   1.30999088E-03   4.69997525E-04  -7.64995813E-04   2.80007720E-04
   7.80016184E-04   5.66676259E-04  -2.80007720E-04  -7.33323395E-04
   6.20007515E-04   1.59251690E-03   5.50001860E-05  -1.13997608E-03
  -2.63929367E-04   1.13001838E-03  -5.74007630E-04  -1.91199780E-03
  -1.31332129E-03   5.10033220E-04  -1.25669315E-03  -1.76166091E-03
  -2.38575973E-03  -6.07161783E-04  -2.14430038E-03  -1.73000153E-03
  -3.20745539E-03  -1.93376187E-03  -3.11121088E-03  -2.88379868E-03
  -3.70670296E-03  -2.54111504E-03  -3.22889234E-03  -4.07997565E-03
  -4.04008944E-03  -2.18100194E-03  -3.70402774E-03  -4.95504076E-03
  -4.53641731E-03  -2.23089173E-03  -3.97272222E-03  -5.15276194E-03
  -4.73162113E-03  -2.28754175E-03  -4.25999379E-03  -5.79081848E-03
  -4.61690500E-03  -2.43080547E-03  -4.32081055E-03  -5.91617264E-03
  -4.21431381E-03  -2.35214946E-03  -4.03219368E-03  -5.72784618E-03
  -3.85995768E-03  -1.69336225E-03  -3.86400055E-03  -5.40997554E-03
  -3.46385618E-03  -9.73168702E-04  -3.30999726E-03  -4.70872363E-03
  -3.11760441E-03  -5.64108195E-04  -2.93587195E-03  -3.87646095E-03
  -3.18672182E-03  -1.99992544E-04  -2.76114536E-03  -3.36888176E-03
  -3.33575974E-03   2.57372158E-05  -2.84684682E-03  -2.83791102E-03
  -3.39503167E-03   4.73503256E-04  -3.01545602E-03  -2.78250221E-03
  -3.32859694E-03   1.07707479E-03  -3.39191570E-03  -2.40710494E-03
  -3.24163097E-03   1.30451261E-03  -3.72408773E-03  -2.29090475E-03
  -3.26097477E-03   1.82656338E-03  -4.22265753E-03  -2.22080317E-03
  -3.34830279E-03   2.37494195E-03  -4.54997737E-03  -2.56538112E-03
  -3.36407893E-03   2.58568791E-03  -5.00641530E-03  -2.82838987E-03
  -3.61318211E-03   2.99267774E-03  -5.37961489E-03  -2.94811721E-03
  -3.92840244E-03   3.61446221E-03  -5.65919094E-03  -2.87551130E-03
  -4.17993404E-03   4.08436405E-03  -5.70284994E-03  -2.98175658E-03
  -4.19168314E-03   4.45854757E-03  -5.74312638E-03  -2.81866593E-03
  -4.31205891E-03   4.91694501E-03  -5.68942120E-03  -2.65004300E-03
  -4.65241866E-03   5.21847047E-03  -5.66608272E-03  -2.33062566E-03
  -5.02645923E-03   5.24433283E-03  -5.82065620E-03  -1.99897168E-03
  -5.36346436E-03   5.11914352E-03  -5.95363881E-03  -1.78908929E-03
  -5.70466137E-03   5.04380837E-03  -6.08555134E-03  -1.60593970E-03
  -6.04279852E-03   4.95945057E-03  -5.98852802E-03  -1.69829826E-03
  -6.33206265E-03   4.89986967E-03  -5.84943406E-03  -1.58221857E-03
  -6.48274738E-03   4.85455524E-03  -5.71921142E-03  -1.38805388E-03
  -6.66267565E-03   4.94573545E-03  -5.60957240E-03  -1.20422069E-03
  -6.88564451E-03   4.95010894E-03  -5.29060187E-03  -1.08870410E-03
  -7.01593934E-03   4.92853438E-03  -5.18182572E-03  -1.02778198E-03
  -7.23471446E-03   4.82170191E-03  -5.09851845E-03  -1.13534613E-03
  -7.42957043E-03   4.62830905E-03  -5.00593148E-03  -1.28021638E-03
  -7.48038245E-03   4.46489220E-03  -4.91364393E-03  -1.40629231E-03
  -7.55047612E-03   4.44214512E-03  -4.91434708E-03  -1.49982108E-03
  -7.62210041E-03   4.39568982E-03  -4.72751725E-03  -1.75599649E-03
  -7.69516639E-03   4.31247614E-03  -4.59563918E-03  -1.91915606E-03
  -7.82059412E-03   4.19460284E-03  -4.41811886E-03  -2.12595821E-03
  -7.84817617E-03   4.13979217E-03  -4.21037152E-03  -2.28307419E-03
  -7.90678244E-03   4.03652433E-03  -4.00284911E-03  -2.50136573E-03
  -8.01721681E-03   4.00241418E-03  -3.94717418E-03  -2.64475425E-03
  -8.04983173E-03   3.81078920E-03  -3.97312036E-03  -2.76588835E-03
  -8.06213357E-03   3.75902676E-03  -4.05055471E-03  -2.77986284E-03
  -8.02973378E-03   3.73962754E-03  -4.08167718E-03  -2.75338418E-03
  -8.01251084E-03   3.68665298E-03  -3.98109667E-03  -2.74908287E-03
  -8.01356789E-03   3.57563072E-03  -3.83477355E-03  -2.72159395E-03
  -8.01998097E-03   3.37891071E-03  -3.67240305E-03  -2.68194918E-03
  -8.12312216E-03   3.11790989E-03  -3.57720233E-03  -2.53278972E-03
  -8.15232377E-03   2.84634670E-03  -3.58986971E-03  -2.43255938E-03
  -8.17622337E-03   2.51323124E-03  -3.74582503E-03  -2.39018421E-03
  -8.20965227E-03   2.23119417E-03  -3.99752380E-03  -2.42885039E-03
  -8.19941144E-03   2.07164465E-03  -4.19083238E-03  -2.50854460E-03
  -8.22325051E-03   1.82027230E-03  -4.38820524E-03  -2.64611328E-03
  -8.32948554E-03   1.54232688E-03  -4.51576384E-03  -2.69708852E-03
  -8.46767239E-03   1.25068112E-03  -4.63616103E-03  -2.69264146E-03
  -8.45720340E-03   9.32923169E-04  -4.70231380E-03  -2.75675254E-03
  -8.44058301E-03   7.23107602E-04  -4.71770577E-03  -2.83215567E-03
  -8.41693114E-03   5.59423119E-04  -4.71656770E-03  -2.90067936E-03
  -8.37980211E-03   4.11820045E-04  -4.66858083E-03  -2.91198771E-03
  -8.42391793E-03   2.28322635E-04  -4.63852007E-03  -2.95431050E-03
  -8.50345660E-03   3.40664192E-05  -4.49618604E-03  -2.99540325E-03
  -8.62301514E-03  -1.95164583E-04  -4.38856101E-03  -3.07464786E-03
  -8.70103203E-03  -4.20901139E-04  -4.24691616E-03  -3.09247430E-03
  -8.73334426E-03  -6.58118806E-04  -4.12517134E-03  -3.11673433E-03
  -8.69910792E-03  -9.26702400E-04  -4.02468396E-03  -3.18204938E-03
  -8.60943273E-03  -1.10538653E-03  -3.87444440E-03  -3.20754084E-03
  -8.54756217E-03  -1.20904052E-03  -3.72213311E-03  -3.22062685E-03
  -8.52082111E-03  -1.30311004E-03  -3.54404538E-03  -3.20763933E-03
  -8.51507206E-03  -1.44405593E-03  -3.29665258E-03  -3.19114444E-03
  -8.49158224E-03  -1.66148425E-03  -2.98911100E-03  -3.12063214E-03
  -8.49756133E-03  -1.83003256E-03  -2.75450200E-03  -3.01187136E-03
  -8.49101599E-03  -2.05536885E-03  -2.61496217E-03  -2.85579590E-03
  -8.50587990E-03  -2.24015233E-03  -2.44657253E-03  -2.74945982E-03
  -8.46095476E-03  -2.49169697E-03  -2.31145299E-03  -2.67925230E-03
  -8.41817912E-03  -2.78040464E-03  -2.20364775E-03  -2.67559034E-03
  -8.37890711E-03  -3.02647357E-03  -2.11418071E-03  -2.57180049E-03
  -8.29714723E-03  -3.20767215E-03  -2.02881801E-03  -2.48938496E-03
  -8.19029845E-03  -3.40004172E-03  -1.88745477E-03  -2.44079460E-03
  -8.07322748E-03  -3.52299656E-03  -1.78470288E-03  -2.40867445E-03
  -7.95933791E-03  -3.57257086E-03  -1.69507135E-03  -2.35989154E-03
  -7.81528838E-03  -3.60258203E-03  -1.54900376E-03  -2.35364027E-03
  -7.69571401E-03  -3.64925410E-03  -1.37896487E-03  -2.32671504E-03
  -7.58082233E-03  -3.64928343E-03  -1.20329147E-03  -2.27026385E-03
  -7.48082530E-03  -3.57620930E-03  -1.05375389E-03  -2.23262399E-03
  -7.36943819E-03  -3.48833087E-03  -9.31085728E-04  -2.12947722E-03
  -7.31916726E-03  -3.40525340E-03  -8.60834145E-04  -2.04015500E-03
  -7.28699239E-03  -3.33640678E-03  -7.50682026E-04  -2.01113592E-03
  -7.25234440E-03  -3.27501656E-03  -6.70651090E-04  -1.97722670E-03
  -7.22413929E-03  -3.21444380E-03  -6.58043602E-04  -1.91938726E-03
  -7.16066221E-03  -3.16568231E-03  -6.52416609E-04  -1.89860025E-03
  -7.13553512E-03  -3.08520650E-03  -6.43466483E-04  -1.87451986E-03
  -7.09611410E-03  -2.99955532E-03  -6.03972061E-04  -1.82875386E-03
  -7.07410276E-03  -2.92663835E-03  -5.43064903E-04  -1.78985333E-03
  -7.02216337E-03  -2.89996131E-03  -4.58268652E-04  -1.74788816E-03
  -6.98195025E-03  -2.81930855E-03  -3.61084181E-04  -1.67936936E-03
  -6.92822412E-03  -2.75568687E-03  -2.62823654E-04  -1.61673559E-03
  -6.88591274E-03  -2.68625980E-03  -2.40013644E-04  -1.55829499E-03
  -6.80403598E-03  -2.65506608E-03  -2.55898165E-04  -1.47404906E-03
  -6.72332058E-03  -2.62153568E-03  -2.83922622E-04  -1.43506110E-03
  -6.57792715E-03  -2.56666122E-03  -2.37028245E-04  -1.39757781E-03
  -6.42981101E-03  -2.50870432E-03  -1.39589873E-04  -1.38469262E-03
  -6.29916973E-03  -2.46906443E-03  -3.24087669E-05  -1.38365931E-03
  -6.20768825E-03  -2.45662010E-03   2.51078818E-05  -1.37941109E-03
  -6.09692140E-03  -2.39074603E-03   9.53670024E-05  -1.39574462E-03
  -5.98132750E-03  -2.36083008E-03   1.64478988E-04  -1.41458435E-03
  -5.88731002E-03  -2.35655811E-03   1.81517637E-04  -1.41841371E-03
  -5.76474657E-03  -2.29151524E-03   1.46109553E-04  -1.40193955E-03
  -5.62582724E-03  -2.17619352E-03   1.27557825E-04  -1.33850297E-03
  -5.47814323E-03  -2.05219467E-03   1.02715632E-04  -1.28640106E-03
  -5.35825547E-03  -1.95270777E-03   1.13009744E-04  -1.25429593E-03
  -5.25267702E-03  -1.86613481E-03   1.49220810E-04  -1.27158116E-03
  -5.11130970E-03  -1.77770201E-03   1.85801910E-04  -1.29589916E-03
  -4.95786360E-03  -1.66103558E-03   2.12747094E-04  -1.24926178E-03
  -4.76590265E-03  -1.56162237E-03   2.58770393E-04  -1.17071811E-03
  -4.56569856E-03  -1.43469812E-03   3.23385349E-04  -1.13879086E-03
  -4.33521252E-03  -1.33078534E-03   3.52316303E-04  -1.10321771E-03
  -4.09812387E-03  -1.22814055E-03   3.82862141E-04  -1.05044129E-03
  -3.86229553E-03  -1.08848780E-03   4.70847124E-04  -1.00517087E-03
  -3.60676879E-03  -1.02324528E-03   5.63693233E-04  -9.66231397E-04
  -3.35194636E-03  -9.84230195E-04   6.55546202E-04  -9.51835595E-04
  -3.14208632E-03  -8.80036852E-04   7.30585132E-04  -8.54674610E-04
  -2.93844775E-03  -8.30037345E-04   7.79463793E-04  -7.34435511E-04
  -2.73964205E-03  -7.73165259E-04   8.32004938E-04  -6.43917534E-04
  -2.55510560E-03  -7.38246774E-04   9.29637928E-04  -5.21174283E-04
  -2.34588538E-03  -7.17508374E-04   9.82842059E-04  -4.33413457E-04
  -2.11447710E-03  -6.90774119E-04   1.07773265E-03  -3.78232129E-04
  -1.83793099E-03  -6.52744202E-04   1.18804118E-03  -2.85854388E-04
  -1.57689990E-03  -5.93455567E-04   1.26985135E-03  -1.86635065E-04
  -1.33239746E-03  -5.28094301E-04   1.32699928E-03  -1.58575873E-04
  -1.08574447E-03  -5.12878876E-04   1.38052646E-03  -1.36013026E-04
  -8.62365472E-04  -4.74340777E-04   1.42118311E-03  -1.52596389E-04
  -6.82273414E-04  -4.24158730E-04   1.46253512E-03  -1.38229196E-04
  -5.01864066E-04  -3.27175803E-04   1.51978794E-03  -1.11141628E-04
  -3.14885110E-04  -2.16085784E-04   1.54597755E-03  -1.18936543E-04
  -1.28549218E-04  -1.67459511E-04   1.55988766E-03  -1.53283996E-04
   5.58468018E-05  -9.92954592E-05   1.54014328E-03  -1.64892102E-04
   2.90539494E-04  -5.88677613E-05   1.55163591E-03  -1.53312547E-04
   5.01492468E-04   5.99396344E-06   1.58556795E-03  -1.30984306E-04
   6.96571777E-04   5.98500119E-05   1.60118646E-03  -1.16977171E-04
   8.83892179E-04   6.14224336E-05   1.63186120E-03  -1.10711728E-04
   1.06605794E-03   8.07867691E-05   1.68346474E-03  -1.24582977E-04
   1.22351456E-03   1.08655076E-04   1.75951130E-03  -1.24853526E-04
   1.38497306E-03   1.50942040E-04   1.81065069E-03  -1.57171409E-04
   1.53011945E-03   2.14691638E-04   1.87424035E-03  -1.85488199E-04
   1.67516095E-03   2.83185567E-04   1.95101975E-03  -1.76994712E-04
   1.80841214E-03   2.86187249E-04   1.99108059E-03  -1.63475008E-04
   1.95039401E-03   3.03638168E-04   1.99891091E-03  -1.41784432E-04
   2.08208151E-03   3.02318658E-04   1.98057853E-03  -1.03420301E-04
   2.20644986E-03   3.42772197E-04   1.94518769E-03  -5.23764393E-05
   2.33608577E-03   3.99145705E-04   1.91762857E-03  -4.46304784E-06
   2.47877440E-03   4.73393360E-04   1.88072585E-03   1.04506280E-05
   2.60413811E-03   5.56579791E-04   1.80477719E-03   1.57903123E-05
   2.72856886E-03   5.69115684E-04   1.74520514E-03   2.16848548E-05
   2.86262669E-03   5.80772117E-04   1.73713942E-03   1.50837377E-05
   3.01788491E-03   5.99596591E-04   1.71071151E-03  -3.19700007E-07
   3.20246909E-03   6.13017706E-04   1.67292450E-03  -5.48288153E-05
   3.37800616E-03   5.72641671E-04   1.64354034E-03  -8.84325273E-05
   3.57097923E-03   5.40042354E-04   1.62417837E-03  -1.26001803E-04
   3.75363277E-03   5.01971343E-04   1.62409409E-03  -2.02484778E-04
   3.93484347E-03   4.59248578E-04   1.62532204E-03  -2.59792461E-04
   4.12829593E-03   4.06954030E-04   1.64385966E-03  -3.06286034E-04
   4.32844181E-03   3.88698885E-04   1.63490733E-03  -3.41478444E-04
   4.52239858E-03   3.68449721E-04   1.63897988E-03  -3.31717747E-04
   4.68757562E-03   3.01969150E-04   1.64191413E-03  -2.93204735E-04
   4.80762636E-03   2.51402875E-04   1.66076364E-03  -2.81953136E-04
   4.91256407E-03   2.58710032E-04   1.69897161E-03  -3.26110545E-04
   5.04251663E-03   2.71388679E-04   1.75259064E-03  -3.71021131E-04
   5.16188005E-03   2.51374353E-04   1.81398133E-03  -3.95084295E-04
   5.29712206E-03   2.07812147E-04   1.86312920E-03  -3.89530178E-04
   5.43408655E-03   1.87914062E-04   1.93197117E-03  -3.92228743E-04
   5.55321993E-03   1.55035901E-04   2.02050130E-03  -3.68554349E-04
   5.69054112E-03   1.39372860E-04   2.10416387E-03  -3.74162919E-04
   5.79062011E-03   1.45762620E-04   2.13504373E-03  -3.81218095E-04
   5.87805267E-03   1.55619855E-04   2.15309137E-03  -3.87889420E-04
   5.96752251E-03   1.37536001E-04   2.15259288E-03  -3.26523063E-04
   6.04337594E-03   1.06567735E-04   2.16107955E-03  -2.90361844E-04
   6.10918086E-03   6.99183292E-05   2.15733284E-03  -2.36873064E-04
   6.16612798E-03  -2.13147487E-05   2.17008754E-03  -2.12462430E-04
   6.23608567E-03  -1.06041291E-04   2.15974008E-03  -2.13091174E-04
   6.32700603E-03  -1.83700395E-04   2.13617529E-03  -1.96436755E-04
   6.42490527E-03  -2.75497936E-04   2.10357504E-03  -1.76392728E-04
   6.53645024E-03  -3.81946767E-04   2.09385483E-03  -1.57077433E-04
   6.68149674E-03  -4.72780666E-04   2.06863787E-03  -1.04348524E-04
   6.84362650E-03  -5.68824587E-04   2.06795847E-03  -8.01028073E-05
   7.00073270E-03  -6.24144159E-04   2.03731353E-03  -4.48297069E-05
   7.15332199E-03  -6.79586374E-04   1.99652580E-03  -3.62186693E-05
   7.31758494E-03  -7.29942054E-04   1.93712313E-03  -1.25968772E-05
   7.46880472E-03  -7.84224423E-04   1.87678577E-03   1.22930014E-05
   7.61935161E-03  -8.22422677E-04   1.84320321E-03   3.90439454E-05
   7.77032785E-03  -8.85292771E-04   1.85358315E-03   6.27701957E-05
   7.92713184E-03  -9.37152538E-04   1.87043252E-03   5.62113746E-05
   8.08191393E-03  -9.63627012E-04   1.86546997E-03   3.04708919E-05
   8.22144002E-03  -9.48382774E-04   1.88783114E-03  -2.68633648E-05
   8.35886411E-03  -8.94958852E-04   1.95324235E-03  -5.26753538E-05
   8.49036593E-03  -8.52023077E-04   1.96288223E-03  -7.18686351E-05
   8.61995574E-03  -8.12668353E-04   1.98801816E-03  -7.98451802E-05
   8.73809494E-03  -7.82377087E-04   2.02744850E-03  -6.57140190E-05
   8.85234307E-03  -7.68205267E-04   2.02381425E-03  -3.91076719E-05
   8.93915817E-03  -7.52201944E-04   2.03809072E-03  -3.16311452E-05
   9.01445746E-03  -7.30585773E-04   2.02772766E-03  -3.97101903E-05
   9.04718786E-03  -7.35017122E-04   2.04388495E-03  -5.08711455E-05
   9.10591520E-03  -7.46708305E-04   2.05948926E-03  -3.73787698E-05
   9.16750077E-03  -7.67557765E-04   2.06794823E-03  -3.85589337E-05
   9.23002511E-03  -8.02782481E-04   2.05615629E-03  -4.97746223E-05
   9.29741096E-03  -8.56044644E-04   2.02138792E-03  -2.62435169E-05
   9.38819628E-03  -9.03270266E-04   1.96063682E-03  -2.04941498E-05
   9.48700588E-03  -9.52984032E-04   1.89253525E-03  -7.46831984E-06
   9.58221965E-03  -9.74504044E-04   1.82226684E-03  -8.08371442E-06
   9.69503075E-03  -9.91011853E-04   1.74854556E-03  -4.12334375E-05
   9.81485285E-03  -1.01787888E-03   1.62726676E-03  -5.91077005E-05
   9.94822383E-03  -1.05721212E-03   1.52397994E-03  -6.93008042E-05
   1.00757601E-02  -1.08409359E-03   1.44214940E-03  -1.14503149E-04
   1.01799145E-02  -1.13309431E-03   1.36471260E-03  -1.68117214E-04
   1.02955326E-02  -1.17609673E-03   1.32273661E-03  -2.33883737E-04
   1.04113910E-02  -1.21494767E-03   1.30786444E-03  -3.01554246E-04
   1.05223367E-02  -1.27420656E-03   1.26944808E-03  -3.96880379E-04
   1.06074456E-02  -1.33150257E-03   1.23610254E-03  -4.57919348E-04
   1.06896460E-02  -1.37132930E-03   1.20193127E-03  -5.18791843E-04
   1.07941050E-02  -1.44076312E-03   1.14011508E-03  -5.56003070E-04
   1.08823776E-02  -1.50945038E-03   1.07504509E-03  -5.89841744E-04
   1.09831272E-02  -1.57095667E-03   1.01577095E-03  -6.31761563E-04
   1.10898316E-02  -1.60166505E-03   9.73949500E-04  -6.75911200E-04
   1.12105934E-02  -1.59128895E-03   9.22786654E-04  -7.04353326E-04
   1.13082435E-02  -1.56658934E-03   8.69417971E-04  -7.38706149E-04
   1.14138769E-02  -1.55435293E-03   8.22418020E-04  -7.67188962E-04
   1.15329353E-02  -1.55185582E-03   7.36555085E-04  -7.97174289E-04
   1.16542773E-02  -1.53390004E-03   6.51485869E-04  -8.11564096E-04
   1.17781321E-02  -1.51422468E-03   5.93754114E-04  -8.28371674E-04
   1.18800411E-02  -1.51289604E-03   5.56246960E-04  -8.63410183E-04
   1.19867027E-02  -1.51582458E-03   5.37702581E-04  -9.13848053E-04
   1.20843714E-02  -1.53277593E-03   5.58545871E-04  -9.58536635E-04
   1.21705914E-02  -1.54193572E-03   5.69136639E-04  -1.00391975E-03
   1.22388098E-02  -1.55371334E-03   5.82583889E-04  -1.02969736E-03
   1.22951111E-02  -1.52694201E-03   6.04676199E-04  -1.05852657E-03
   1.23549215E-02  -1.49690430E-03   6.12377306E-04  -1.05385657E-03
   1.24142347E-02  -1.48451456E-03   6.28790061E-04  -1.05394458E-03
   1.24504305E-02  -1.48892275E-03   6.29290356E-04  -1.03693455E-03
   1.24858236E-02  -1.49592059E-03   6.45671855E-04  -1.00994005E-03
   1.24928998E-02  -1.52551627E-03   6.40994927E-04  -9.53083450E-04
   1.24899521E-02  -1.56937179E-03   6.35189877E-04  -9.04340064E-04
   1.25043057E-02  -1.62121060E-03   6.59754907E-04  -8.61657725E-04
   1.25139533E-02  -1.67353149E-03   6.70911919E-04  -8.29395663E-04
   1.25345597E-02  -1.71341340E-03   6.82404847E-04  -7.92070234E-04
   1.25394538E-02  -1.78283011E-03   6.40865648E-04  -7.58044771E-04
   1.25488266E-02  -1.86029449E-03   5.94064768E-04  -7.16073439E-04
   1.25694508E-02  -1.93656562E-03   5.56784100E-04  -6.90197281E-04
   1.25819771E-02  -2.02209130E-03   5.34489111E-04  -6.46970875E-04
   1.25893401E-02  -2.10704212E-03   5.16359753E-04  -6.12033356E-04
   1.25927152E-02  -2.16657715E-03   5.10954531E-04  -5.83838148E-04
   1.26110669E-02  -2.22704932E-03   4.99368354E-04  -5.60876040E-04
   1.26371104E-02  -2.27434165E-03   4.64675337E-04  -5.53865160E-04
   1.26438448E-02  -2.31891428E-03   4.07756481E-04  -5.46110969E-04
   1.26727913E-02  -2.35053059E-03   3.33800621E-04  -5.50956174E-04
   1.27045466E-02  -2.36097910E-03   2.50475947E-04  -5.47270698E-04
   1.27354311E-02  -2.38324259E-03   2.04537544E-04  -5.62837115E-04
   1.27702523E-02  -2.40955525E-03   1.88030579E-04  -5.65210707E-04
   1.27971238E-02  -2.44396226E-03   1.78402595E-04  -5.72078687E-04
   1.28054563E-02  -2.46660342E-03   1.54263689E-04  -5.82295470E-04
   1.28300861E-02  -2.46553379E-03   1.39821786E-04  -6.32927520E-04
   1.28689483E-02  -2.45055160E-03   1.26145023E-04  -6.66967535E-04
   1.28967129E-02  -2.41272920E-03   1.16167830E-04  -7.08616048E-04
   1.29348338E-02  -2.36152112E-03   7.94952721E-05  -7.51570507E-04
   1.29922908E-02  -2.31685117E-03   6.68973444E-05  -7.79701979E-04
   1.30550107E-02  -2.27267621E-03   6.18483755E-05  -7.91611790E-04
   1.31275682E-02  -2.23913789E-03   5.97939470E-05  -8.23144685E-04
   1.32117197E-02  -2.19948241E-03   4.03994345E-05  -8.48471886E-04
   1.32888947E-02  -2.14939727E-03   4.69076331E-05  -8.52806552E-04
   1.33565543E-02  -2.09093979E-03   6.78181023E-05  -8.58395128E-04
   1.34346941E-02  -2.03624950E-03   9.85278457E-05  -8.74109392E-04
   1.35253500E-02  -1.99309248E-03   1.22064688E-04  -8.74036225E-04
   1.36288693E-02  -1.93779974E-03   1.29123102E-04  -8.64534231E-04
   1.37263946E-02  -1.87868462E-03   1.38768781E-04  -8.31030426E-04
   1.38193229E-02  -1.81342044E-03   1.48156483E-04  -8.29791476E-04
   1.39295915E-02  -1.73393451E-03   1.72268803E-04  -8.18858913E-04
   1.40339974E-02  -1.65608956E-03   1.93898872E-04  -8.13514227E-04
   1.41317816E-02  -1.58978091E-03   2.22225426E-04  -8.00328155E-04
   1.42243644E-02  -1.53259933E-03   2.42416922E-04  -7.85359123E-04
   1.43043455E-02  -1.46413199E-03   2.85713759E-04  -7.73624866E-04
   1.43732121E-02  -1.37053523E-03   3.20224353E-04  -7.69014645E-04
   1.44516993E-02  -1.27656793E-03   3.80786398E-04  -7.42506760E-04
   1.45381773E-02  -1.17939350E-03   4.44976526E-04  -7.13671383E-04
   1.46245556E-02  -1.09615177E-03   4.98079986E-04  -6.79909252E-04
   1.47146070E-02  -9.93057969E-04   5.37556421E-04  -6.43480162E-04
   1.48175787E-02  -9.04001237E-04   5.93671808E-04  -6.10223913E-04
   1.48945879E-02  -7.97083660E-04   6.32505689E-04  -5.47506323E-04
   1.49579160E-02  -6.91303401E-04   6.62738632E-04  -5.04064839E-04
   1.49998683E-02  -6.02295622E-04   6.93860929E-04  -4.70788858E-04
   1.50459809E-02  -4.94364416E-04   7.35754264E-04  -4.47700062E-04
   1.50985699E-02  -3.92960734E-04   7.59953458E-04  -4.34184534E-04
   1.51500935E-02  -3.03998211E-04   7.92660925E-04  -4.26647690E-04
   1.51963625E-02  -2.18571047E-04   8.28497694E-04  -4.16492665E-04
   1.52529078E-02  -1.26635001E-04   8.90543684E-04  -4.03252314E-04
   1.53045785E-02  -6.34954558E-05   9.59838275E-04  -3.88720393E-04
   1.53580690E-02  -2.09682003E-05   1.01996772E-03  -3.58168880E-04
   1.54105145E-02   1.15102848E-05   1.05873635E-03  -3.12039658E-04
   1.54682277E-02   4.96291577E-05   1.10248080E-03  -2.48053082E-04
   1.55386934E-02   8.73258541E-05   1.13661296E-03  -1.97208181E-04
   1.55905196E-02   1.17040865E-04   1.16663554E-03  -1.42123972E-04
   1.56530924E-02   1.31157634E-04   1.19189417E-03  -1.10047265E-04
   1.57061238E-02   1.62886048E-04   1.22211268E-03  -8.14954474E-05
   1.57538597E-02   1.99975664E-04   1.25011860E-03  -3.10282740E-05
   1.57951564E-02   2.40941867E-04   1.26976566E-03   9.13586155E-06
   1.58479009E-02   2.90334137E-04   1.29134103E-03   4.05278624E-05
   1.58961378E-02   3.56117060E-04   1.30028522E-03   6.51224836E-05
   1.59405395E-02   4.26559156E-04   1.31156610E-03   8.71355369E-05
   1.59930941E-02   4.91810380E-04   1.31784612E-03   1.06044296E-04
   1.60403885E-02   5.49772987E-04   1.33167394E-03   1.14357208E-04
   1.60870254E-02   6.02985267E-04   1.36785780E-03   1.30648070E-04
   1.61435101E-02   6.56191783E-04   1.38467725E-03   1.55677597E-04
   1.61816310E-02   7.13235117E-04   1.39034714E-03   1.56999129E-04
   1.62164494E-02   7.70265178E-04   1.38406490E-03   1.52479101E-04
   1.62688326E-02   8.34208739E-04   1.38887879E-03   1.33054215E-04
   1.63143352E-02   8.86300462E-04   1.38945249E-03   1.27334817E-04
   1.63756236E-02   9.47172579E-04   1.37829024E-03   1.03400373E-04
   1.64600294E-02   1.01537351E-03   1.38908054E-03   9.76571027E-05
   1.65500361E-02   1.07610831E-03   1.40593690E-03   8.58627754E-05
   1.66387279E-02   1.15042157E-03   1.40434864E-03   9.06605710E-05
   1.67204384E-02   1.19984336E-03   1.40073663E-03   9.29652524E-05
   1.67980157E-02   1.25582947E-03   1.39957620E-03   9.69260363E-05
   1.68770775E-02   1.30336313E-03   1.39505521E-03   8.46911280E-05
   1.69771072E-02   1.36141258E-03   1.40895683E-03   8.20914502E-05
   1.70677025E-02   1.41666271E-03   1.40598672E-03   7.58177412E-05
   1.71369761E-02   1.48460199E-03   1.41538004E-03   6.48434725E-05
   1.72101147E-02   1.56015612E-03   1.41216244E-03   6.75630508E-05
   1.72863211E-02   1.64157560E-03   1.42932124E-03   6.64233958E-05
   1.73714608E-02   1.70920126E-03   1.44652568E-03   6.47199195E-05
   1.74528752E-02   1.79005775E-03   1.47687446E-03   6.26815963E-05
   1.75369140E-02   1.89794449E-03   1.52423466E-03   7.84197618E-05
   1.76334027E-02   2.00974359E-03   1.56041596E-03   9.28208174E-05
   1.77220479E-02   2.11116695E-03   1.61444640E-03   1.04389037E-04
   1.78047940E-02   2.21953122E-03   1.64764212E-03   1.17602867E-04
   1.78983044E-02   2.30426947E-03   1.69005536E-03   1.17583710E-04
   1.79961119E-02   2.40077404E-03   1.73854874E-03   1.16489253E-04
   1.81111414E-02   2.49424297E-03   1.76630286E-03   1.11254092E-04
   1.82423685E-02   2.58048926E-03   1.78753014E-03   1.10653353E-04
   1.83645580E-02   2.64090043E-03   1.83404121E-03   1.30750355E-04
   1.84852853E-02   2.72586942E-03   1.88306381E-03   1.45434402E-04
   1.86063275E-02   2.81573320E-03   1.93498831E-03   1.59491465E-04
   1.87246297E-02   2.90440954E-03   1.98450987E-03   1.82699834E-04
   1.88364536E-02   2.99099460E-03   2.03561480E-03   1.94623819E-04
   1.89433433E-02   3.08978674E-03   2.07315502E-03   2.27000390E-04
   1.90552659E-02   3.20414174E-03   2.11942103E-03   2.69837037E-04
   1.91671047E-02   3.32770683E-03   2.16570171E-03   3.11781827E-04
   1.92796718E-02   3.46033950E-03   2.20587337E-03   3.30036273E-04
   1.93935130E-02   3.59107088E-03   2.23366544E-03   3.64780281E-04
   1.95106007E-02   3.70843196E-03   2.27090903E-03   4.02094855E-04
   1.96137503E-02   3.81503860E-03   2.30544386E-03   4.46565246E-04
   1.97231770E-02   3.92045174E-03   2.31953082E-03   4.89416823E-04
   1.98350865E-02   4.02513426E-03   2.34043901E-03   5.03733696E-04
   1.99399590E-02   4.11583763E-03   2.37095775E-03   5.08295838E-04
   2.00354550E-02   4.19498049E-03   2.38527707E-03   5.12898550E-04
   2.01436561E-02   4.26490419E-03   2.39656004E-03   5.25738636E-04
   2.02675909E-02   4.34213923E-03   2.40496569E-03   5.46238793E-04
   2.03904323E-02   4.43462189E-03   2.39990861E-03   5.61495195E-04
   2.05082111E-02   4.50756587E-03   2.39839940E-03   5.75262122E-04
   2.06292775E-02   4.56909509E-03   2.38248450E-03   5.89310075E-04
   2.07543559E-02   4.62372741E-03   2.37719389E-03   6.05408684E-04
   2.08670218E-02   4.66992380E-03   2.37618783E-03   6.07639027E-04
   2.09763460E-02   4.71544592E-03   2.36908044E-03   6.22092455E-04
   2.10690927E-02   4.76859277E-03   2.35517556E-03   6.39258884E-04
   2.11648252E-02   4.81811073E-03   2.32367590E-03   6.55440963E-04
   2.12616213E-02   4.87915194E-03   2.28967983E-03   6.60710270E-04
   2.13581212E-02   4.92089614E-03   2.26467662E-03   6.71681715E-04
   2.14642286E-02   4.94708726E-03   2.23150663E-03   6.82982150E-04
   2.15591472E-02   4.97862790E-03   2.19097221E-03   6.76283438E-04
   2.16718111E-02   4.98927664E-03   2.14044144E-03   6.66132604E-04
   2.17941552E-02   5.02048247E-03   2.08008196E-03   6.67167245E-04
   2.19232701E-02   5.03556011E-03   2.02004495E-03   6.41911000E-04
   2.20503658E-02   5.02393302E-03   2.00002245E-03   6.29608810E-04
   2.21684854E-02   5.02938591E-03   1.97305297E-03   6.30861206E-04
   2.22684629E-02   5.04005561E-03   1.95833622E-03   6.06008980E-04
   2.23755166E-02   5.06233145E-03   1.95586635E-03   5.73673984E-04
   2.24707425E-02   5.07228682E-03   1.94221409E-03   5.49194461E-04
   2.25685462E-02   5.06965071E-03   1.91541668E-03   5.25606214E-04
   2.26682220E-02   5.07397018E-03   1.90317782E-03   4.88385733E-04
   2.27565747E-02   5.08305151E-03   1.88327499E-03   4.44822828E-04
   2.28364598E-02   5.08629577E-03   1.89166632E-03   4.06961422E-04
   2.29308177E-02   5.08486852E-03   1.89613528E-03   3.71996692E-04
   2.30179857E-02   5.07300347E-03   1.89814297E-03   3.34405864E-04
   2.31001470E-02   5.04216319E-03   1.89402967E-03   3.01310734E-04
   2.31799297E-02   4.98379674E-03   1.87387096E-03   2.71864934E-04
   2.32760385E-02   4.95623704E-03   1.85806199E-03   2.66726041E-04
   2.33868267E-02   4.93775634E-03   1.83383469E-03   2.62351852E-04
   2.34935973E-02   4.92601935E-03   1.79776049E-03   2.47833581E-04
   2.36051586E-02   4.90119169E-03   1.75875844E-03   2.57933687E-04
   2.37095617E-02   4.87894844E-03   1.73359108E-03   2.40485606E-04
   2.38112025E-02   4.86566778E-03   1.70247792E-03   2.16610395E-04
   2.39092410E-02   4.85562347E-03   1.67464267E-03   2.08627913E-04
   2.40115710E-02   4.85564163E-03   1.64533255E-03   2.06462646E-04
   2.41122935E-02   4.85469820E-03   1.61842490E-03   1.95068846E-04
   2.41948329E-02   4.86844499E-03   1.57840317E-03   2.01744799E-04
   2.42755637E-02   4.88202041E-03   1.54981937E-03   2.08017926E-04
   2.43640859E-02   4.88594174E-03   1.53456477E-03   1.99991351E-04
   2.44527124E-02   4.88545233E-03   1.50758668E-03   1.91713043E-04
   2.45402586E-02   4.87766881E-03   1.49392849E-03   1.72496730E-04
   2.46365089E-02   4.86600865E-03   1.47740636E-03   1.61200209E-04
   2.47308835E-02   4.85023204E-03   1.47186802E-03   1.41086130E-04
   2.48336904E-02   4.83356183E-03   1.46314490E-03   1.15183662E-04
   2.49373987E-02   4.80967807E-03   1.46260404E-03   9.11418974E-05
   2.50281021E-02   4.78036003E-03   1.45870424E-03   5.77323626E-05
   2.51214467E-02   4.76187235E-03   1.46366807E-03   3.01505715E-05
   2.52220780E-02   4.74020978E-03   1.47217710E-03   9.08756010E-06
   2.53119245E-02   4.72052349E-03   1.49150961E-03   8.33654667E-06
   2.53988300E-02   4.71384311E-03   1.50287000E-03  -4.41148404E-06
   2.54879091E-02   4.71460773E-03   1.50309049E-03  -3.47897076E-05
   2.55678296E-02   4.72230371E-03   1.50546269E-03  -5.30708239E-05
   2.56518368E-02   4.72250115E-03   1.49821932E-03  -7.43575147E-05
   2.57296115E-02   4.72223945E-03   1.48511236E-03  -7.64283541E-05
   2.58081891E-02   4.72343713E-03   1.47148932E-03  -8.12796352E-05
   2.58885324E-02   4.72876430E-03   1.46511791E-03  -7.93555155E-05
   2.59619653E-02   4.72564343E-03   1.44748145E-03  -8.50825454E-05
   2.60366295E-02   4.72504273E-03   1.43904483E-03  -8.32914666E-05
   2.60997061E-02   4.72492352E-03   1.43735774E-03  -7.83571159E-05
   2.61631459E-02   4.70423698E-03   1.44821568E-03  -8.50092183E-05
   2.62164753E-02   4.67251055E-03   1.45459606E-03  -9.69959947E-05
   2.62653548E-02   4.64035710E-03   1.46868301E-03  -1.15708215E-04
   2.63119135E-02   4.61072754E-03   1.47817924E-03  -1.22214537E-04
   2.63607334E-02   4.58545471E-03   1.48200418E-03  -1.24307713E-04
   2.64178813E-02   4.57116589E-03   1.48288149E-03  -1.27566178E-04
   2.64746137E-02   4.54146368E-03   1.49052124E-03  -1.21366575E-04
   2.65258290E-02   4.50752815E-03   1.50078372E-03  -1.07498628E-04
   2.65805721E-02   4.47688904E-03   1.48411572E-03  -9.01097883E-05
   2.66376156E-02   4.44646785E-03   1.47277000E-03  -8.94416735E-05
   2.66942978E-02   4.41488903E-03   1.46951736E-03  -9.13885087E-05
   2.67541967E-02   4.37839190E-03   1.45194319E-03  -8.33261875E-05
   2.68209297E-02   4.33923770E-03   1.44228269E-03  -8.37429106E-05
   2.68906262E-02   4.28772019E-03   1.42206647E-03  -7.63428616E-05
   2.69573480E-02   4.24463255E-03   1.41239795E-03  -6.32024094E-05
   2.70197764E-02   4.21593664E-03   1.39775756E-03  -5.38427157E-05
   2.70762891E-02   4.18582698E-03   1.38935528E-03  -4.89969061E-05
   2.71245483E-02   4.13855026E-03   1.35835726E-03  -3.60296945E-05
   2.71718428E-02   4.08788957E-03   1.33783044E-03  -3.20992222E-05
   2.72172857E-02   4.04787995E-03   1.31395657E-03  -3.96263968E-05
   2.72759777E-02   3.99360713E-03   1.29574351E-03  -5.54987491E-05
   2.73285061E-02   3.92486015E-03   1.26371882E-03  -6.86051280E-05
   2.73689721E-02   3.85164679E-03   1.23856904E-03  -7.92870560E-05
   2.74081137E-02   3.78024764E-03   1.20999769E-03  -8.50780343E-05
   2.74547692E-02   3.72272637E-03   1.16448419E-03  -9.87472449E-05
   2.74871103E-02   3.67647829E-03   1.12117385E-03  -9.77378295E-05
   2.75244638E-02   3.63383861E-03   1.08997093E-03  -1.01287194E-04
   2.75595840E-02   3.60779534E-03   1.06813910E-03  -1.19136210E-04
   2.75976546E-02   3.59360338E-03   1.03940803E-03  -1.39709562E-04
   2.76379511E-02   3.57053359E-03   9.97968134E-04  -1.57827395E-04
   2.76812874E-02   3.53890401E-03   9.77358082E-04  -1.77558730E-04
   2.77160220E-02   3.51128168E-03   9.63189290E-04  -1.94829830E-04
   2.77492274E-02   3.48557066E-03   9.55758675E-04  -1.92130698E-04
   2.77734566E-02   3.45676788E-03   9.56234289E-04  -1.97701054E-04
   2.78042294E-02   3.42672737E-03   9.59586934E-04  -2.04151700E-04
   2.78347004E-02   3.40960710E-03   9.47164546E-04  -2.24698553E-04
   2.78696120E-02   3.37612373E-03   9.48991219E-04  -2.53372069E-04
   2.79061534E-02   3.33650550E-03   9.52196715E-04  -2.77673040E-04
   2.79378779E-02   3.29922256E-03   9.54221876E-04  -3.09333351E-04
   2.79770363E-02   3.25373374E-03   9.62055521E-04  -3.38648329E-04
   2.80184075E-02   3.20417667E-03   9.74710681E-04  -3.69917427E-04
   2.80738790E-02   3.15208174E-03   9.67910222E-04  -3.95160168E-04
   2.81192102E-02   3.09777888E-03   9.61124373E-04  -4.28135332E-04
   2.81622894E-02   3.04206158E-03   9.59308643E-04  -4.31022752E-04
   2.82107927E-02   2.97012879E-03   9.65173182E-04  -4.22575366E-04
   2.82501467E-02   2.89780414E-03   9.63767874E-04  -4.16500407E-04
   2.82916296E-02   2.82519218E-03   9.53983516E-04  -4.14518436E-04
   2.83322483E-02   2.75621843E-03   9.39374149E-04  -4.13002475E-04
   2.83712801E-02   2.68751406E-03   9.32563911E-04  -4.15412855E-04
   2.84123626E-02   2.62348494E-03   9.04758985E-04  -4.09476343E-04
   2.84481589E-02   2.56421068E-03   8.75225407E-04  -4.14743408E-04
   2.84765344E-02   2.51594931E-03   8.35059676E-04  -4.09222004E-04
   2.85065919E-02   2.47990759E-03   7.93441897E-04  -3.99207231E-04
   2.85377931E-02   2.43393052E-03   7.64527533E-04  -3.95680399E-04
   2.85566766E-02   2.37017195E-03   7.44213932E-04  -4.00551537E-04
   2.85783373E-02   2.30326853E-03   7.18078343E-04  -4.00905294E-04
   2.86062360E-02   2.22894712E-03   6.75908872E-04  -4.04863793E-04
   2.86281742E-02   2.15955009E-03   6.34398020E-04  -4.12168069E-04
   2.86524277E-02   2.09312420E-03   6.04472007E-04  -4.21086617E-04
   2.86900830E-02   2.02997169E-03   5.93730598E-04  -4.25195671E-04
   2.87122652E-02   1.96481193E-03   5.88684867E-04  -4.28053288E-04
   2.87284758E-02   1.90715981E-03   5.80629800E-04  -4.22487996E-04
   2.87455898E-02   1.84525154E-03   5.69557596E-04  -4.25073202E-04
   2.87717152E-02   1.78303220E-03   5.59783191E-04  -4.21650184E-04
   2.87952498E-02   1.72745448E-03   5.44607814E-04  -4.19938733E-04
   2.88255550E-02   1.67720870E-03   5.41797781E-04  -4.22968995E-04
   2.88641173E-02   1.62712345E-03   5.24406263E-04  -4.18011710E-04
   2.89114565E-02   1.57777802E-03   5.05528762E-04  -4.20958560E-04
   2.89530251E-02   1.53856864E-03   4.79160575E-04  -4.35401220E-04
   2.89873835E-02   1.49994157E-03   4.59825736E-04  -4.56993439E-04
   2.90092733E-02   1.47552905E-03   4.50432766E-04  -4.79701237E-04
   2.90331729E-02   1.44456921E-03   4.39847587E-04  -5.08028490E-04
   2.90521830E-02   1.41310971E-03   4.29368316E-04  -5.26787597E-04
   2.90660430E-02   1.39309047E-03   4.07019979E-04  -5.32294507E-04
   2.90668327E-02   1.37431326E-03   3.90345114E-04  -5.43911534E-04
   2.90665366E-02   1.36171281E-03   3.69621179E-04  -5.56585088E-04
   2.90605258E-02   1.34134502E-03   3.56542470E-04  -5.68803574E-04
   2.90505700E-02   1.32816716E-03   3.43784021E-04  -5.75118640E-04
   2.90432740E-02   1.31331792E-03   3.29656148E-04  -5.73641853E-04
   2.90429406E-02   1.30943756E-03   3.16173799E-04  -5.93035365E-04
   2.90488955E-02   1.29693723E-03   3.06349946E-04  -6.15569646E-04
   2.90684234E-02   1.28976686E-03   3.02009779E-04  -6.36089186E-04
   2.90848427E-02   1.28516345E-03   2.90065218E-04  -6.62542647E-04
   2.91073490E-02   1.27319060E-03   2.84337788E-04  -6.83107239E-04
   2.91274097E-02   1.26402301E-03   2.85290822E-04  -6.93378504E-04
   2.91487034E-02   1.25119707E-03   2.84603826E-04  -7.08308944E-04
   2.91680247E-02   1.23671326E-03   2.85809947E-04  -7.14248861E-04
   2.91804057E-02   1.20480312E-03   2.83020287E-04  -7.13073532E-04
   2.91816443E-02   1.16888853E-03   2.76253879E-04  -7.10778695E-04
   2.91823596E-02   1.13294274E-03   2.66889634E-04  -7.14730355E-04
   2.91898157E-02   1.09374570E-03   2.61438836E-04  -7.22989556E-04
   2.91987918E-02   1.05660525E-03   2.64657108E-04  -7.29841471E-04
   2.92199496E-02   1.01172202E-03   2.79913307E-04  -7.38924020E-04
   2.92493235E-02   9.76979267E-04   2.98474799E-04  -7.50599313E-04
   2.92765014E-02   9.59447119E-04   3.24604654E-04  -7.52995489E-04
   2.93035116E-02   9.38787183E-04   3.37500212E-04  -7.66372425E-04
   2.93201786E-02   9.10636678E-04   3.44543980E-04  -7.95044063E-04
   2.93289442E-02   8.80271778E-04   3.42828862E-04  -8.19169742E-04
   2.93395184E-02   8.46735667E-04   3.31931427E-04  -8.25658906E-04
   2.93559115E-02   8.10770493E-04   3.13467492E-04  -8.28511897E-04
   2.93787774E-02   7.71259598E-04   2.95628794E-04  -8.27121781E-04
   2.93979496E-02   7.34397734E-04   2.78533349E-04  -8.32269783E-04
   2.94099618E-02   7.10360531E-04   2.53949547E-04  -8.40048422E-04
   2.94249170E-02   6.96811534E-04   2.24371412E-04  -8.45234492E-04
   2.94413064E-02   6.86538580E-04   1.87995014E-04  -8.53687874E-04
   2.94568054E-02   6.72001974E-04   1.65354213E-04  -8.58314452E-04
   2.94758119E-02   6.57485332E-04   1.41596465E-04  -8.57693027E-04
   2.94952895E-02   6.45042979E-04   1.23733364E-04  -8.56645056E-04
   2.95189992E-02   6.31319650E-04   1.11434412E-04  -8.48981726E-04
   2.95415483E-02   6.15975005E-04   9.97700627E-05  -8.49077711E-04
   2.95666847E-02   5.96129685E-04   8.50373399E-05  -8.57394189E-04
   2.95910574E-02   5.84901951E-04   6.44076572E-05  -8.66805960E-04
   2.96155196E-02   5.72591671E-04   4.66956808E-05  -8.80113104E-04
   2.96419356E-02   5.64522168E-04   1.86850957E-05  -8.85269488E-04
   2.96685230E-02   5.52927377E-04  -1.20175155E-05  -8.77468672E-04
   2.97034215E-02   5.48485958E-04  -3.82193066E-05  -8.79699306E-04
   2.97445245E-02   5.49032644E-04  -6.58077188E-05  -8.92519427E-04
   2.97814328E-02   5.39436936E-04  -1.00122001E-04  -9.03964799E-04
   2.98203640E-02   5.31260099E-04  -1.26610990E-04  -9.18867358E-04
   2.98670884E-02   5.26559132E-04  -1.46144594E-04  -9.34016192E-04
   2.99185719E-02   5.25510113E-04  -1.53461398E-04  -9.44992236E-04
   2.99757812E-02   5.18515881E-04  -1.55498870E-04  -9.43310733E-04
   3.00417151E-02   5.18956105E-04  -1.57781586E-04  -9.36855096E-04
   3.01032625E-02   5.11456223E-04  -1.68079074E-04  -9.39842837E-04
   3.01672854E-02   5.16332919E-04  -1.82223361E-04  -9.33998264E-04
   3.02210040E-02   5.21449605E-04  -2.00461800E-04  -9.23648011E-04
   3.02859508E-02   5.30516438E-04  -2.16928456E-04  -9.11606301E-04
   3.03521641E-02   5.34962048E-04  -2.37674220E-04  -8.99101666E-04
   3.04038245E-02   5.43408096E-04  -2.59276538E-04  -8.93550692E-04
   3.04574184E-02   5.54291822E-04  -2.67330062E-04  -8.79539351E-04
   3.05029079E-02   5.73353260E-04  -2.75447324E-04  -8.62197776E-04
   3.05427555E-02   5.92919125E-04  -2.76047183E-04  -8.48860829E-04
   3.05871163E-02   6.20213104E-04  -2.81381363E-04  -8.42490816E-04
   3.06286588E-02   6.54147880E-04  -2.98815896E-04  -8.31744343E-04
   3.06688845E-02   6.87671010E-04  -3.11323063E-04  -8.24829738E-04
   3.07079945E-02   7.33896915E-04  -3.21237632E-04  -8.14766041E-04
   3.07536703E-02   7.93795974E-04  -3.34818469E-04  -8.13171908E-04
   3.07904873E-02   8.35975399E-04  -3.51021852E-04  -8.07550619E-04
   3.08348034E-02   8.77434737E-04  -3.67710483E-04  -8.15082516E-04
   3.08786128E-02   9.03385400E-04  -3.82322614E-04  -8.33062106E-04
   3.09261065E-02   9.34976444E-04  -3.99130542E-04  -8.52545316E-04
   3.09696328E-02   9.70718625E-04  -3.99834884E-04  -8.53915757E-04
   3.10094506E-02   9.83286300E-04  -3.96069256E-04  -8.48326366E-04
   3.10515221E-02   9.96265095E-04  -3.77363234E-04  -8.50653567E-04
   3.10924705E-02   1.01700868E-03  -3.57240613E-04  -8.64180096E-04
   3.11360583E-02   1.04381109E-03  -3.39873834E-04  -8.76634440E-04
   3.11764907E-02   1.08063628E-03  -3.29848233E-04  -8.91302188E-04
   3.12067103E-02   1.11349614E-03  -3.16130638E-04  -9.03048494E-04
   3.12340502E-02   1.14537054E-03  -2.96312384E-04  -9.06953239E-04
   3.12568322E-02   1.18023774E-03  -2.82530847E-04  -8.98821512E-04
   3.12759019E-02   1.20410405E-03  -2.70074583E-04  -8.99266161E-04
   3.12890001E-02   1.23119203E-03  -2.49745470E-04  -9.02111700E-04
   3.13099474E-02   1.26318063E-03  -2.29170517E-04  -8.99287465E-04
   3.13288569E-02   1.29611639E-03  -2.08760728E-04  -8.91756557E-04
   3.13539356E-02   1.32350379E-03  -2.08539306E-04  -8.87208851E-04
   3.13803293E-02   1.34647859E-03  -2.00037408E-04  -8.89988791E-04
   3.14064063E-02   1.36196532E-03  -1.96123176E-04  -8.87903094E-04
   3.14454474E-02   1.38090958E-03  -2.14071872E-04  -8.86483525E-04
   3.14886793E-02   1.40396599E-03  -2.21608556E-04  -8.82908527E-04
   3.15387920E-02   1.41193916E-03  -2.36163934E-04  -8.62429733E-04
   3.15879770E-02   1.42234343E-03  -2.41243833E-04  -8.45838105E-04
   3.16401906E-02   1.43539207E-03  -2.44194554E-04  -8.26208852E-04
   3.16925570E-02   1.45492563E-03  -2.52687751E-04  -8.04187264E-04
   3.17405760E-02   1.47577329E-03  -2.52886297E-04  -7.83628609E-04
   3.18023749E-02   1.50093588E-03  -2.64127244E-04  -7.65120145E-04
   3.18710357E-02   1.51263922E-03  -2.66650284E-04  -7.45480356E-04
   3.19420248E-02   1.51315681E-03  -2.63122143E-04  -7.21671444E-04
   3.20048407E-02   1.50917575E-03  -2.66404153E-04  -7.06050545E-04
   3.20695415E-02   1.50074053E-03  -2.72890640E-04  -6.90564222E-04
   3.21378037E-02   1.48963241E-03  -2.72330886E-04  -6.79546443E-04
   3.22032943E-02   1.48199080E-03  -2.71139521E-04  -6.66782376E-04
   3.22568417E-02   1.48500479E-03  -2.73513782E-04  -6.41030783E-04
   3.23094167E-02   1.49364199E-03  -2.68826756E-04  -6.25533808E-04
   3.23596634E-02   1.50865875E-03  -2.64941860E-04  -6.26522524E-04
   3.24103162E-02   1.53043692E-03  -2.71044904E-04  -6.20465900E-04
   3.24644409E-02   1.55690475E-03  -2.69197422E-04  -6.23040658E-04
   3.25172916E-02   1.58646842E-03  -2.66581104E-04  -6.27045927E-04
   3.25641111E-02   1.61886460E-03  -2.60305766E-04  -6.34574972E-04
   3.25975567E-02   1.66397251E-03  -2.59551103E-04  -6.45783904E-04
   3.26384231E-02   1.70721544E-03  -2.50539364E-04  -6.52637391E-04
   3.26811559E-02   1.75200379E-03  -2.42928028E-04  -6.56105694E-04
   3.27325054E-02   1.80473947E-03  -2.38862005E-04  -6.60746708E-04
   3.27772647E-02   1.84059690E-03  -2.38022476E-04  -6.66967360E-04
   3.28199118E-02   1.88426021E-03  -2.36331456E-04  -6.74883369E-04
   3.28611806E-02   1.93457829E-03  -2.43059272E-04  -6.78184209E-04
   3.29010300E-02   1.97658618E-03  -2.47831020E-04  -6.80759724E-04
   3.29393893E-02   2.00703694E-03  -2.47336720E-04  -6.88339293E-04
   3.29794101E-02   2.04251125E-03  -2.48750381E-04  -6.96353847E-04
   3.30283009E-02   2.06844416E-03  -2.46579730E-04  -7.15246832E-04
   3.30798551E-02   2.10468262E-03  -2.55016785E-04  -7.27052509E-04
   3.31302732E-02   2.14395951E-03  -2.63241294E-04  -7.38504168E-04
   3.31805684E-02   2.17566383E-03  -2.69370183E-04  -7.37936643E-04
   3.32275070E-02   2.20486382E-03  -2.67235067E-04  -7.35654146E-04
   3.32722105E-02   2.22679484E-03  -2.55766558E-04  -7.34895293E-04
   3.33143808E-02   2.24921387E-03  -2.47900665E-04  -7.33578054E-04
   3.33555415E-02   2.26628478E-03  -2.47750228E-04  -7.25619553E-04
   3.33991498E-02   2.28196918E-03  -2.47648422E-04  -7.14404159E-04
   3.34482640E-02   2.29503564E-03  -2.43890958E-04  -7.12821085E-04
   3.35051827E-02   2.30075279E-03  -2.48993951E-04  -7.14460679E-04
   3.35652307E-02   2.29992392E-03  -2.45554402E-04  -7.12570909E-04
   3.36283073E-02   2.30706390E-03  -2.35975123E-04  -7.17219256E-04
   3.37022953E-02   2.30930769E-03  -2.27751414E-04  -7.21337681E-04
   3.37694436E-02   2.31319480E-03  -2.32291393E-04  -7.27706414E-04
   3.38428281E-02   2.31897738E-03  -2.30516118E-04  -7.35551235E-04
   3.39115188E-02   2.33545341E-03  -2.36208754E-04  -7.40474206E-04
   3.39782499E-02   2.35567382E-03  -2.43575181E-04  -7.44442106E-04
   3.40406522E-02   2.37508072E-03  -2.49132543E-04  -7.39885087E-04
   3.41087990E-02   2.40100781E-03  -2.63978116E-04  -7.38629838E-04
   3.41764167E-02   2.42274324E-03  -2.66976771E-04  -7.46090140E-04
   3.42432521E-02   2.45041959E-03  -2.81019777E-04  -7.55736779E-04
   3.43125686E-02   2.47420557E-03  -3.02941131E-04  -7.62400974E-04
   3.43879424E-02   2.49755150E-03  -3.15120735E-04  -7.59027374E-04
   3.44537869E-02   2.51757447E-03  -3.27979331E-04  -7.60261435E-04
   3.45315970E-02   2.53577763E-03  -3.47081659E-04  -7.54922861E-04
   3.46045308E-02   2.55347649E-03  -3.65294400E-04  -7.52488966E-04
   3.46803255E-02   2.57725455E-03  -3.90172470E-04  -7.52093620E-04
   3.47524732E-02   2.60776398E-03  -4.21342120E-04  -7.44810211E-04
   3.48194130E-02   2.64463690E-03  -4.53888264E-04  -7.31365406E-04
   3.48839872E-02   2.67597195E-03  -4.91993793E-04  -7.36660790E-04
   3.49510498E-02   2.71750521E-03  -5.28166827E-04  -7.48928345E-04
   3.50134335E-02   2.76312558E-03  -5.43480972E-04  -7.52093329E-04
   3.50747332E-02   2.80660554E-03  -5.55742241E-04  -7.64503609E-04
   3.51289995E-02   2.85717775E-03  -5.62804809E-04  -7.67135411E-04
   3.51912193E-02   2.89736991E-03  -5.60798042E-04  -7.57541740E-04
   3.52485664E-02   2.92776106E-03  -5.59778884E-04  -7.55064015E-04
   3.53080779E-02   2.95509235E-03  -5.59262000E-04  -7.51514861E-04
   3.53674032E-02   2.98698060E-03  -5.62056433E-04  -7.52210442E-04
   3.54201719E-02   3.02023184E-03  -5.65675902E-04  -7.51738262E-04
   3.54711041E-02   3.06154601E-03  -5.65610768E-04  -7.55431014E-04
   3.55188437E-02   3.09805386E-03  -5.50516590E-04  -7.57569622E-04
   3.55642438E-02   3.13415681E-03  -5.34293242E-04  -7.61503412E-04
   3.56105231E-02   3.17059061E-03  -5.09907783E-04  -7.69107020E-04
   3.56615968E-02   3.20908776E-03  -4.80395334E-04  -7.79232709E-04
   3.57198827E-02   3.24090733E-03  -4.44096950E-04  -7.87173747E-04
   3.57709527E-02   3.26314662E-03  -4.09314001E-04  -7.96949898E-04
   3.58227082E-02   3.27210687E-03  -3.69740505E-04  -8.10489582E-04
   3.58786546E-02   3.28534935E-03  -3.34980461E-04  -8.13329301E-04
   3.59296687E-02   3.29559459E-03  -2.99190171E-04  -8.07489618E-04
   3.59899923E-02   3.30038113E-03  -2.67465046E-04  -7.88745761E-04
   3.60418297E-02   3.30632273E-03  -2.35498650E-04  -7.67079531E-04
   3.60940732E-02   3.31177446E-03  -2.03724325E-04  -7.49990286E-04
   3.61412540E-02   3.31829162E-03  -1.78358314E-04  -7.31605163E-04
   3.61939371E-02   3.33539117E-03  -1.44841062E-04  -7.22386700E-04
   3.62481773E-02   3.35018081E-03  -1.12684902E-04  -7.16691953E-04
   3.62946540E-02   3.35972197E-03  -8.28003394E-05  -7.06401828E-04
   3.63387279E-02   3.37970420E-03  -6.37422199E-05  -6.92904927E-04
   3.63723785E-02   3.39392503E-03  -5.08619196E-05  -6.83785067E-04
   3.64052691E-02   3.40629509E-03  -2.80169261E-05  -6.66428998E-04
   3.64353843E-02   3.42117064E-03  -1.79387553E-05  -6.40538987E-04
   3.64675820E-02   3.43862083E-03  -6.93275751E-06  -6.15471508E-04
   3.65020111E-02   3.45880468E-03  -9.68299719E-06  -5.83255547E-04
   3.65351699E-02   3.48153827E-03  -2.89417676E-05  -5.42176014E-04
   3.65524963E-02   3.49617959E-03  -4.53506364E-05  -5.12539758E-04
   3.65640223E-02   3.51365609E-03  -5.79952248E-05  -5.02433395E-04
   3.65745798E-02   3.52819031E-03  -7.18278243E-05  -4.89569735E-04
   3.65865566E-02   3.54336808E-03  -8.16122119E-05  -4.75880195E-04
   3.65997665E-02   3.55351646E-03  -9.80426703E-05  -4.52759035E-04
   3.66141684E-02   3.56019707E-03  -1.14682676E-04  -4.33207024E-04
   3.66287716E-02   3.56239849E-03  -1.30455184E-04  -4.14294889E-04
   3.66378240E-02   3.56508163E-03  -1.46976032E-04  -4.02436417E-04
   3.66558991E-02   3.57058598E-03  -1.62116150E-04  -3.91734648E-04
   3.66740450E-02   3.57418112E-03  -1.75241206E-04  -3.79015488E-04
   3.66885439E-02   3.57927219E-03  -1.85043100E-04  -3.60829756E-04
   3.67009901E-02   3.57809430E-03  -1.97872621E-04  -3.55253724E-04
   3.67177129E-02   3.57939955E-03  -2.10790677E-04  -3.53025855E-04
   3.67342047E-02   3.57611617E-03  -2.19260342E-04  -3.46287125E-04
   3.67436484E-02   3.57377436E-03  -2.23801326E-04  -3.50347313E-04
   3.67538035E-02   3.57404514E-03  -2.30811202E-04  -3.53064679E-04
   3.67639512E-02   3.56692029E-03  -2.47704855E-04  -3.67729430E-04
   3.67682353E-02   3.55525757E-03  -2.60997826E-04  -3.79438163E-04
   3.67719084E-02   3.54494248E-03  -2.67336232E-04  -3.89708264E-04
   3.67832929E-02   3.53598781E-03  -2.77692016E-04  -4.00449557E-04
   3.67973335E-02   3.51882330E-03  -2.94309837E-04  -4.08517401E-04
   3.68104316E-02   3.50741018E-03  -3.01456952E-04  -4.09445609E-04
   3.68235819E-02   3.50100058E-03  -3.11113021E-04  -4.11385961E-04
   3.68430912E-02   3.49890650E-03  -3.23282235E-04  -4.10793815E-04
   3.68587896E-02   3.49825318E-03  -3.35945952E-04  -4.16685536E-04
   3.68697271E-02   3.50407045E-03  -3.38099169E-04  -4.23091231E-04
   3.68865728E-02   3.50738480E-03  -3.40483180E-04  -4.34454589E-04
   3.68978158E-02   3.50115914E-03  -3.40912928E-04  -4.40482865E-04
   3.69063281E-02   3.49258236E-03  -3.34458513E-04  -4.40531760E-04
   3.69164683E-02   3.48963356E-03  -3.33837903E-04  -4.35018213E-04
   3.69299613E-02   3.49117140E-03  -3.31306248E-04  -4.31155553E-04
   3.69423851E-02   3.48194991E-03  -3.32752621E-04  -4.26930987E-04
   3.69531289E-02   3.45831318E-03  -3.34833923E-04  -4.19772172E-04
   3.69562246E-02   3.42456019E-03  -3.34951241E-04  -4.11902147E-04
   3.69676054E-02   3.39093688E-03  -3.30449257E-04  -4.06369072E-04
   3.69779021E-02   3.35838133E-03  -3.24717577E-04  -4.04072460E-04
   3.69845219E-02   3.32759949E-03  -3.12909076E-04  -4.06347419E-04
   3.69882695E-02   3.29892128E-03  -3.10672622E-04  -4.00706456E-04
   3.69833633E-02   3.26710031E-03  -3.12984514E-04  -3.96926946E-04
   3.69746722E-02   3.23638786E-03  -3.02830653E-04  -3.93663824E-04
   3.69732827E-02   3.20435711E-03  -2.96464394E-04  -3.85740481E-04
   3.69702429E-02   3.16517521E-03  -2.92384153E-04  -3.79337987E-04
   3.69653925E-02   3.12548247E-03  -2.85625632E-04  -3.78149940E-04
   3.69618870E-02   3.08590196E-03  -2.79463478E-04  -3.73100571E-04
   3.69604565E-02   3.05593433E-03  -2.59442982E-04  -3.62855761E-04
   3.69618125E-02   3.03257490E-03  -2.42884082E-04  -3.49247071E-04
   3.69570740E-02   2.99671199E-03  -2.30510806E-04  -3.35653807E-04
   3.69495712E-02   2.96314922E-03  -2.18221321E-04  -3.22908978E-04
   3.69427614E-02   2.92975595E-03  -2.09142469E-04  -3.04203160E-04
   3.69357578E-02   2.88262824E-03  -1.95771325E-04  -2.87241448E-04
   3.69285271E-02   2.83539318E-03  -1.98076756E-04  -2.77184561E-04
   3.69218588E-02   2.79459055E-03  -2.09745995E-04  -2.73395504E-04
   3.69151309E-02   2.75008660E-03  -2.24501549E-04  -2.71260040E-04
   3.69110890E-02   2.70298775E-03  -2.31783168E-04  -2.69406853E-04
   3.69114615E-02   2.66524474E-03  -2.50673969E-04  -2.69019278E-04
   3.69092710E-02   2.63569853E-03  -2.59598717E-04  -2.64233619E-04
   3.69092599E-02   2.60714977E-03  -2.66094517E-04  -2.65869778E-04
   3.69138345E-02   2.57572951E-03  -2.70812277E-04  -2.66247283E-04
   3.69216502E-02   2.54958379E-03  -2.67680676E-04  -2.66152143E-04
   3.69292609E-02   2.52307416E-03  -2.64902133E-04  -2.62999180E-04
   3.69466469E-02   2.49779504E-03  -2.65921262E-04  -2.56339496E-04
   3.69637869E-02   2.47701933E-03  -2.66653078E-04  -2.58100947E-04
   3.69804129E-02   2.45612860E-03  -2.63795431E-04  -2.60613539E-04
   3.69893350E-02   2.43864255E-03  -2.53595936E-04  -2.66815856E-04
   3.70037109E-02   2.42317398E-03  -2.39923917E-04  -2.65578128E-04
   3.70162390E-02   2.42050993E-03  -2.33067389E-04  -2.60186382E-04
   3.70258950E-02   2.41636904E-03  -2.27873927E-04  -2.53074017E-04
   3.70393656E-02   2.40814127E-03  -2.24063449E-04  -2.48924654E-04
   3.70507315E-02   2.38839607E-03  -2.31103826E-04  -2.44667521E-04
   3.70679125E-02   2.36839009E-03  -2.36644322E-04  -2.41005488E-04
   3.70845832E-02   2.34925305E-03  -2.39400062E-04  -2.43826464E-04
   3.70964296E-02   2.32319627E-03  -2.37035900E-04  -2.47230579E-04
   3.71012725E-02   2.29929085E-03  -2.35879750E-04  -2.59427878E-04
   3.71089242E-02   2.27897288E-03  -2.33372979E-04  -2.75482336E-04
   3.71115096E-02   2.25933781E-03  -2.29319849E-04  -2.91781878E-04
   3.71167697E-02   2.23885779E-03  -2.34664243E-04  -3.04639019E-04
   3.71204391E-02   2.22727680E-03  -2.42790324E-04  -3.13619588E-04
   3.71191688E-02   2.22134357E-03  -2.49613833E-04  -3.20787454E-04
   3.71090434E-02   2.21767928E-03  -2.48946337E-04  -3.14154691E-04
   3.71071510E-02   2.21225456E-03  -2.49719858E-04  -3.05063411E-04
   3.71073075E-02   2.20428919E-03  -2.54229206E-04  -2.98869476E-04
   3.71143483E-02   2.19234941E-03  -2.57068139E-04  -3.00776592E-04
   3.71273197E-02   2.17597466E-03  -2.58601969E-04  -2.94019846E-04
   3.71328779E-02   2.16123136E-03  -2.55478924E-04  -2.84195499E-04
   3.71421650E-02   2.14964803E-03  -2.51175778E-04  -2.79753818E-04
   3.71486656E-02   2.12761411E-03  -2.49434088E-04  -2.77056475E-04
   3.71555239E-02   2.09879596E-03  -2.51964870E-04  -2.72199395E-04
   3.71644050E-02   2.06552492E-03  -2.53362232E-04  -2.74800026E-04
   3.71674784E-02   2.03272677E-03  -2.55385763E-04  -2.79977859E-04
   3.71793434E-02   1.99439214E-03  -2.59316032E-04  -2.87082454E-04
   3.71850729E-02   1.95524190E-03  -2.65908864E-04  -2.87509232E-04
   3.71913202E-02   1.90728786E-03  -2.66882649E-04  -2.86023511E-04
   3.71961556E-02   1.86733587E-03  -2.71189754E-04  -2.89169344E-04
   3.72037478E-02   1.82817364E-03  -2.73056939E-04  -2.89742660E-04
   3.72176357E-02   1.79378770E-03  -2.77441315E-04  -2.89564690E-04
   3.72311436E-02   1.75697566E-03  -2.83590110E-04  -2.96986254E-04
   3.72389965E-02   1.72136165E-03  -2.79753935E-04  -3.05368216E-04
   3.72474417E-02   1.67976867E-03  -2.72493664E-04  -3.16466670E-04
   3.72591428E-02   1.63302547E-03  -2.65107112E-04  -3.22550244E-04
   3.72662060E-02   1.58420287E-03  -2.60269007E-04  -3.30493611E-04
   3.72660123E-02   1.55065453E-03  -2.59699649E-04  -3.38120619E-04
   3.72652821E-02   1.52254547E-03  -2.60556350E-04  -3.46879242E-04
   3.72702666E-02   1.48355286E-03  -2.59846478E-04  -3.52037488E-04
   3.72709595E-02   1.44890486E-03  -2.59730121E-04  -3.57675599E-04
   3.72774713E-02   1.41998450E-03  -2.69721262E-04  -3.59237078E-04
   3.72785404E-02   1.38808007E-03  -2.79743370E-04  -3.65039567E-04
   3.72830145E-02   1.36495940E-03  -2.89843680E-04  -3.71695467E-04
   3.72897685E-02   1.34431978E-03  -3.04106332E-04  -3.70075199E-04
   3.72955278E-02   1.33283995E-03  -3.25299421E-04  -3.72044626E-04
   3.73029597E-02   1.31697604E-03  -3.42961430E-04  -3.73634888E-04
   3.73100042E-02   1.29465596E-03  -3.56125092E-04  -3.66470835E-04
   3.73204201E-02   1.27645745E-03  -3.72701499E-04  -3.50409013E-04
   3.73262428E-02   1.26053067E-03  -3.93794384E-04  -3.48453992E-04
   3.73261534E-02   1.25327997E-03  -4.16730385E-04  -3.48255708E-04
   3.73305231E-02   1.24382472E-03  -4.41289099E-04  -3.53419717E-04
   3.73392515E-02   1.23536296E-03  -4.62242519E-04  -3.57563811E-04
   3.73551399E-02   1.22076110E-03  -4.92329244E-04  -3.56087199E-04
   3.73725854E-02   1.20023696E-03  -5.25932817E-04  -3.53990676E-04
   3.73894908E-02   1.18336861E-03  -5.45850955E-04  -3.49892623E-04
   3.74083407E-02   1.15929905E-03  -5.62343514E-04  -3.47193971E-04
   3.74271609E-02   1.13647699E-03  -5.73397323E-04  -3.40284081E-04
   3.74474823E-02   1.10687432E-03  -5.81509026E-04  -3.38100712E-04
   3.74680869E-02   1.08475622E-03  -5.83075453E-04  -3.44100670E-04
   3.74928378E-02   1.07105228E-03  -5.87295915E-04  -3.47036839E-04
   3.75220887E-02   1.05557917E-03  -5.90649375E-04  -3.44387227E-04
   3.75504084E-02   1.03639625E-03  -5.95362391E-04  -3.51227063E-04
   3.75815742E-02   1.01481215E-03  -6.00227795E-04  -3.67101806E-04
   3.76061909E-02   1.00080494E-03  -6.01982872E-04  -3.88247136E-04
   3.76393609E-02   9.82128782E-04  -6.10558724E-04  -4.15665476E-04
   3.76694798E-02   9.62336024E-04  -6.15373778E-04  -4.44019301E-04
   3.76956053E-02   9.42028128E-04  -6.22021151E-04  -4.68451559E-04
   3.77207063E-02   9.32856405E-04  -6.34083524E-04  -4.88205143E-04
   3.77436765E-02   9.25701868E-04  -6.40394574E-04  -5.09584264E-04
   3.77729759E-02   9.13902477E-04  -6.44267362E-04  -5.24272909E-04
   3.78028229E-02   9.00282466E-04  -6.39967562E-04  -5.38624532E-04
   3.78365554E-02   8.95237317E-04  -6.42714556E-04  -5.53310441E-04
   3.78679894E-02   8.94359255E-04  -6.40308601E-04  -5.67179522E-04
   3.79017182E-02   8.89185700E-04  -6.58091565E-04  -5.85116388E-04
   3.79285105E-02   8.85832706E-04  -6.75815856E-04  -6.02895569E-04
   3.79603691E-02   8.79865955E-04  -7.00987643E-04  -6.20298204E-04
   3.79836559E-02   8.76536302E-04  -7.27080100E-04  -6.32372103E-04
   3.80082093E-02   8.67766270E-04  -7.54041190E-04  -6.38826168E-04
   3.80306840E-02   8.67036346E-04  -7.83857657E-04  -6.47020119E-04
   3.80470380E-02   8.73382611E-04  -8.08388810E-04  -6.44830987E-04
   3.80692631E-02   8.86268448E-04  -8.30575533E-04  -6.43713400E-04
   3.80934924E-02   8.94861470E-04  -8.52469821E-04  -6.39478909E-04
   3.81195433E-02   9.08493996E-04  -8.67737224E-04  -6.34530385E-04
   3.81351747E-02   9.27623943E-04  -8.81456013E-04  -6.40003593E-04
   3.81607078E-02   9.46564309E-04  -8.85038695E-04  -6.40790910E-04
   3.81854214E-02   9.67059459E-04  -8.86233698E-04  -6.45559048E-04
   3.82048786E-02   9.76607436E-04  -8.88208102E-04  -6.52757415E-04
   3.82203571E-02   9.78792435E-04  -8.90802010E-04  -6.62014179E-04
   3.82405519E-02   9.84833809E-04  -8.97372025E-04  -6.77186355E-04
   3.82539071E-02   9.93042020E-04  -9.01704887E-04  -6.81939011E-04
   3.82662043E-02   9.94802220E-04  -9.11816256E-04  -6.87575783E-04
   3.82733494E-02   1.00020459E-03  -9.26759152E-04  -6.76491996E-04
   3.82724628E-02   1.00589579E-03  -9.36848519E-04  -6.60083548E-04
   3.82709354E-02   1.00473745E-03  -9.38535552E-04  -6.49935333E-04
   3.82713974E-02   1.00681989E-03  -9.49230976E-04  -6.35709846E-04
   3.82718518E-02   1.00568612E-03  -9.55857860E-04  -6.32456446E-04
   3.82702798E-02   1.00417051E-03  -9.59378784E-04  -6.21974119E-04
   3.82718556E-02   1.00116222E-03  -9.64266772E-04  -6.10648654E-04
   3.82751189E-02   9.97619587E-04  -9.70961992E-04  -5.98918530E-04
   3.82778980E-02   9.96089075E-04  -9.74225637E-04  -5.91381220E-04
   3.82833257E-02   9.82169062E-04  -9.70256107E-04  -5.98289887E-04
   3.82873863E-02   9.68808716E-04  -9.64669336E-04  -6.04630273E-04
   3.82854417E-02   9.55119438E-04  -9.63789003E-04  -6.05331035E-04
   3.82852107E-02   9.46852088E-04  -9.62290156E-04  -6.00686588E-04
   3.82830724E-02   9.32093943E-04  -9.61056328E-04  -5.91168413E-04
   3.82811129E-02   9.18580045E-04  -9.64721781E-04  -5.79673972E-04
   3.82817015E-02   9.10519448E-04  -9.72479640E-04  -5.74183068E-04
   3.82843129E-02   9.00195329E-04  -9.87343723E-04  -5.72914898E-04
   3.82833406E-02   8.93649762E-04  -1.01108314E-03  -5.76244958E-04
   3.82821336E-02   8.87219270E-04  -1.04301586E-03  -5.76067017E-04
   3.82803380E-02   8.80278298E-04  -1.06547296E-03  -5.75633254E-04
   3.82831581E-02   8.71437544E-04  -1.08909421E-03  -5.73031837E-04
   3.82854044E-02   8.56067229E-04  -1.11627078E-03  -5.74466656E-04
   3.82863395E-02   8.42223293E-04  -1.13174040E-03  -5.74614969E-04
   3.82815562E-02   8.28861608E-04  -1.15128933E-03  -5.67270152E-04
   3.82737480E-02   8.16726068E-04  -1.16681482E-03  -5.53608057E-04
   3.82638685E-02   8.11246980E-04  -1.18593709E-03  -5.44413109E-04
   3.82545441E-02   8.02322407E-04  -1.19882834E-03  -5.33729035E-04
   3.82425524E-02   7.89880112E-04  -1.20239134E-03  -5.19522640E-04
   3.82307172E-02   7.68964295E-04  -1.21190073E-03  -5.05398959E-04
   3.82165648E-02   7.51360436E-04  -1.22123130E-03  -4.90779174E-04
   3.82045619E-02   7.38126633E-04  -1.22764404E-03  -4.72201529E-04
   3.81890535E-02   7.22448458E-04  -1.23991433E-03  -4.52713692E-04
   3.81814241E-02   7.13013578E-04  -1.25158811E-03  -4.41716722E-04
   3.81722972E-02   6.99260971E-04  -1.26189319E-03  -4.29490610E-04
   3.81645933E-02   6.83977385E-04  -1.27522403E-03  -4.16749419E-04
   3.81612815E-02   6.62125240E-04  -1.28730992E-03  -3.97033145E-04
   3.81540321E-02   6.49837893E-04  -1.30351074E-03  -3.80189565E-04
   3.81487384E-02   6.41996390E-04  -1.31522643E-03  -3.70447407E-04
   3.81475464E-02   6.42417406E-04  -1.32552581E-03  -3.58631223E-04
   3.81506197E-02   6.26982248E-04  -1.33378629E-03  -3.52681556E-04
   3.81574146E-02   6.06280111E-04  -1.33938738E-03  -3.49252572E-04
   3.81632186E-02   5.94726123E-04  -1.34063012E-03  -3.52891744E-04
   3.81689630E-02   5.83820336E-04  -1.34265388E-03  -3.57525394E-04
   3.81766520E-02   5.70676639E-04  -1.35847612E-03  -3.58144607E-04
   3.81826274E-02   5.59099484E-04  -1.37612631E-03  -3.61563725E-04
   3.81921940E-02   5.46415686E-04  -1.40007376E-03  -3.59146739E-04
   3.82052884E-02   5.30917081E-04  -1.41760998E-03  -3.58653488E-04
   3.82177904E-02   5.14540880E-04  -1.43305212E-03  -3.52019357E-04
   3.82310413E-02   4.90010600E-04  -1.44581031E-03  -3.47014080E-04
   3.82441171E-02   4.62389318E-04  -1.45665475E-03  -3.41543055E-04
   3.82519923E-02   4.37699084E-04  -1.47333683E-03  -3.37560283E-04
   3.82608622E-02   4.07932006E-04  -1.49021239E-03  -3.29146802E-04
   3.82676907E-02   3.76377779E-04  -1.50835351E-03  -3.20208725E-04
   3.82718854E-02   3.47679364E-04  -1.52901316E-03  -3.14275996E-04
   3.82668711E-02   3.16588121E-04  -1.55111321E-03  -3.14167817E-04
   3.82735543E-02   2.91433214E-04  -1.57239451E-03  -3.11533775E-04
   3.82685140E-02   2.67476891E-04  -1.59629912E-03  -2.96665967E-04
   3.82643305E-02   2.49397504E-04  -1.61117094E-03  -2.77774117E-04
   3.82538550E-02   2.26835749E-04  -1.62309303E-03  -2.61725305E-04
   3.82521115E-02   2.06868586E-04  -1.62886933E-03  -2.53547623E-04
   3.82555351E-02   1.84334262E-04  -1.62976352E-03  -2.49709003E-04
   3.82619835E-02   1.60269454E-04  -1.62826909E-03  -2.48175376E-04
   3.82674113E-02   1.39349038E-04  -1.62624684E-03  -2.52927828E-04
   3.82755287E-02   1.22536861E-04  -1.62733078E-03  -2.51164747E-04
   3.82887423E-02   1.08788845E-04  -1.62447221E-03  -2.48240394E-04
   3.83015424E-02   9.67094675E-05  -1.62039418E-03  -2.41103218E-04
   3.83130498E-02   7.86919336E-05  -1.61632837E-03  -2.41973496E-04
   3.83217782E-02   5.87112481E-05  -1.60989934E-03  -2.42597336E-04
   3.83263715E-02   4.38199240E-05  -1.60186447E-03  -2.42760565E-04
   3.83310169E-02   3.22731248E-05  -1.59955060E-03  -2.49454228E-04
   3.83370034E-02   1.76037083E-05  -1.59602705E-03  -2.47438846E-04
   3.83361354E-02  -1.05740889E-06  -1.59567769E-03  -2.47914111E-04
   3.83444391E-02  -9.55753057E-06  -1.59743160E-03  -2.50620593E-04
   3.83477323E-02  -1.41493856E-05  -1.59273006E-03  -2.49395089E-04
   3.83552015E-02  -2.00773502E-05  -1.58596563E-03  -2.45368108E-04
   3.83604802E-02  -2.63438778E-05  -1.57763262E-03  -2.36643638E-04
   3.83650325E-02  -3.46176676E-05  -1.57434284E-03  -2.29181576E-04
   3.83772291E-02  -3.72184550E-05  -1.57216901E-03  -2.22046379E-04
   3.83861177E-02  -3.14028584E-05  -1.57252513E-03  -2.12480794E-04
   3.83898728E-02  -2.46085110E-05  -1.56778307E-03  -2.11300197E-04
   3.83931063E-02  -2.02694682E-05  -1.56340748E-03  -2.08722471E-04
   3.83915678E-02  -2.33744067E-05  -1.55987870E-03  -2.03422489E-04
   3.83897871E-02  -2.88769534E-05  -1.55852817E-03  -2.01877905E-04
   3.83860841E-02  -3.54234580E-05  -1.55283604E-03  -2.01803719E-04
   3.83847877E-02  -3.41519080E-05  -1.54188916E-03  -2.02022682E-04
   3.83887179E-02  -3.48310714E-05  -1.52378576E-03  -1.97765898E-04
   3.83957550E-02  -3.29564500E-05  -1.50715304E-03  -1.98621201E-04
   3.84015776E-02  -2.80038821E-05  -1.49638869E-03  -1.97294488E-04
   3.84140611E-02  -2.54680253E-05  -1.48229487E-03  -2.04077674E-04
   3.84290665E-02  -2.07741869E-05  -1.47265382E-03  -2.06412442E-04
   3.84463295E-02  -2.02232259E-05  -1.46668893E-03  -2.02877476E-04
   3.84644344E-02  -2.17034340E-05  -1.46530103E-03  -2.01796458E-04
   3.84856835E-02  -2.54331298E-05  -1.46290427E-03  -2.00393668E-04
   3.85004282E-02  -3.42364510E-05  -1.46182417E-03  -2.06758574E-04
   3.85175012E-02  -3.52911993E-05  -1.46447762E-03  -2.12417872E-04
   3.85316201E-02  -2.84912821E-05  -1.46818161E-03  -2.16205721E-04
   3.85524742E-02  -1.91518320E-05  -1.47419947E-03  -2.19578185E-04
   3.85697074E-02  -3.95035340E-06  -1.48380920E-03  -2.25765063E-04
   3.85914929E-02   6.17247406E-06  -1.49156258E-03  -2.24214469E-04
   3.86084914E-02   1.78997889E-05  -1.50188990E-03  -2.25744603E-04
   3.86228561E-02   3.41464583E-05  -1.51320873E-03  -2.28761812E-04
   3.86344902E-02   4.73668370E-05  -1.51993416E-03  -2.28342295E-04
   3.86488624E-02   5.79955304E-05  -1.52107002E-03  -2.27230514E-04
   3.86649221E-02   7.61776246E-05  -1.52316666E-03  -2.25308147E-04
   3.86710651E-02   8.58578205E-05  -1.52989186E-03  -2.13361389E-04
   3.86883542E-02   9.24615451E-05  -1.53504626E-03  -1.99024566E-04
   3.87082919E-02   9.91993074E-05  -1.53905363E-03  -1.90489242E-04
   3.87243666E-02   1.03228056E-04  -1.54842658E-03  -1.78401708E-04
   3.87400910E-02   1.12113179E-04  -1.54300744E-03  -1.64991201E-04
   3.87512930E-02   1.17722382E-04  -1.53298548E-03  -1.55690024E-04
   3.87683176E-02   1.16363626E-04  -1.51926628E-03  -1.32837391E-04
   3.87772061E-02   1.17958582E-04  -1.50703464E-03  -1.07887026E-04
   3.87935042E-02   1.19018368E-04  -1.49800244E-03  -8.25429815E-05
   3.88035215E-02   1.24877057E-04  -1.49155583E-03  -6.04066663E-05
   3.88134494E-02   1.26541694E-04  -1.48597371E-03  -3.80390120E-05
   3.88246998E-02   1.26204555E-04  -1.48408313E-03  -1.87131009E-05
   3.88383567E-02   1.24872560E-04  -1.48994196E-03  -5.88668991E-06
   3.88563313E-02   1.26653773E-04  -1.49369752E-03   1.25316164E-05
   3.88701111E-02   1.33777663E-04  -1.49410334E-03   3.15083234E-05
   3.88808139E-02   1.34373331E-04  -1.49611197E-03   4.29658976E-05
   3.88889425E-02   1.27828709E-04  -1.49753236E-03   5.43852220E-05
   3.88944149E-02   1.23934311E-04  -1.49405946E-03   6.25861212E-05
   3.89014073E-02   1.31870838E-04  -1.49013777E-03   7.10380264E-05
   3.89086604E-02   1.39629483E-04  -1.48065609E-03   7.87651807E-05
   3.89154181E-02   1.45662678E-04  -1.46763562E-03   8.71470547E-05
   3.89174968E-02   1.54624868E-04  -1.45783892E-03   9.37402510E-05
   3.89177725E-02   1.63804798E-04  -1.45386101E-03   1.03027225E-04
   3.89124304E-02   1.70532177E-04  -1.44125754E-03   1.19014490E-04
   3.89053710E-02   1.73787892E-04  -1.43141334E-03   1.34370450E-04
   3.88959609E-02   1.84898221E-04  -1.41691102E-03   1.46373015E-04
   3.88853252E-02   2.02338095E-04  -1.41075859E-03   1.55463189E-04
   3.88718396E-02   2.17071181E-04  -1.41198817E-03   1.62565615E-04
   3.88596989E-02   2.38151537E-04  -1.40872842E-03   1.67747785E-04
   3.88396755E-02   2.58434942E-04  -1.40609662E-03   1.80547955E-04
   3.88192795E-02   2.79008615E-04  -1.40604039E-03   1.93926971E-04
   3.87961306E-02   2.90508615E-04  -1.40939571E-03   2.09047415E-04
   3.87705639E-02   3.07001523E-04  -1.40912866E-03   2.23951996E-04
   3.87435555E-02   3.15975165E-04  -1.40735845E-03   2.39044064E-04
   3.87144536E-02   3.19031853E-04  -1.40201126E-03   2.56772677E-04
   3.86837497E-02   3.16956604E-04  -1.39329815E-03   2.72333593E-04
   3.86562943E-02   3.17205471E-04  -1.38301309E-03   2.89360294E-04
   3.86210270E-02   3.19612765E-04  -1.37250719E-03   3.02105880E-04
   3.85944657E-02   3.23000626E-04  -1.36195519E-03   3.07462615E-04
   3.85665148E-02   3.25842731E-04  -1.35245279E-03   3.20923689E-04
   3.85402218E-02   3.18745646E-04  -1.34879956E-03   3.32497730E-04
   3.85184102E-02   3.19565384E-04  -1.34689105E-03   3.44629632E-04
   3.84955294E-02   3.17296304E-04  -1.33965653E-03   3.59184603E-04
   3.84719782E-02   3.13886936E-04  -1.32885552E-03   3.73611634E-04
   3.84400524E-02   3.12396325E-04  -1.33304275E-03   3.81307764E-04
   3.84100415E-02   3.08065908E-04  -1.34570990E-03   3.89084482E-04
   3.83737683E-02   3.03041976E-04  -1.34951237E-03   3.99630837E-04
   3.83398868E-02   2.97331542E-04  -1.35484093E-03   4.01823956E-04
   3.83064114E-02   2.88672076E-04  -1.36568700E-03   4.03410435E-04
   3.82806845E-02   2.84476206E-04  -1.38862687E-03   4.11379326E-04
   3.82539742E-02   2.73526210E-04  -1.40766450E-03   4.16986906E-04
   3.82290557E-02   2.61277542E-04  -1.42183027E-03   4.21735895E-04
   3.82008627E-02   2.46896408E-04  -1.42867502E-03   4.19579301E-04
   3.81754972E-02   2.39031666E-04  -1.44054554E-03   4.20743570E-04
   3.81565690E-02   2.22282106E-04  -1.44881476E-03   4.22511570E-04
   3.81285958E-02   2.06099328E-04  -1.45815709E-03   4.21541336E-04
   3.81028876E-02   1.86159552E-04  -1.46650383E-03   4.16117662E-04
   3.80834676E-02   1.70470303E-04  -1.48111873E-03   4.04425955E-04
   3.80518660E-02   1.52960056E-04  -1.49228168E-03   3.96651682E-04
   3.80269848E-02   1.37122915E-04  -1.50278572E-03   3.90063564E-04
   3.79991643E-02   1.23811158E-04  -1.51523494E-03   3.83328937E-04
   3.79751213E-02   1.11881702E-04  -1.52450381E-03   3.73522780E-04
   3.79573964E-02   9.67616361E-05  -1.53355754E-03   3.68739129E-04
   3.79436873E-02   8.44025635E-05  -1.53654697E-03   3.64632375E-04
   3.79251465E-02   7.09355299E-05  -1.53925386E-03   3.61397222E-04
   3.79067212E-02   5.66732524E-05  -1.54169346E-03   3.64084350E-04
   3.78910191E-02   4.60048723E-05  -1.53959112E-03   3.64745763E-04
