   0.00000000       0.00000000       0.00000000       0.00000000    
   1.30999088E-03   4.69997525E-04  -7.64995813E-04   2.80007720E-04
   4.99963760E-04   3.46660614E-04   4.60088253E-04  -4.33334708E-03
   2.92986631E-03   1.07575059E-02   5.41007519E-03  -9.32991505E-03
  -6.26385212E-03   1.07178092E-02  -2.07394361E-03  -1.57601535E-02
  -2.88735032E-02  -1.79019570E-03  -1.08065903E-02  -2.02215314E-02
  -4.98801768E-02  -1.60012245E-02  -1.61415339E-02  -2.38785446E-02
  -6.86450303E-02  -3.31786722E-02  -2.81084627E-02  -4.44637910E-02
  -6.88132346E-02  -3.37672383E-02  -2.88227797E-02  -5.79601154E-02
  -6.45311475E-02  -1.57592222E-02  -3.98957133E-02  -7.95709789E-02
  -7.66077861E-02  -1.82342380E-02  -4.11457084E-02  -8.95783976E-02
  -7.65376389E-02  -2.62730196E-02  -3.37156355E-02 -0.104665861    
  -7.47475848E-02  -3.50108445E-02  -2.08674800E-02 -0.101828620    
  -5.18665500E-02  -4.00229618E-02  -1.09400088E-02  -8.78751650E-02
  -4.42444384E-02  -2.41013300E-02  -7.97872338E-03  -8.51017907E-02
  -4.70245630E-02  -6.95008598E-03   9.81433317E-03  -7.40203485E-02
  -2.64915526E-02   2.07687938E-03   8.88082013E-03  -5.16395792E-02
  -4.98379245E-02   3.74331400E-02   7.76270218E-03  -3.95217910E-02
  -8.57704058E-02   7.66498521E-02  -7.45488144E-03  -2.30073296E-02
 -0.118836723      0.124096245      -2.60100160E-02  -1.40195647E-02
 -0.124731153      0.170632631      -5.80468141E-02  -5.76726859E-03
 -0.120143682      0.183636025      -7.71417245E-02  -4.36435221E-03
 -0.117329761      0.210940793     -0.107992105      -1.01852864E-02
 -0.134189621      0.229896232     -0.132746845      -1.97772868E-02
 -0.154863402      0.240231141     -0.167851299      -3.05700265E-02
 -0.182588235      0.253645062     -0.199870780      -3.71577553E-02
 -0.225961760      0.282150537     -0.221825778      -3.15219276E-02
 -0.284407079      0.293936521     -0.237087831      -3.26433182E-02
 -0.332479328      0.297556162     -0.253778040      -2.31091417E-02
 -0.383711189      0.311728150     -0.268981069      -1.99342407E-02
 -0.454509765      0.318120301     -0.280945063      -1.73634831E-02
 -0.516022861      0.315446198     -0.286167145      -1.61194019E-02
 -0.571904361      0.306636095     -0.301109701      -1.80396680E-02
 -0.643117428      0.299972326     -0.313119441      -1.96710229E-02
 -0.733108699      0.281962723     -0.320500165      -2.34819502E-02
 -0.818371952      0.263641059     -0.309659183      -2.23808065E-02
 -0.895640910      0.249819055     -0.291454494      -2.22170260E-02
 -0.970099211      0.258577019     -0.282573134      -2.49171946E-02
  -1.03962696      0.250477642     -0.257122010      -1.90444943E-02
  -1.10354447      0.239151850     -0.244500920      -2.22109798E-02
  -1.17628109      0.213095516     -0.224487245      -2.62588207E-02
  -1.24735773      0.177911550     -0.205589578      -2.63617877E-02
  -1.29023707      0.151963577     -0.186796784      -2.27280315E-02
  -1.32933295      0.140289992     -0.173170239      -1.50221195E-02
  -1.36028349      0.145370111     -0.155617580      -8.14794935E-03
  -1.38905776      0.150711179     -0.128833041       3.36547615E-03
  -1.42119777      0.166349217      -9.67684165E-02   1.00854868E-02
  -1.44326520      0.173501655      -6.55283332E-02   1.10551193E-02
  -1.49261332      0.178151563      -3.75054479E-02   8.80497415E-03
  -1.54660356      0.184487015      -2.10477617E-02   8.60533770E-03
  -1.60521460      0.165242195      -1.26578677E-02   7.65764341E-03
  -1.66985178      0.151627466      -1.24961101E-02   6.36710320E-03
  -1.74844253      0.144078255      -1.03438385E-02   2.75375135E-03
  -1.81415725      0.141436219      -8.20475351E-03  -2.20210105E-03
  -1.87494123      0.138006136      -2.48990767E-03  -6.93926867E-03
  -1.93937767      0.119064942       1.36884302E-03  -1.28890416E-02
  -2.00738120       9.91021395E-02  -1.71074830E-03  -1.38364984E-02
  -2.06340790       5.86655326E-02  -9.67276469E-03  -1.64143145E-02
  -2.13198733       1.59691162E-02  -2.54652966E-02  -1.87782180E-02
  -2.19471288      -2.50185467E-02  -4.42952514E-02  -2.41588764E-02
  -2.24149227      -5.34726344E-02  -5.96253388E-02  -3.13933790E-02
  -2.29776001      -8.72082561E-02  -7.63433799E-02  -3.78175117E-02
  -2.38173461     -0.116065219      -8.00187513E-02  -4.13911156E-02
  -2.47478819     -0.153021425      -7.96029791E-02  -4.49566878E-02
  -2.54363418     -0.191725463      -7.23084062E-02  -5.06210178E-02
  -2.58204627     -0.216711238      -6.87930286E-02  -5.71920350E-02
  -2.63039327     -0.249931514      -6.70859292E-02  -6.34904057E-02
  -2.67780113     -0.277569145      -6.40721992E-02  -6.84987232E-02
  -2.72941923     -0.324158341      -5.80271110E-02  -6.90530315E-02
  -2.78438902     -0.360661805      -3.85289788E-02  -7.17973188E-02
  -2.83483934     -0.390071183      -2.10159682E-02  -7.74040669E-02
  -2.86074805     -0.416664302      -2.04311707E-03  -8.29397961E-02
  -2.87244582     -0.451094240       1.18484423E-02  -8.41103420E-02
  -2.85135961     -0.484492302       2.44182106E-02  -8.70194957E-02
  -2.82859635     -0.506723464       3.60864215E-02  -8.74657258E-02
  -2.81077194     -0.531067848       4.72265407E-02  -8.65121484E-02
  -2.77912736     -0.552897096       5.70019707E-02  -8.34412128E-02
  -2.76863766     -0.575438797       6.35611042E-02  -7.70791844E-02
  -2.76568747     -0.608598471       7.24700689E-02  -7.09687620E-02
  -2.76738286     -0.640225232       8.35275576E-02  -6.57877624E-02
  -2.75752544     -0.674218416       8.56595859E-02  -5.75752482E-02
  -2.76947403     -0.705120504       9.27661955E-02  -5.36261797E-02
  -2.74076343     -0.735933840      0.100333788      -4.95169908E-02
  -2.72814703     -0.765887141      0.111622579      -4.72346544E-02
  -2.71081996     -0.785633028      0.123068891      -4.38026488E-02
  -2.69045305     -0.805231214      0.131952181      -3.59359011E-02
  -2.66308379     -0.818834543      0.146481156      -2.90924739E-02
  -2.64509630     -0.825825334      0.156123981      -2.52114292E-02
  -2.60758328     -0.829675138      0.160634562      -1.93815958E-02
  -2.57947755     -0.832249820      0.164296135      -1.45572592E-02
  -2.56009722     -0.833285153      0.167885631      -1.11564193E-02
  -2.54409409     -0.838896215      0.175127715      -8.75939149E-03
  -2.53805542     -0.837551653      0.180488557      -8.62969458E-03
  -2.54157329     -0.826381445      0.188699171      -8.58374126E-03
  -2.56724072     -0.812414944      0.193127006      -6.11846335E-03
  -2.59363890     -0.810424328      0.202905312      -5.97298332E-03
  -2.62618113     -0.812387168      0.215621844      -4.79246350E-03
  -2.65753365     -0.812715113      0.224798679      -4.67459532E-03
  -2.68875813     -0.809649944      0.234683663      -7.85507634E-03
  -2.73122478     -0.800674498      0.241512910      -9.75664426E-03
  -2.80367208     -0.793997526      0.245696053      -1.07682496E-02
  -2.88275528     -0.790279508      0.251556098      -1.23723876E-02
  -2.97938061     -0.795623243      0.261308193      -1.30912997E-02
  -3.06312442     -0.787751853      0.271526873      -1.43416384E-02
  -3.12254405     -0.773337543      0.280605167      -1.47927832E-02
  -3.20860839     -0.763774574      0.285056859      -1.69630665E-02
  -3.27302766     -0.763675392      0.293353111      -1.85644329E-02
  -3.34092069     -0.768789232      0.299347728      -2.01258752E-02
  -3.39323473     -0.769793570      0.308509231      -2.22139657E-02
  -3.45609117     -0.769500375      0.322243989      -2.53606569E-02
  -3.51955414     -0.770876765      0.338307887      -3.04146968E-02
  -3.59629226     -0.774012864      0.349188536      -3.49008068E-02
  -3.67992735     -0.760886908      0.359054118      -3.94733287E-02
  -3.75164819     -0.749519527      0.370470792      -4.52381782E-02
  -3.84148049     -0.745154858      0.378070533      -4.75551523E-02
  -3.89907026     -0.736548960      0.381152302      -4.85425852E-02
  -3.94118714     -0.722382724      0.387890875      -4.74338271E-02
  -3.99375391     -0.702145875      0.390674859      -4.74394076E-02
  -4.05894852     -0.675455749      0.394202590      -4.68915552E-02
  -4.12875175     -0.654903173      0.396540374      -4.56779823E-02
  -4.19574213     -0.634893775      0.397916585      -4.48290221E-02
  -4.25262833     -0.615714133      0.398267150      -3.94960940E-02
  -4.28498268     -0.592413485      0.398086518      -3.37405838E-02
  -4.29910851     -0.574829519      0.401520550      -3.01913023E-02
  -4.30388975     -0.557367504      0.399194986      -2.43311636E-02
  -4.30068302     -0.543876886      0.399216771      -1.89227983E-02
  -4.30279827     -0.526439548      0.402953357      -1.33936554E-02
  -4.27474022     -0.519942045      0.409518898      -1.06670111E-02
  -4.26575708     -0.522031188      0.416172445      -5.78531995E-03
  -4.28706121     -0.516918421      0.419160277      -1.42852729E-03
  -4.30081177     -0.521299839      0.420060456       4.39805910E-03
  -4.30342436     -0.522309721      0.419881374       1.04781501E-02
  -4.31723118     -0.517676950      0.420778066       1.59084350E-02
  -4.30814457     -0.511655927      0.421939582       2.00997181E-02
  -4.29996014     -0.501363456      0.422825664       2.25286111E-02
  -4.25867462     -0.490435600      0.426018924       2.68468559E-02
  -4.19708729     -0.475534469      0.431168646       2.94643249E-02
  -4.14519739     -0.456904173      0.435720444       3.05477604E-02
  -4.09781361     -0.450765878      0.442041457       3.21294367E-02
  -4.06589603     -0.444486558      0.444900274       3.28919664E-02
  -4.04826164     -0.432086766      0.449327558       3.50567773E-02
  -4.03023720     -0.415737569      0.454948604       3.89408544E-02
  -4.00952625     -0.398239791      0.458494782       4.12477888E-02
  -3.98344612     -0.392383963      0.463308275       4.35931683E-02
  -3.95728970     -0.386477798      0.468098760       4.52341624E-02
  -3.92773294     -0.391755879      0.472475171       4.52094004E-02
  -3.90206409     -0.397092611      0.476909846       4.46914807E-02
  -3.87068319     -0.394197494      0.480670363       4.46732193E-02
  -3.85368466     -0.394232959      0.483170658       4.37143631E-02
  -3.82608294     -0.390497237      0.486471921       4.18054238E-02
  -3.80575466     -0.389958084      0.491111666       3.85890827E-02
  -3.77738762     -0.381686121      0.495139033       3.58875319E-02
  -3.75558972     -0.376151234      0.499299735       3.14519070E-02
  -3.74397993     -0.366256058      0.504292190       2.81840768E-02
  -3.74289560     -0.359120399      0.505828738       2.47531161E-02
  -3.73063827     -0.355601519      0.501772165       2.42006108E-02
  -3.71102643     -0.358096391      0.501105130       2.33490374E-02
  -3.69211483     -0.357821286      0.500385106       2.45219730E-02
  -3.66543198     -0.353670329      0.500552177       2.76556369E-02
  -3.62052965     -0.344445705      0.499071538       3.06441747E-02
  -3.57303667     -0.338363558      0.495308042       3.15202400E-02
  -3.52253509     -0.336822033      0.493364096       3.36894840E-02
  -3.47360706     -0.334271938      0.493895829       3.57513800E-02
  -3.40738177     -0.330025792      0.491466582       3.49327475E-02
  -3.32454896     -0.323202550      0.486776352       3.33099328E-02
  -3.25001955     -0.327079356      0.481461525       3.38669419E-02
  -3.17051482     -0.325637937      0.479902208       3.41561139E-02
  -3.12458372     -0.324546546      0.477297515       3.16097811E-02
  -3.09198451     -0.327175409      0.470889032       2.77683660E-02
  -3.04317355     -0.332540035      0.465231001       2.39793435E-02
  -2.99933243     -0.336658746      0.458165407       2.01991759E-02
  -2.95651174     -0.342960417      0.453307122       1.73852500E-02
  -2.91997862     -0.353382170      0.446788937       1.57760382E-02
  -2.87361169     -0.364020348      0.443638533       1.33187883E-02
  -2.82977557     -0.361180604      0.441323668       8.69527832E-03
  -2.76862049     -0.360865593      0.440158129       1.84104859E-03
  -2.71496940     -0.366850317      0.441332191      -5.14805131E-03
  -2.65891004     -0.374427050      0.442035049      -9.99917649E-03
  -2.61430049     -0.376802921      0.444710135      -1.40156066E-02
  -2.59265590     -0.380644679      0.450344056      -1.64635610E-02
  -2.54955077     -0.386688709      0.456638545      -1.83163751E-02
  -2.50342417     -0.385427564      0.460684747      -1.85966287E-02
  -2.47717166     -0.383923143      0.462530673      -2.00509280E-02
  -2.45010376     -0.386629969      0.463218123      -1.88404936E-02
  -2.42875719     -0.388939917      0.462227851      -1.83049683E-02
  -2.40593982     -0.394154251      0.458121300      -1.66873466E-02
  -2.38825893     -0.400024742      0.454073966      -1.51387481E-02
  -2.35160398     -0.407598764      0.449302733      -1.54887056E-02
  -2.30287409     -0.413474053      0.445801854      -1.43378070E-02
  -2.24151015     -0.416824698      0.441876471      -1.35565614E-02
  -2.16667581     -0.424269974      0.437781185      -1.57443378E-02
  -2.06629562     -0.433898717      0.430635661      -1.68526601E-02
  -1.95702767     -0.444362491      0.426335931      -1.94022171E-02
  -1.83757770     -0.453990251      0.421180934      -2.19524037E-02
  -1.73340631     -0.465570062      0.417294651      -2.55840402E-02
  -1.61126494     -0.475763619      0.412918091      -2.73920912E-02
  -1.50330567     -0.493702233      0.407353699      -2.77657695E-02
  -1.41275406     -0.507032752      0.401466697      -2.58997716E-02
  -1.31287134     -0.517198324      0.394688755      -2.45769005E-02
  -1.22848952     -0.529608428      0.390592992      -2.45095454E-02
  -1.15300536     -0.540038705      0.385882944      -2.30740849E-02
  -1.07909071     -0.543356419      0.383748770      -2.28311475E-02
 -0.988990605     -0.544171095      0.382505089      -2.18532737E-02
 -0.905883610     -0.547232807      0.378350496      -1.99500974E-02
 -0.822282791     -0.553117037      0.374364257      -1.84919611E-02
 -0.728890359     -0.557210684      0.369460583      -1.73934046E-02
 -0.629586518     -0.557721317      0.360919446      -1.56474393E-02
 -0.537232161     -0.560469031      0.355048478      -1.49895661E-02
 -0.473608464     -0.557200313      0.349977791      -1.49666909E-02
 -0.423275411     -0.550974190      0.345255852      -1.46645950E-02
 -0.351132751     -0.544819772      0.341779083      -1.30048450E-02
 -0.290401995     -0.539346695      0.339724213      -1.13917328E-02
 -0.215717077     -0.537802696      0.336400270      -1.05826454E-02
 -0.127612665     -0.537344813      0.329850584      -9.35777277E-03
  -2.97675543E-02 -0.539819837      0.322997123      -9.67425760E-03
   8.40040147E-02 -0.541736364      0.317568004      -1.04466351E-02
  0.218393087     -0.545322657      0.310643762      -1.03102401E-02
  0.363536328     -0.549541235      0.302665293      -1.14527717E-02
  0.509180069     -0.553518116      0.293287039      -1.09840846E-02
  0.659333348     -0.557707071      0.286262751      -1.01461364E-02
  0.785382748     -0.557099283      0.280011892      -1.06603373E-02
  0.892486155     -0.560200691      0.274711460      -1.13616586E-02
   1.02506053     -0.559282720      0.271986663      -1.22584216E-02
   1.16477418     -0.562183619      0.270296186      -1.40383923E-02
   1.29448545     -0.569139957      0.267763376      -1.61508340E-02
   1.40007520     -0.575032890      0.264673144      -1.76853016E-02
   1.50088012     -0.583228528      0.260688305      -1.90873016E-02
   1.60568547     -0.598949730      0.255010843      -2.00921632E-02
   1.70050073     -0.617018998      0.249387205      -2.10262425E-02
   1.82005334     -0.632631063      0.243217021      -2.13136058E-02
   1.90321302     -0.643149018      0.238223389      -2.27879900E-02
   2.00127053     -0.650740981      0.233148575      -2.48015467E-02
   2.07082319     -0.659819722      0.226992741      -2.59360299E-02
   2.15349340     -0.669950068      0.219861060      -2.54276674E-02
   2.23646688     -0.681343913      0.212827206      -2.51759533E-02
   2.33104181     -0.690736234      0.205893561      -2.54842434E-02
   2.45409369     -0.699569762      0.200411588      -2.71399561E-02
   2.56389070     -0.713713765      0.195780829      -2.96858102E-02
   2.70535254     -0.726430714      0.190487474      -3.35910916E-02
   2.84412813     -0.741553009      0.185016036      -3.71657535E-02
   2.98951745     -0.755673766      0.179785907      -4.00364287E-02
   3.11495924     -0.768996060      0.177361816      -4.32488993E-02
   3.23466372     -0.778723776      0.175791666      -4.54365090E-02
   3.36060357     -0.784268260      0.173242733      -4.65554297E-02
   3.49360919     -0.788545847      0.171146765      -4.73669767E-02
   3.59127975     -0.797633052      0.167054847      -4.73362952E-02
   3.69167328     -0.806313932      0.163666308      -4.61191721E-02
   3.76971960     -0.812335849      0.158507034      -4.34269123E-02
   3.82613683     -0.813734412      0.153439954      -4.08516154E-02
   3.87322950     -0.814897060      0.151077181      -3.83390747E-02
   3.93226743     -0.819018602      0.147463888      -3.71843725E-02
   3.98709130     -0.820388615      0.144545078      -3.47601883E-02
   4.00865650     -0.827487051      0.140137464      -3.23968418E-02
   4.04680967     -0.833354712      0.137396887      -3.01680993E-02
   4.09557199     -0.837325573      0.135182634      -2.75445059E-02
   4.17369604     -0.842535615      0.133747905      -2.41760369E-02
   4.26077557     -0.848400474      0.130951047      -2.13139933E-02
   4.34904718     -0.852841914      0.128242627      -1.79163478E-02
   4.44417667     -0.857032776      0.124852732      -1.53651554E-02
   4.54988241     -0.860209167      0.119244754      -1.32824760E-02
   4.63301563     -0.862724125      0.114204489      -1.10427812E-02
   4.73339701     -0.862723529      0.108045988      -1.01104602E-02
   4.82904100     -0.860725224      0.102077581      -9.59532056E-03
   4.93233824     -0.858674407       9.89514068E-02  -8.83264840E-03
   5.02875996     -0.857232332       9.73954871E-02  -7.18140695E-03
   5.13721132     -0.859306812       9.60344225E-02  -5.30029228E-03
   5.24535227     -0.861511767       9.53093469E-02  -4.55858931E-03
   5.35870838     -0.863487065       9.51074362E-02  -5.31410147E-03
   5.49669552     -0.866574466       9.65458229E-02  -5.16980654E-03
   5.61291170     -0.866889775       9.79751348E-02  -5.62160974E-03
   5.75905180     -0.863029420       9.89499986E-02  -6.58894749E-03
   5.91137266     -0.860447347      0.100820743      -8.38835258E-03
   6.08175945     -0.855098128      0.103097066      -9.59235523E-03
   6.26489925     -0.847266197      0.104958780      -1.14064170E-02
   6.45427990     -0.838966668      0.106643096      -1.25616072E-02
   6.63270378     -0.833852589      0.109990627      -1.32966870E-02
   6.80470419     -0.828166008      0.112928502      -1.35931941E-02
   7.00419760     -0.823669493      0.117363222      -1.40519682E-02
   7.18994808     -0.822114706      0.120881371      -1.42263137E-02
   7.38953209     -0.815961480      0.122274406      -1.49815846E-02
   7.57688332     -0.811888635      0.123690575      -1.44976331E-02
   7.78598070     -0.807610869      0.123908192      -1.47457635E-02
   7.99901009     -0.805749834      0.123160899      -1.42278811E-02
   8.21442890     -0.804106116      0.121600576      -1.33980662E-02
   8.40485764     -0.801475525      0.122100040      -1.18664689E-02
   8.56735992     -0.796382189      0.122230403      -1.01314755E-02
   8.71443081     -0.790748715      0.122214265      -8.27421155E-03
   8.85401535     -0.781835198      0.120799623      -6.43498078E-03
   9.00750732     -0.771721900      0.120004103      -2.94512650E-03
   9.18890858     -0.765373945      0.119468041       3.57905054E-04
   9.36580467     -0.758185148      0.119003579       4.62161796E-03
   9.54878616     -0.751859844      0.118039489       8.85817036E-03
   9.75267601     -0.746866167      0.117793359       1.24920439E-02
   9.92132187     -0.741837680      0.118148245       1.56292934E-02
   10.0910158     -0.738612354      0.118702106       1.80642009E-02
   10.2288256     -0.734796882      0.119097039       2.00376306E-02
   10.3763027     -0.729829371      0.120223172       2.21035499E-02
   10.5385618     -0.723335624      0.122209713       2.31417362E-02
   10.7121973     -0.717630982      0.123203479       2.39586961E-02
   10.8730145     -0.711851478      0.124784887       2.48685442E-02
   11.0293722     -0.706748486      0.127480373       2.60149427E-02
   11.1825905     -0.704004109      0.131927386       2.73172855E-02
   11.3350563     -0.703777373      0.136221990       2.91915257E-02
   11.4627657     -0.701968908      0.138259917       3.17267738E-02
   11.6083746     -0.697895825      0.140306413       3.38115804E-02
   11.7647610     -0.698361576      0.141375452       3.55441347E-02
   11.9051056     -0.696658254      0.142394960       3.65293324E-02
   12.0765572     -0.696647108      0.143731982       3.71269807E-02
   12.2243910     -0.693579078      0.144149721       3.73495109E-02
   12.3806667     -0.689029217      0.144486800       3.78539152E-02
   12.5247688     -0.685654342      0.144528359       3.81888486E-02
   12.6796246     -0.680732250      0.144159645       3.87252867E-02
   12.8354912     -0.675163865      0.141770005       3.92372273E-02
   12.9859076     -0.669603705      0.140803605       3.96940000E-02
   13.1289968     -0.662430882      0.139936194       3.99076119E-02
   13.2521877     -0.654091060      0.141002372       3.96481268E-02
   13.3748665     -0.644506574      0.143997103       4.02243473E-02
   13.4877968     -0.632519424      0.146631852       4.16973792E-02
   13.5619164     -0.619060338      0.148612499       4.28722911E-02
   13.6287279     -0.607444644      0.150124475       4.35899049E-02
   13.7091351     -0.596055448      0.151696086       4.35180366E-02
   13.7921085     -0.588572502      0.152771324       4.44746614E-02
   13.8673449     -0.582169056      0.153054416       4.48280573E-02
   13.9632044     -0.575258315      0.154346198       4.54206914E-02
   14.0312748     -0.567758501      0.156924888       4.61530164E-02
   14.0890465     -0.557886958      0.157989606       4.79915626E-02
   14.1421528     -0.548095286      0.159396574       4.97582443E-02
   14.1863976     -0.539701641      0.159837931       5.07116653E-02
   14.2485313     -0.532162786      0.160238370       5.04569560E-02
   14.3183603     -0.523227513      0.159607381       5.06092273E-02
   14.3682833     -0.516957581      0.155965567       4.96069305E-02
   14.3926754     -0.510037243      0.153507158       4.84446585E-02
   14.4315262     -0.503340900      0.150375977       4.79327627E-02
   14.4546127     -0.495392352      0.149164349       4.73732837E-02
   14.5130959     -0.489443183      0.148242459       4.61321957E-02
   14.5724144     -0.481078476      0.148109794       4.49598059E-02
   14.6530380     -0.469531447      0.147533700       4.30771373E-02
   14.7480536     -0.460102975      0.147625878       4.17189337E-02
   14.8449383     -0.448975116      0.149629489       4.03109379E-02
   14.9249916     -0.436456650      0.149968937       3.92102078E-02
   15.0203896     -0.425124377      0.150543660       3.66352499E-02
   15.1294022     -0.413088799      0.151428595       3.36135477E-02
   15.2648201     -0.402056485      0.151941404       3.02353948E-02
   15.4003506     -0.389917821      0.151626825       2.76125297E-02
   15.5370035     -0.380742490      0.152499944       2.61624921E-02
   15.6353531     -0.368529558      0.153001145       2.52010133E-02
   15.7184687     -0.355911642      0.153734878       2.44485121E-02
   15.8035355     -0.340051293      0.155942962       2.43216809E-02
   15.8731327     -0.323974162      0.159301549       2.43138019E-02
   15.9431963     -0.307372361      0.161714882       2.51710694E-02
   16.0264835     -0.288573623      0.164282054       2.67981272E-02
   16.1061211     -0.268565804      0.167050272       2.88014095E-02
   16.1853600     -0.251034349      0.171305239       3.05077247E-02
   16.2484837     -0.231839031      0.175356984       3.32209319E-02
   16.3039742     -0.212706655      0.179272860       3.54733430E-02
   16.3523216     -0.195298195      0.182802245       3.75677980E-02
   16.3973503     -0.177801952      0.184232026       3.90042514E-02
   16.4557877     -0.161160335      0.186768755       4.03312184E-02
   16.4937382     -0.145057470      0.189363018       4.10554595E-02
   16.5238972     -0.130927816      0.191926152       4.12595384E-02
   16.6030655     -0.119903706      0.193731487       4.17665355E-02
   16.6956730     -0.107141852      0.194361702       4.24185321E-02
   16.7755699      -9.45424661E-02  0.193115860       4.39279266E-02
   16.8565445      -8.19796473E-02  0.191789180       4.50554900E-02
   16.9214497      -7.30022565E-02  0.190883175       4.58538905E-02
   16.9988594      -6.46363795E-02  0.191239163       4.66222949E-02
   17.0668182      -5.68280183E-02  0.191841081       4.75207008E-02
   17.1337910      -4.95019481E-02  0.190961331       4.89351302E-02
   17.1811504      -3.98460887E-02  0.191036969       5.11436239E-02
   17.2339115      -3.34632061E-02  0.189529404       5.25089316E-02
   17.2721214      -2.68227197E-02  0.186894774       5.27786911E-02
   17.2968521      -1.90555677E-02  0.185282364       5.35946339E-02
   17.3303967      -1.33122820E-02  0.182772622       5.40299825E-02
   17.3552914      -5.53758070E-03  0.180252194       5.46895117E-02
   17.4092617      -2.55647581E-03  0.177360058       5.53951599E-02
   17.4706268       3.69566400E-03  0.174293280       5.66897281E-02
   17.5263443       9.47273429E-03  0.170834944       5.74858636E-02
   17.5817013       1.12604219E-02  0.169427440       5.88419884E-02
   17.6343670       1.59586910E-02  0.168943241       6.06125444E-02
   17.6521263       1.89411659E-02  0.167172119       6.07837811E-02
   17.6754990       2.50519607E-02  0.165175885       6.03867061E-02
   17.6991558       3.08109801E-02  0.162951678       6.02932647E-02
   17.7415237       3.42902467E-02  0.160055786       6.00178875E-02
   17.7708321       3.65427956E-02  0.158116639       5.96476793E-02
   17.7930012       3.95546071E-02  0.156469986       5.96969165E-02
   17.8012409       4.22221310E-02  0.156366825       5.86243123E-02
   17.8296185       4.42937352E-02  0.157460034       5.75376153E-02
   17.8365498       4.39509451E-02  0.159687430       5.57678044E-02
   17.8457088       4.46599573E-02  0.162339494       5.49712479E-02
   17.8531761       4.39949408E-02  0.162980020       5.43182567E-02
   17.8631134       4.62457910E-02  0.164168224       5.36869913E-02
   17.8745708       4.91284914E-02  0.164563164       5.30779138E-02
   17.8857174       5.27043715E-02  0.165542901       5.25780953E-02
   17.9035358       5.37943840E-02  0.165431544       5.25912046E-02
   17.9070072       5.50602451E-02  0.165845111       5.23929670E-02
   17.8997002       5.66968471E-02  0.165625751       5.23178764E-02
   17.9027367       5.96856251E-02  0.165740207       5.26362807E-02
   17.8923054       6.30333498E-02  0.164449185       5.30430079E-02
   17.8885098       6.46966770E-02  0.162379563       5.25485016E-02
   17.8574390       6.77732751E-02  0.158371016       5.27145751E-02
   17.8123913       6.89344406E-02  0.154277191       5.23464084E-02
   17.7625790       6.97393790E-02  0.151708379       5.13973013E-02
   17.7309589       6.95542917E-02  0.149034575       5.01219630E-02
   17.7234573       6.77080899E-02  0.147976965       4.81107719E-02
   17.7373009       6.48512319E-02  0.146426454       4.65374552E-02
   17.7582531       6.30323142E-02  0.145565599       4.48673666E-02
   17.7800026       6.09039366E-02  0.144739777       4.37092036E-02
   17.8069477       5.96606955E-02  0.143464223       4.23078649E-02
   17.8394585       5.82930036E-02  0.142015830       4.07926887E-02
   17.8822880       5.83897233E-02  0.141180709       3.92936990E-02
   17.9099979       5.97469471E-02  0.141414300       3.82300429E-02
   17.9046364       6.40453398E-02  0.142541781       3.79342325E-02
   17.8908997       7.05305114E-02  0.143423304       3.69804762E-02
   17.8975849       7.85948411E-02  0.144206032       3.56625803E-02
   17.8888245       8.61656070E-02  0.145430192       3.48869450E-02
   17.8701763       9.48075205E-02  0.146250203       3.36436555E-02
   17.8438263      0.103939570      0.146563724       3.32104303E-02
   17.8191032      0.110991761      0.146675006       3.28334644E-02
   17.7937679      0.116736442      0.147136942       3.28118280E-02
   17.7575855      0.121841490      0.146551922       3.27100232E-02
   17.7061310      0.126344115      0.146645948       3.28234732E-02
   17.6523247      0.132192597      0.146603808       3.28421406E-02
   17.6106491      0.135415524      0.147157952       3.20819914E-02
   17.5754490      0.138680249      0.148005858       3.11899371E-02
   17.5475101      0.141165704      0.150069997       3.05089112E-02
   17.4945583      0.144091278      0.152676627       3.00133061E-02
   17.4676228      0.144080803      0.155628830       2.95862053E-02
   17.4554882      0.142025009      0.157845497       2.94027440E-02
   17.4409256      0.139445588      0.159521297       2.94641610E-02
   17.4153175      0.136252984      0.162287667       2.96732839E-02
   17.4046745      0.134038553      0.163145706       2.98362263E-02
   17.3991089      0.130419821      0.165127024       2.96227615E-02
   17.4003887      0.127267122      0.167002514       2.93429047E-02
   17.4090958      0.123814978      0.167561293       2.95019466E-02
   17.4452038      0.119219400      0.168966293       2.89696921E-02
   17.5146351      0.113864154      0.170541763       2.89686937E-02
   17.5881920      0.109310851      0.172132269       2.91679911E-02
   17.6758728      0.105565779      0.173610270       2.91378759E-02
   17.7472038      0.100823306      0.174908325       2.88817715E-02
   17.8189411       9.48611796E-02  0.173964843       2.82945000E-02
   17.8910675       8.88909549E-02  0.173623919       2.76426654E-02
   17.9632587       8.36003050E-02  0.172627792       2.67447978E-02
   18.0576591       7.67918825E-02  0.172092199       2.56242566E-02
   18.1375599       6.72479197E-02  0.171267822       2.47942787E-02
   18.1859093       5.69999404E-02  0.170063019       2.36864369E-02
   18.2188377       4.71451618E-02  0.169342309       2.23845895E-02
   18.2738724       4.02825065E-02  0.168666556       2.08270270E-02
   18.3160324       3.56533155E-02  0.167673558       1.97192710E-02
   18.3519478       3.11102010E-02  0.168200538       1.86130926E-02
   18.3668079       3.06724887E-02  0.169753611       1.67449769E-02
   18.3709393       3.10187601E-02  0.170877695       1.45816710E-02
   18.3854198       3.14263180E-02  0.170099616       1.29007464E-02
   18.4079514       3.18032019E-02  0.169257030       1.09788962E-02
   18.4109364       3.18367779E-02  0.169680595       8.54500383E-03
   18.4092808       3.23528908E-02  0.169583470       7.03311199E-03
   18.4027195       3.47691104E-02  0.169484898       5.48307691E-03
   18.4217300       3.71166617E-02  0.169660866       3.84571287E-03
   18.4446526       3.99740003E-02  0.169084758       1.58355187E-03
   18.4667187       3.95820029E-02  0.169326812      -6.12216536E-04
   18.4839497       4.09388915E-02  0.168865666      -2.49406882E-03
   18.4980755       4.49125245E-02  0.168315202      -5.12419874E-03
   18.5029106       4.79712561E-02  0.167109847      -7.70483445E-03
   18.5016155       5.16515784E-02  0.165941566      -1.05581898E-02
   18.5149517       5.54257631E-02  0.164330006      -1.23579036E-02
   18.5329475       6.04419224E-02  0.161939055      -1.38915880E-02
   18.5580654       6.31233081E-02  0.160293087      -1.41296294E-02
   18.5938530       6.39800429E-02  0.159874320      -1.41461212E-02
   18.6295319       6.38260841E-02  0.158743471      -1.46089755E-02
   18.6889191       6.16909042E-02  0.157699555      -1.51413586E-02
   18.7542381       6.17703609E-02  0.157334998      -1.58882439E-02
   18.8203259       6.14976771E-02  0.157380849      -1.67742241E-02
   18.8872681       6.33729622E-02  0.156162396      -1.72422435E-02
   18.9819412       6.49830550E-02  0.155366883      -1.77761558E-02
   19.0399666       6.80334121E-02  0.153999224      -1.77146923E-02
   19.0970612       6.98513836E-02  0.153362751      -1.72400605E-02
   19.1621685       7.11517558E-02  0.153075829      -1.71029810E-02
   19.2243748       7.15302005E-02  0.152113140      -1.73448958E-02
   19.2965012       7.18653575E-02  0.149932027      -1.74454749E-02
   19.3905773       7.11126029E-02  0.147578791      -1.81349441E-02
   19.4514084       7.01835826E-02  0.145379171      -1.91320553E-02
   19.5249329       6.90848231E-02  0.143593460      -1.98471360E-02
   19.6266022       6.71197325E-02  0.142718792      -2.05576289E-02
   19.7018471       6.46760240E-02  0.141628772      -2.12867800E-02
   19.7571583       6.41917437E-02  0.140353695      -2.15574633E-02
   19.8060474       6.44730106E-02  0.138991848      -2.19641626E-02
   19.8719349       6.29348159E-02  0.137539387      -2.21682880E-02
   19.9435253       6.14722073E-02  0.136158362      -2.21843962E-02
   20.0408649       6.00387082E-02  0.134991258      -2.25890465E-02
   20.1627121       5.93585558E-02  0.134024799      -2.27334034E-02
   20.2983608       5.74844331E-02  0.132465452      -2.27879919E-02
   20.4441509       5.63861839E-02  0.131021515      -2.27238778E-02
   20.6006050       5.57954013E-02  0.129912376      -2.28069462E-02
   20.7623539       5.53429276E-02  0.129328519      -2.31461953E-02
   20.9074192       5.23442701E-02  0.129083470      -2.47373506E-02
   21.0574341       4.99576144E-02  0.128367394      -2.66010184E-02
   21.1869793       4.89933454E-02  0.126842648      -2.80574765E-02
   21.2958145       4.74471562E-02  0.124846123      -2.93562058E-02
   21.3872185       4.83044945E-02  0.122051142      -3.04544251E-02
   21.4656219       4.73789498E-02  0.119649395      -3.12508792E-02
   21.5495300       4.55238260E-02  0.118505321      -3.25859524E-02
   21.6324444       4.25055139E-02  0.116397068      -3.37131806E-02
   21.6932278       3.91767845E-02  0.113695994      -3.53719369E-02
   21.7573471       3.42794806E-02  0.112670116      -3.69401537E-02
   21.8308125       2.93739922E-02  0.111535870      -3.84166427E-02
   21.9178619       2.51859538E-02  0.110601932      -3.98324579E-02
   22.0003834       1.89783741E-02  0.110155933      -4.16332819E-02
   22.0748863       1.24614425E-02  0.109382868      -4.35451493E-02
   22.1274223       5.60490135E-03  0.108466521      -4.46583517E-02
   22.1826763      -1.05773541E-03  0.108144663      -4.51645032E-02
   22.2173615      -8.79087113E-03  0.108081676      -4.55020480E-02
   22.2229652      -1.56555120E-02  0.107315235      -4.60193492E-02
   22.2202129      -2.23207083E-02  0.106487356      -4.68033552E-02
   22.2303276      -2.80434135E-02  0.105553217      -4.75205034E-02
   22.2577286      -3.35417241E-02  0.104971386      -4.78808247E-02
   22.3046265      -3.97086479E-02  0.104817867      -4.81046624E-02
   22.3446045      -4.45208997E-02  0.105426908      -4.89138849E-02
   22.3713284      -4.85688709E-02  0.106763378      -4.99513075E-02
   22.3819962      -5.26568070E-02  0.107120223      -5.10336682E-02
   22.3966923      -5.85952215E-02  0.106509678      -5.24094738E-02
   22.3966026      -6.57297149E-02  0.106079563      -5.37122041E-02
   22.4016628      -7.31579065E-02  0.104465686      -5.42485751E-02
   22.4123764      -8.04001391E-02  0.103266761      -5.45778312E-02
   22.4354839      -8.56441259E-02  0.102316737      -5.47209345E-02
   22.4521198      -9.13015604E-02  0.101646706      -5.50292879E-02
   22.4507484      -9.48640257E-02  0.101131991      -5.54097928E-02
   22.4625912      -9.70821604E-02   9.97314677E-02  -5.60246073E-02
   22.4718647      -9.78439003E-02   9.73992348E-02  -5.64960353E-02
   22.4580765      -9.81476530E-02   9.51120183E-02  -5.67616783E-02
   22.4429302      -9.85597372E-02   9.33196694E-02  -5.67251332E-02
   22.4128761      -9.91610289E-02   9.11471769E-02  -5.69730774E-02
   22.3814583     -0.100112535       8.88426006E-02  -5.71617708E-02
   22.3574924     -0.102757826       8.75301361E-02  -5.71857132E-02
   22.3316555     -0.104973249       8.59322920E-02  -5.75217493E-02
   22.3026390     -0.106116496       8.40081125E-02  -5.80968894E-02
   22.2814617     -0.108234942       8.12902004E-02  -5.88383861E-02
   22.2649345     -0.110230505       7.87912682E-02  -5.96698560E-02
   22.2529106     -0.112215824       7.65770003E-02  -5.97778037E-02
   22.2500782     -0.114255860       7.39524812E-02  -6.03628568E-02
   22.2594318     -0.116401315       7.19943643E-02  -6.12011962E-02
   22.2666645     -0.118678063       7.03267306E-02  -6.20104857E-02
   22.2769623     -0.119544894       6.89520761E-02  -6.30369037E-02
   22.2781048     -0.120322905       6.72818944E-02  -6.46308810E-02
   22.2873669     -0.121018559       6.65231794E-02  -6.57156482E-02
   22.3013821     -0.122884795       6.65635690E-02  -6.69440106E-02
   22.3214512     -0.123177111       6.72393516E-02  -6.73270524E-02
   22.3150158     -0.123700999       6.66952431E-02  -6.74842075E-02
   22.2729416     -0.122017689       6.62038773E-02  -6.71763867E-02
   22.2328396     -0.121544048       6.51135817E-02  -6.65028170E-02
   22.2306995     -0.121500470       6.39936849E-02  -6.55687153E-02
   22.2269878     -0.122982666       6.20980449E-02  -6.41102567E-02
   22.2183800     -0.125090122       5.94865605E-02  -6.25775754E-02
   22.1976261     -0.127769768       5.75869419E-02  -6.03295565E-02
   22.1886368     -0.128967017       5.62846810E-02  -5.84748946E-02
   22.1627407     -0.130283386       5.58530726E-02  -5.73355183E-02
   22.1227779     -0.131459892       5.50720654E-02  -5.66022396E-02
   22.0969334     -0.131049335       5.27529344E-02  -5.56410663E-02
   22.0648708     -0.130486935       5.02990820E-02  -5.44997528E-02
   22.0303745     -0.128026739       4.80242521E-02  -5.36991097E-02
   22.0188046     -0.125316411       4.67434153E-02  -5.34379147E-02
   21.9951191     -0.124727570       4.56410125E-02  -5.29657006E-02
   21.9755325     -0.123631209       4.45042066E-02  -5.29945195E-02
   21.9563885     -0.124684319       4.33689319E-02  -5.27379178E-02
   21.9514370     -0.126473442       4.22348566E-02  -5.26203141E-02
   21.9416656     -0.127401158       4.10806350E-02  -5.26781306E-02
   21.9394836     -0.127553463       4.07033004E-02  -5.20184748E-02
   21.9399662     -0.128715172       4.16543894E-02  -5.15013337E-02
   21.9317226     -0.129156277       4.29398827E-02  -5.11841550E-02
   21.9117317     -0.129884034       4.45889495E-02  -5.12348525E-02
   21.8629971     -0.130315349       4.58439626E-02  -5.18467687E-02
   21.7911339     -0.128562331       4.67574559E-02  -5.25300764E-02
   21.6933537     -0.127022997       4.92609777E-02  -5.27773947E-02
   21.5992661     -0.125901982       5.15106507E-02  -5.27371205E-02
   21.5091190     -0.125557914       5.33738434E-02  -5.24400473E-02
   21.3813286     -0.126878276       5.47691919E-02  -5.25575913E-02
   21.2699337     -0.127688333       5.70618622E-02  -5.21610714E-02
   21.1666927     -0.128862277       5.84873408E-02  -5.15995435E-02
   21.0655823     -0.131036490       5.89885637E-02  -5.14931530E-02
   20.9653530     -0.132580340       5.93118481E-02  -5.20192087E-02
   20.8736362     -0.134064630       5.87232523E-02  -5.22386655E-02
   20.8007755     -0.135651112       5.75766116E-02  -5.26614301E-02
   20.7449226     -0.135864139       5.65320402E-02  -5.24589345E-02
   20.7211227     -0.136997685       5.48021458E-02  -5.14854491E-02
   20.6848164     -0.137776256       5.39265946E-02  -5.05500920E-02
   20.6654110     -0.138442248       5.29025309E-02  -4.95634228E-02
   20.6351643     -0.138531283       5.22441566E-02  -4.86827567E-02
   20.6302223     -0.139021322       5.21704741E-02  -4.71420996E-02
   20.6673603     -0.137696013       5.20263836E-02  -4.56883572E-02
   20.7476425     -0.137799829       5.19345775E-02  -4.42449786E-02
   20.8295040     -0.137941107       5.19718453E-02  -4.28069234E-02
   20.9129963     -0.138895035       5.09937145E-02  -4.14636433E-02
   20.9933987     -0.139898717       4.98269647E-02  -4.05272469E-02
   21.0741482     -0.143967927       4.91914414E-02  -3.99625339E-02
   21.1486187     -0.147155270       4.92256507E-02  -3.96168642E-02
   21.2142467     -0.148925081       4.93979901E-02  -3.90200317E-02
   21.2916737     -0.150807753       4.97329645E-02  -3.85694727E-02
   21.3618126     -0.151641414       4.94833663E-02  -3.85589674E-02
   21.4128189     -0.151632443       4.94919680E-02  -3.82255837E-02
   21.4653778     -0.150428653       4.96874936E-02  -3.80161665E-02
   21.5318909     -0.149404436       5.01316600E-02  -3.81736867E-02
   21.6049366     -0.148552984       4.99713719E-02  -3.85641009E-02
   21.6671047     -0.146638915       5.03734723E-02  -3.87848988E-02
   21.7265568     -0.144550204       5.13281040E-02  -3.84376757E-02
   21.8155136     -0.141768515       5.28627783E-02  -3.82547341E-02
   21.9179630     -0.139827296       5.33704571E-02  -3.78294624E-02
   22.0204220     -0.139483914       5.33302315E-02  -3.71568277E-02
   22.1317902     -0.137503609       5.30060008E-02  -3.65954340E-02
   22.2300892     -0.134590015       5.26895449E-02  -3.60412337E-02
   22.3454018     -0.133078247       5.20964973E-02  -3.57591361E-02
   22.4615326     -0.132940307       5.20087294E-02  -3.56459469E-02
   22.5940647     -0.132258296       5.12223132E-02  -3.55421826E-02
   22.7569504     -0.131640434       5.04716858E-02  -3.61296237E-02
   22.9320393     -0.128089979       4.87469509E-02  -3.65813971E-02
   23.1163139     -0.123950079       4.69902456E-02  -3.70850451E-02
   23.2921982     -0.120902941       4.57841195E-02  -3.71633098E-02
   23.4477558     -0.117739029       4.49974537E-02  -3.71109359E-02
   23.6046371     -0.114375986       4.44458723E-02  -3.71639915E-02
   23.7277012     -0.111721225       4.31521945E-02  -3.71666923E-02
   23.8912125     -0.111179762       4.20709327E-02  -3.64845619E-02
   24.0670338     -0.110842362       4.10959460E-02  -3.60010304E-02
   24.2562370     -0.111148037       3.94524932E-02  -3.57363634E-02
   24.4644432     -0.113194458       3.75720263E-02  -3.53083014E-02
   24.6680393     -0.117552161       3.57838832E-02  -3.49063165E-02
   24.8632355     -0.119364671       3.39800082E-02  -3.50647904E-02
   25.0724926     -0.120968811       3.26630995E-02  -3.55768986E-02
   25.2525005     -0.120435275       3.16130482E-02  -3.65126766E-02
   25.4390945     -0.120184593       2.96486206E-02  -3.71372104E-02
   25.6079121     -0.117541216       2.75164638E-02  -3.75872403E-02
   25.7559738     -0.115750529       2.54858173E-02  -3.74674387E-02
   25.9096336     -0.112893388       2.33733691E-02  -3.74046080E-02
   26.0655079     -0.108434424       2.03146189E-02  -3.75546627E-02
   26.2278500     -0.105229534       1.75135080E-02  -3.75628322E-02
   26.4029503     -0.100500271       1.35759041E-02  -3.74743976E-02
   26.5683994      -9.57107395E-02   9.64682736E-03  -3.75180990E-02
   26.7529030      -8.98666754E-02   6.28449721E-03  -3.76870483E-02
   26.9194717      -8.46921578E-02   2.35141837E-03  -3.77164930E-02
   27.0935802      -8.06335658E-02  -8.76252772E-04  -3.75938937E-02
   27.2581348      -7.65743777E-02  -3.60414106E-03  -3.72860059E-02
   27.4211807      -7.25277439E-02  -6.64136373E-03  -3.71544957E-02
   27.5772953      -6.90028369E-02  -9.34314728E-03  -3.72383669E-02
   27.7286243      -6.63001165E-02  -1.16206082E-02  -3.66450399E-02
   27.9051743      -6.40184581E-02  -1.43053019E-02  -3.66141386E-02
   28.0988903      -6.11144640E-02  -1.77990384E-02  -3.69830467E-02
   28.2844505      -5.82364090E-02  -2.07858421E-02  -3.68931368E-02
   28.4575176      -5.48688844E-02  -2.35100184E-02  -3.71620804E-02
   28.6347599      -5.01425751E-02  -2.58085784E-02  -3.75828519E-02
   28.8213406      -4.61960919E-02  -2.77161133E-02  -3.77285890E-02
   29.0029831      -4.29161340E-02  -2.98017971E-02  -3.76507789E-02
   29.1711349      -4.05948684E-02  -3.10133751E-02  -3.73512022E-02
   29.3633499      -3.88714522E-02  -3.20379250E-02  -3.73115130E-02
   29.5527115      -3.80377807E-02  -3.28651741E-02  -3.73161472E-02
   29.7373657      -3.56334485E-02  -3.34380902E-02  -3.75492163E-02
   29.9066601      -3.41050848E-02  -3.34306695E-02  -3.76092494E-02
   30.0809135      -3.32452320E-02  -3.33420858E-02  -3.79222296E-02
   30.2669888      -3.09517533E-02  -3.26784104E-02  -3.87105457E-02
   30.4391365      -2.83357855E-02  -3.19908187E-02  -3.96790244E-02
   30.6224232      -2.68003512E-02  -3.00938152E-02  -4.09111157E-02
   30.8196087      -2.64629927E-02  -2.75398791E-02  -4.24890704E-02
   31.0160713      -2.66465768E-02  -2.49486789E-02  -4.35698442E-02
   31.2613297      -2.72032060E-02  -2.27404870E-02  -4.46751751E-02
   31.5117741      -2.85487100E-02  -1.95916314E-02  -4.52354737E-02
   31.8151016      -2.92625427E-02  -1.64030772E-02  -4.49780114E-02
   32.0989151      -2.93171853E-02  -1.35516059E-02  -4.46253493E-02
   32.3978157      -2.88959853E-02  -1.05410609E-02  -4.42482866E-02
   32.6654167      -2.83020325E-02  -8.10612086E-03  -4.34343480E-02
   32.9259987      -2.60937065E-02  -4.80014738E-03  -4.28311005E-02
   33.2023277      -2.49749292E-02  -1.09927135E-03  -4.22643609E-02
   33.4630508      -2.52335276E-02   2.32517160E-03  -4.14859802E-02
   33.6932983      -2.48088408E-02   5.06831612E-03  -4.09343727E-02
   33.8973198      -2.57848985E-02   7.41584040E-03  -4.03923541E-02
   34.0926781      -2.51361057E-02   1.06142368E-02  -3.96132842E-02
   34.2924042      -2.44229510E-02   1.29508218E-02  -3.88273746E-02
   34.5090866      -2.26861574E-02   1.53541472E-02  -3.76404077E-02
   34.7044983      -2.19251961E-02   1.73107069E-02  -3.63458060E-02
   34.9233704      -2.06230860E-02   1.82615910E-02  -3.45736779E-02
   35.1099358      -1.97211690E-02   1.91002879E-02  -3.31494734E-02
   35.2890472      -1.89203210E-02   1.96966417E-02  -3.22428420E-02
   35.4765434      -1.83308925E-02   2.03272644E-02  -3.14655267E-02
   35.6587753      -1.69388223E-02   2.12171264E-02  -3.08233164E-02
   35.8460655      -1.58458054E-02   2.18108222E-02  -2.96175759E-02
   36.0228233      -1.67062096E-02   2.23912913E-02  -2.82737538E-02
   36.2155457      -1.81368403E-02   2.23739743E-02  -2.68186610E-02
   36.4363785      -2.00903844E-02   2.27203667E-02  -2.59029269E-02
   36.6349144      -2.15571411E-02   2.25492381E-02  -2.50793323E-02
   36.8282089      -2.35395636E-02   2.19860952E-02  -2.41244603E-02
   37.0194321      -2.58316305E-02   2.13984624E-02  -2.32997071E-02
   37.2021065      -2.94641517E-02   2.03815177E-02  -2.29823366E-02
   37.3851967      -3.44879813E-02   1.94744077E-02  -2.33915485E-02
   37.5860291      -3.97111624E-02   1.88376084E-02  -2.36611664E-02
   37.7546158      -4.33838479E-02   1.88999623E-02  -2.43186094E-02
   37.9109001      -4.69484590E-02   1.94222871E-02  -2.48770192E-02
   38.0609665      -5.10137826E-02   1.97725706E-02  -2.58659441E-02
   38.1975822      -5.47847636E-02   1.96638741E-02  -2.66358741E-02
   38.3153687      -5.74791580E-02   1.91669203E-02  -2.73530502E-02
   38.4512558      -6.05812296E-02   1.87939927E-02  -2.83051711E-02
   38.5991974      -6.43137172E-02   1.76063627E-02  -2.89100781E-02
   38.7646904      -6.79187328E-02   1.66690238E-02  -2.96196733E-02
   38.9312897      -7.17370063E-02   1.56837367E-02  -3.01015042E-02
   39.1076813      -7.56061003E-02   1.45288073E-02  -3.04565858E-02
   39.2985611      -7.86207318E-02   1.37954149E-02  -3.09956092E-02
   39.4762383      -7.96760991E-02   1.35316858E-02  -3.12706158E-02
   39.6552544      -8.01663846E-02   1.30974036E-02  -3.15148532E-02
   39.8042412      -8.25614631E-02   1.20455902E-02  -3.12711708E-02
   39.9311867      -8.50847363E-02   1.11330058E-02  -3.12486254E-02
   40.0372963      -8.61718729E-02   9.92809422E-03  -3.14700566E-02
   40.1572037      -8.80301818E-02   8.26863386E-03  -3.15059982E-02
   40.2723351      -9.08859819E-02   6.88157696E-03  -3.14051062E-02
   40.3815804      -9.55274180E-02   5.33666648E-03  -3.14432643E-02
   40.4851723     -0.100288063       4.46292711E-03  -3.10678910E-02
   40.6033211     -0.104132824       3.85982776E-03  -3.06870807E-02
   40.7203560     -0.107887380       3.79759958E-03  -3.03517058E-02
   40.8264732     -0.111967765       4.41346550E-03  -3.04396451E-02
   40.9238586     -0.116207331       5.14430646E-03  -3.03738844E-02
   41.0071831     -0.119490162       5.55880740E-03  -3.02252322E-02
   41.0840912     -0.122497872       7.24046957E-03  -3.01391315E-02
   41.1831703     -0.125396490       8.23004730E-03  -3.00404057E-02
   41.2821350     -0.128694385       9.44639556E-03  -2.96623819E-02
   41.3649521     -0.132673189       1.09261516E-02  -2.92317029E-02
   41.4409943     -0.136651292       1.26378685E-02  -2.84635536E-02
   41.5499573     -0.140017167       1.45613942E-02  -2.73992065E-02
   41.6673126     -0.143607885       1.63864903E-02  -2.60242932E-02
   41.7745667     -0.148335814       1.75920445E-02  -2.49467976E-02
   41.8995667     -0.152297840       1.80219002E-02  -2.34881248E-02
   42.0208969     -0.155760065       1.81674287E-02  -2.19150726E-02
   42.1394043     -0.159464821       1.85773112E-02  -2.08609179E-02
   42.2915306     -0.162162840       1.87323429E-02  -2.01832578E-02
   42.4210205     -0.164910927       1.80782024E-02  -1.96780134E-02
   42.5291710     -0.168459460       1.76198930E-02  -1.94631331E-02
   42.6380386     -0.171409845       1.71500258E-02  -1.91204790E-02
   42.7508659     -0.174551517       1.56970248E-02  -1.84954200E-02
   42.8453445     -0.175774738       1.51746087E-02  -1.74779706E-02
   42.9513474     -0.177460387       1.44663919E-02  -1.68437529E-02
   43.0738220     -0.178343549       1.44807370E-02  -1.61792748E-02
   43.2342300     -0.178723127       1.47311976E-02  -1.57993361E-02
   43.4102058     -0.178305268       1.49587654E-02  -1.53104458E-02
   43.5986481     -0.178143904       1.50297694E-02  -1.48221813E-02
   43.7839317     -0.177663520       1.48900906E-02  -1.47811910E-02
   43.9684906     -0.177056685       1.41900219E-02  -1.46633554E-02
   44.1465149     -0.177608326       1.35774929E-02  -1.49782402E-02
   44.3410797     -0.178897575       1.30121512E-02  -1.53469667E-02
   44.5324173     -0.179034397       1.26022622E-02  -1.55922286E-02
   44.7359161     -0.178940400       1.24256145E-02  -1.56979673E-02
   44.9422226     -0.179677919       1.24375038E-02  -1.58133060E-02
   45.1476517     -0.181915462       1.19316997E-02  -1.58726647E-02
   45.3521690     -0.183310628       1.16217406E-02  -1.57783963E-02
   45.5368080     -0.184368908       1.18589196E-02  -1.55077865E-02
   45.7111893     -0.185402334       1.26753217E-02  -1.54206529E-02
   45.8660698     -0.185995102       1.38704441E-02  -1.54387280E-02
   46.0189743     -0.187575683       1.51714059E-02  -1.52966091E-02
   46.1664658     -0.189682588       1.67641658E-02  -1.51522914E-02
   46.3130112     -0.191803366       1.74258798E-02  -1.53147355E-02
   46.4504890     -0.192357972       1.83382463E-02  -1.55978119E-02
   46.5780792     -0.192458212       1.83927845E-02  -1.58072617E-02
   46.6684494     -0.191464469       1.85394902E-02  -1.58538502E-02
   46.7757835     -0.190467834       1.88774709E-02  -1.56941116E-02
   46.9139214     -0.192461222       1.88837927E-02  -1.57169607E-02
   47.0501442     -0.194009423       1.86260249E-02  -1.60414465E-02
   47.2140961     -0.193741709       1.84950903E-02  -1.59833599E-02
   47.3762321     -0.193745002       1.90150011E-02  -1.61591638E-02
   47.5414848     -0.191807657       1.95962060E-02  -1.64401717E-02
   47.6835175     -0.191510543       1.98453367E-02  -1.72781497E-02
   47.8163376     -0.192325547       2.06422023E-02  -1.75118316E-02
   47.9867783     -0.193191633       2.13170741E-02  -1.79191157E-02
   48.1538811     -0.194202855       2.19788589E-02  -1.83097497E-02
   48.3173256     -0.195761263       2.23143734E-02  -1.83060002E-02
   48.4868469     -0.196574450       2.22477578E-02  -1.82434414E-02
   48.6496162     -0.199299842       2.20513884E-02  -1.83363631E-02
   48.8103294     -0.200464517       2.22090855E-02  -1.85406301E-02
   48.9948540     -0.201954901       2.23496892E-02  -1.87672097E-02
   49.2004471     -0.202456161       2.27263793E-02  -1.88981183E-02
   49.4121132     -0.203765780       2.33324561E-02  -1.93678383E-02
   49.6046486     -0.204744905       2.47233715E-02  -1.97612215E-02
   49.7848778     -0.206083447       2.61699967E-02  -2.00387090E-02
   49.9873581     -0.207551286       2.73723006E-02  -2.02888045E-02
   50.1655998     -0.208916068       2.88719069E-02  -2.06471719E-02
   50.3231964     -0.208372995       3.02154198E-02  -2.09806059E-02
   50.4855156     -0.208140090       3.10683474E-02  -2.12971177E-02
   50.6810455     -0.208442643       3.17971893E-02  -2.13106330E-02
   50.8619308     -0.208222881       3.26588936E-02  -2.11865902E-02
   51.0494385     -0.208070830       3.32220756E-02  -2.09963638E-02
   51.2405281     -0.207752332       3.43180187E-02  -2.11806558E-02
   51.4481812     -0.208168760       3.50577794E-02  -2.13229116E-02
   51.6837959     -0.210154921       3.54109034E-02  -2.12215539E-02
   51.9138527     -0.212234721       3.63975801E-02  -2.10395958E-02
   52.1517105     -0.213886410       3.77068743E-02  -2.11586021E-02
   52.3707047     -0.217075899       3.89359221E-02  -2.09228713E-02
   52.6104774     -0.219719797       3.98722738E-02  -2.04384439E-02
   52.8540688     -0.222061589       3.96281704E-02  -1.99664272E-02
   53.0919456     -0.224661604       3.90833728E-02  -1.97060965E-02
   53.3245392     -0.227111265       3.78828011E-02  -1.95201524E-02
   53.5809021     -0.229102492       3.69575359E-02  -1.94450207E-02
   53.8612862     -0.231975108       3.54725532E-02  -1.96466912E-02
   54.1395874     -0.235956699       3.35883386E-02  -1.99324563E-02
   54.4192696     -0.239591315       3.23414840E-02  -2.02367324E-02
   54.7136955     -0.244002700       3.03830486E-02  -2.07153950E-02
   54.9969788     -0.248642504       2.84611098E-02  -2.06423588E-02
   55.3080254     -0.253986508       2.67068297E-02  -2.10380536E-02
   55.6203156     -0.259234250       2.55515128E-02  -2.12850664E-02
   55.9262199     -0.264399767       2.46055443E-02  -2.14280281E-02
   56.2201195     -0.268767983       2.43112054E-02  -2.12944448E-02
   56.4999008     -0.273986876       2.42149159E-02  -2.16724016E-02
   56.7852020     -0.279754639       2.39678286E-02  -2.24248730E-02
   57.0720024     -0.285803586       2.38651782E-02  -2.29683630E-02
   57.3801193     -0.292610824       2.39431281E-02  -2.40791366E-02
   57.7035332     -0.299558252       2.41087098E-02  -2.56502908E-02
   58.0248337     -0.306408793       2.45769843E-02  -2.70504653E-02
   58.3367310     -0.311972678       2.49004699E-02  -2.81176530E-02
   58.6790657     -0.317097574       2.50728596E-02  -2.94502024E-02
   59.0314445     -0.322125763       2.53469925E-02  -3.05093210E-02
   59.3928413     -0.327134788       2.59820893E-02  -3.14641148E-02
   59.7640305     -0.330905765       2.63348315E-02  -3.21526341E-02
   60.1443863     -0.333731532       2.68530343E-02  -3.27010788E-02
   60.5119057     -0.336047888       2.64484156E-02  -3.30568328E-02
   60.8432121     -0.339053124       2.59964112E-02  -3.35161872E-02
   61.1956253     -0.341818273       2.48553529E-02  -3.41295935E-02
   61.5314941     -0.343256742       2.31749006E-02  -3.46294902E-02
   61.8753204     -0.344425648       2.17857491E-02  -3.49024683E-02
   62.2459526     -0.344628811       1.97415240E-02  -3.53220962E-02
   62.5842476     -0.344041049       1.81542598E-02  -3.57201658E-02
   62.9272308     -0.342514783       1.66526884E-02  -3.60528715E-02
   63.2504082     -0.341381967       1.51595464E-02  -3.64613459E-02
   63.5878983     -0.339845479       1.39823789E-02  -3.65441553E-02
   63.9010544     -0.339185596       1.23550445E-02  -3.69950347E-02
   64.2377319     -0.337757140       1.07647153E-02  -3.71081866E-02
   64.5799255     -0.336910844       9.68364719E-03  -3.75011675E-02
   64.9133377     -0.337786347       8.85317475E-03  -3.81041057E-02
   65.2226028     -0.338987797       7.79463816E-03  -3.85901481E-02
   65.5347900     -0.339640081       6.65056193E-03  -3.88383754E-02
   65.8376923     -0.339895070       6.03908906E-03  -3.92053351E-02
   66.1257553     -0.341685086       5.41975908E-03  -3.97024341E-02
   66.4278336     -0.343293488       3.99468420E-03  -3.95815037E-02
   66.6949463     -0.344899863       2.75435881E-03  -3.92568968E-02
   66.9504089     -0.348220378       2.53594364E-03  -3.90607677E-02
   67.2040634     -0.351218641       1.82740949E-03  -3.86608578E-02
   67.4558258     -0.354732990       1.74743123E-03  -3.82855609E-02
   67.7015915     -0.358798236       1.43530127E-03  -3.81177664E-02
   67.9572754     -0.363088131       1.34442269E-03  -3.75533774E-02
   68.2128525     -0.368127167       1.54047087E-03  -3.70374769E-02
   68.4619293     -0.372108310       1.86654599E-03  -3.66923772E-02
   68.7362976     -0.377562970       2.52773101E-03  -3.67895886E-02
   69.0145264     -0.383332819       3.16805136E-03  -3.67875583E-02
   69.2757492     -0.389232785       3.66776949E-03  -3.66644710E-02
   69.5376663     -0.394092321       4.59681824E-03  -3.59963328E-02
   69.7890930     -0.398315370       5.38958889E-03  -3.50634344E-02
   70.0369797     -0.402993351       6.15548575E-03  -3.41267698E-02
   70.3014221     -0.406712919       6.49427949E-03  -3.35745290E-02
   70.5694962     -0.409320086       6.41036034E-03  -3.33198979E-02
   70.8433075     -0.413092911       5.55614475E-03  -3.31488252E-02
   71.1322174     -0.416599840       4.47141984E-03  -3.29103172E-02
   71.4038010     -0.420124799       3.04222084E-03  -3.26648280E-02
   71.6798248     -0.422771573       1.46636111E-03  -3.22240964E-02
   71.9688339     -0.425582856      -3.98153730E-04  -3.18219922E-02
   72.2498398     -0.428314090      -2.20322818E-03  -3.13862525E-02
   72.5234833     -0.429464668      -4.07027779E-03  -3.07026207E-02
   72.7785721     -0.429945499      -5.59034478E-03  -2.98610032E-02
   73.0294724     -0.429011285      -7.38256844E-03  -2.92157717E-02
   73.2702332     -0.427206635      -9.43974592E-03  -2.85129156E-02
   73.5015945     -0.426338673      -1.05657997E-02  -2.78919116E-02
   73.7346268     -0.428260684      -1.19679412E-02  -2.70857606E-02
   73.9655304     -0.429757774      -1.34281591E-02  -2.66591180E-02
   74.1950531     -0.429777026      -1.43465456E-02  -2.59169359E-02
   74.4122543     -0.428980678      -1.54657988E-02  -2.51532439E-02
   74.6657562     -0.428621352      -1.61809754E-02  -2.42184307E-02
   74.9341049     -0.429029375      -1.71622168E-02  -2.33471021E-02
   75.2176361     -0.430516034      -1.80707127E-02  -2.24303603E-02
   75.5279465     -0.432162106      -1.90337785E-02  -2.13298295E-02
   75.8330688     -0.433858663      -2.02114582E-02  -2.05890797E-02
   76.1945496     -0.435399801      -2.07865965E-02  -1.99158527E-02
   76.5642090     -0.436279774      -2.14148145E-02  -1.93893127E-02
   76.9334030     -0.439227343      -2.22926922E-02  -1.88786145E-02
   77.3448257     -0.444104970      -2.30030715E-02  -1.83084086E-02
   77.7664948     -0.448126018      -2.29567029E-02  -1.81383993E-02
   78.1876297     -0.451777548      -2.28390917E-02  -1.81212649E-02
   78.6185303     -0.454848647      -2.31445041E-02  -1.81700811E-02
   79.0320435     -0.456984252      -2.38279700E-02  -1.83590930E-02
   79.4577713     -0.459369779      -2.45904475E-02  -1.82993691E-02
   79.8877716     -0.461696327      -2.43907981E-02  -1.83164999E-02
   80.3062973     -0.463837922      -2.38960218E-02  -1.81897692E-02
   80.7045975     -0.467018932      -2.35633533E-02  -1.83368549E-02
   81.1101074     -0.470748246      -2.34478414E-02  -1.83234289E-02
   81.5078812     -0.474879444      -2.40266472E-02  -1.81990638E-02
   81.9281845     -0.480421633      -2.48895008E-02  -1.79484691E-02
   82.3625336     -0.486902982      -2.58395579E-02  -1.77299883E-02
   82.7925568     -0.492820203      -2.68559121E-02  -1.77158210E-02
   83.1753998     -0.499777228      -2.80896630E-02  -1.77286565E-02
   83.5760117     -0.506490052      -2.92084478E-02  -1.78391635E-02
   83.9480743     -0.513055563      -3.06208991E-02  -1.72322746E-02
   84.2938614     -0.518694043      -3.16691659E-02  -1.65408812E-02
   84.6225662     -0.523952127      -3.23264673E-02  -1.59116816E-02
   84.9730988     -0.527534664      -3.29508483E-02  -1.58461910E-02
   85.3377151     -0.531544328      -3.29650491E-02  -1.57301389E-02
   85.7147903     -0.535208225      -3.29576954E-02  -1.56984907E-02
   86.1231613     -0.538106680      -3.24914120E-02  -1.58386417E-02
   86.5103226     -0.540302753      -3.21462490E-02  -1.57808624E-02
   86.8881912     -0.541803479      -3.15859392E-02  -1.55055281E-02
   87.2635498     -0.543373525      -3.11452895E-02  -1.50927631E-02
   87.6151810     -0.546184897      -3.05508655E-02  -1.44731328E-02
   87.9373550     -0.549805224      -3.00491452E-02  -1.38573227E-02
   88.2581940     -0.553292274      -2.94510350E-02  -1.32540688E-02
   88.5511475     -0.556124449      -2.85778064E-02  -1.29499165E-02
   88.8338623     -0.558331251      -2.74471082E-02  -1.26824519E-02
   89.0983200     -0.560615718      -2.62966771E-02  -1.26145352E-02
   89.3986740     -0.561987817      -2.50902493E-02  -1.28406854E-02
   89.7201004     -0.563168526      -2.37468891E-02  -1.26014855E-02
   90.0301437     -0.563848436      -2.30519287E-02  -1.23090753E-02
   90.3198013     -0.564460576      -2.19553094E-02  -1.17385183E-02
   90.6360550     -0.563719213      -2.14392021E-02  -1.10320179E-02
   90.9761047     -0.562597394      -2.12087072E-02  -1.03003047E-02
   91.3077164     -0.562519491      -2.12058388E-02  -9.57740657E-03
   91.6317520     -0.561374426      -2.13093702E-02  -9.18588135E-03
   91.9374237     -0.561228335      -2.17166077E-02  -8.61448515E-03
   92.2289429     -0.561207712      -2.20743101E-02  -8.12359992E-03
   92.5302658     -0.561189413      -2.30841003E-02  -7.60804024E-03
   92.8254929     -0.561136723      -2.32283175E-02  -7.31950114E-03
   93.1565323     -0.560833335      -2.30573155E-02  -6.86926953E-03
   93.4779587     -0.561201394      -2.22225264E-02  -6.36857189E-03
   93.7910156     -0.560718298      -2.15086564E-02  -6.10222481E-03
   94.0978622     -0.559695303      -2.11755373E-02  -5.72389783E-03
   94.4256592     -0.557945848      -2.06582025E-02  -5.97533165E-03
   94.7498016     -0.557244956      -2.08811928E-02  -5.82992937E-03
   95.0753555     -0.557116926      -2.14431453E-02  -5.51177794E-03
   95.3749084     -0.555678725      -2.17171218E-02  -5.27395401E-03
   95.6561584     -0.554929972      -2.17055306E-02  -4.87346854E-03
   95.9095688     -0.554188311      -2.15277355E-02  -4.78835870E-03
   96.1639404     -0.553146660      -2.16525681E-02  -4.91829263E-03
   96.4047089     -0.552279294      -2.18417365E-02  -4.84557590E-03
   96.6374054     -0.549901009      -2.18144376E-02  -5.17799566E-03
   96.8367233     -0.546837389      -2.16467548E-02  -5.65443048E-03
   97.0401001     -0.544742644      -2.14616396E-02  -5.62817045E-03
   97.2707977     -0.542013347      -2.09094994E-02  -5.66705316E-03
   97.4985199     -0.539150357      -2.06344146E-02  -5.80946496E-03
   97.7447128     -0.535193920      -2.01960672E-02  -5.86189562E-03
   97.9845428     -0.530555844      -1.97400488E-02  -5.85972890E-03
   98.2398453     -0.525541663      -1.95639990E-02  -5.68460347E-03
   98.4392776     -0.522194564      -1.97609924E-02  -5.15032327E-03
   98.6759491     -0.519695282      -2.01912727E-02  -4.23759315E-03
   98.9061584     -0.516880214      -2.09186953E-02  -3.35993175E-03
   99.1110077     -0.514397800      -2.25466881E-02  -2.65476340E-03
   99.3116226     -0.512181938      -2.35000234E-02  -2.08204309E-03
   99.4985504     -0.510842621      -2.40804683E-02  -1.81026245E-03
   99.6838760     -0.510601699      -2.36511044E-02  -1.32330845E-03
   99.8487167     -0.510330498      -2.35191491E-02  -8.55292892E-04
   100.041580     -0.509655774      -2.35272050E-02  -3.27509420E-04
   100.218781     -0.508936107      -2.30474528E-02   4.23842343E-04
   100.399338     -0.507326007      -2.27778349E-02   1.06235011E-03
   100.594093     -0.505106866      -2.27782652E-02   1.38942269E-03
   100.793076     -0.503317177      -2.30362173E-02   1.59778725E-03
   100.992729     -0.501516998      -2.31750961E-02   1.77599792E-03
   101.180214     -0.498611003      -2.33975723E-02   2.05919589E-03
   101.345917     -0.496060908      -2.34083254E-02   1.97092351E-03
   101.500954     -0.494782686      -2.35877093E-02   1.90403871E-03
   101.644600     -0.493905246      -2.33946797E-02   2.28357129E-03
   101.792656     -0.491184592      -2.29169559E-02   2.53284257E-03
   101.935371     -0.488725245      -2.22312231E-02   2.42769090E-03
   102.095886     -0.486186713      -2.16695182E-02   2.22206465E-03
   102.280617     -0.482898831      -2.11695209E-02   2.13025045E-03
   102.492889     -0.480201274      -2.06730403E-02   2.07090587E-03
   102.691734     -0.477965146      -1.97788179E-02   2.48917774E-03
   102.907127     -0.476616472      -1.91533789E-02   2.92749470E-03
   103.107780     -0.474738091      -1.86008215E-02   3.07698408E-03
   103.283791     -0.472942412      -1.82917286E-02   3.21939914E-03
   103.462593     -0.470182806      -1.83886793E-02   3.36974557E-03
   103.588249     -0.467587233      -1.78474449E-02   3.28271626E-03
   103.724876     -0.464917898      -1.70974415E-02   3.10455752E-03
   103.834480     -0.463406980      -1.65240057E-02   2.91342638E-03
   103.935898     -0.463664681      -1.62011888E-02   2.82417331E-03
   104.033928     -0.463825703      -1.59424171E-02   2.85405666E-03
   104.134644     -0.466556937      -1.51719283E-02   3.12855863E-03
   104.265213     -0.468869060      -1.47011830E-02   3.42528429E-03
   104.364487     -0.471139252      -1.41384210E-02   3.79293133E-03
   104.440292     -0.472843468      -1.32128913E-02   4.40780725E-03
   104.514999     -0.474554867      -1.26998127E-02   4.96230088E-03
   104.581543     -0.476075590      -1.21324491E-02   5.34722721E-03
   104.628098     -0.477063656      -1.15411319E-02   5.97067736E-03
   104.693741     -0.478991032      -1.14952475E-02   6.22474169E-03
   104.763512     -0.479624182      -1.16312290E-02   6.58222148E-03
   104.839790     -0.480468512      -1.16121974E-02   6.98261429E-03
   104.897461     -0.481751204      -1.11388834E-02   7.22526247E-03
   104.933731     -0.482157826      -1.09820180E-02   7.40884990E-03
   104.926819     -0.481752425      -1.14643583E-02   7.45208887E-03
   104.911949     -0.481181890      -1.18964361E-02   7.41987722E-03
   104.937546     -0.481011987      -1.19721107E-02   7.42159551E-03
   104.989319     -0.481648952      -1.19335949E-02   7.58631295E-03
   105.067406     -0.482351661      -1.22270025E-02   7.65903108E-03
   105.147598     -0.483858228      -1.21313594E-02   7.94982351E-03
   105.255638     -0.486292422      -1.21365050E-02   7.99478218E-03
   105.360863     -0.489517719      -1.19833313E-02   7.70683680E-03
   105.481430     -0.491769284      -1.21554509E-02   7.64543470E-03
   105.611404     -0.494373202      -1.22752311E-02   7.58459652E-03
   105.722183     -0.497630775      -1.25112757E-02   7.54826330E-03
   105.842506     -0.501454592      -1.28096091E-02   7.66648073E-03
   105.942741     -0.504302382      -1.38466824E-02   7.71123637E-03
   106.020760     -0.507875025      -1.48290647E-02   7.70247495E-03
   106.083397     -0.511856437      -1.59419868E-02   7.47957733E-03
   106.126396     -0.515683413      -1.73149612E-02   7.13177770E-03
   106.193115     -0.518762290      -1.88512802E-02   6.88409014E-03
   106.267395     -0.523574233      -2.03903969E-02   6.76732510E-03
   106.347580     -0.528411865      -2.11162940E-02   6.65426999E-03
   106.410393     -0.533867598      -2.16052085E-02   6.61635166E-03
   106.468544     -0.538756549      -2.18878742E-02   6.80535613E-03
   106.528954     -0.542462766      -2.24570446E-02   7.18268938E-03
