   0.00000000       0.00000000       0.00000000       0.00000000    
  0.500000000      0.475109994      0.450825006      0.425790012    
  0.999813318      0.937333345      0.870746732      0.809026659    
   1.50033998       1.38364756       1.26494503       1.15370500    
   2.00065589       1.81343007       1.63351393       1.46249604    
   2.50132012       2.22971344       1.97561669       1.74252832    
   3.00194883       2.63124418       2.29518151       1.99595308    
   3.50368500       3.01812100       2.59510612       2.22651625    
   4.00319958       3.39298129       2.87316203       2.43416429    
   4.50071239       3.75556302       3.13377595       2.62580299    
   4.99985790       4.10617256       3.37848735       2.80228209    
   5.49842358       4.44394970       3.61061144       2.96503925    
   5.99917889       4.77199411       3.82985282       3.11286545    
   6.50093365       5.09054899       4.03817511       3.24681258    
   7.00141335       5.39895439       4.23493099       3.37013793    
   7.50181580       5.70077562       4.42053461       3.48338747    
   8.00422287       5.99290323       4.59685850       3.58791780    
   8.50502491       6.27577305       4.76209497       3.68480682    
   9.00389194       6.54867554       4.91890192       3.77424669    
   9.50415039       6.81288195       5.06499386       3.85740209    
   10.0040693       7.06795216       5.20302820       3.93450236    
   10.5031815       7.31657028       5.33342886       4.00552368    
   11.0025063       7.55678368       5.45690727       4.07238913    
   11.5027161       7.78858423       5.57423353       4.13427639    
   12.0019674       8.01259613       5.68517590       4.19299316    
   12.5006895       8.22885799       5.79054832       4.24841547    
   12.9971590       8.43899536       5.89092159       4.30070782    
   13.4928932       8.64266968       5.98730707       4.34866762    
   13.9895706       8.84006119       6.07757664       4.39343548    
   14.4858732       9.03230858       6.16358280       4.43496037    
   14.9816933       9.21897411       6.24511671       4.47364855    
   15.4775276       9.40102005       6.32233667       4.51116991    
   15.9734688       9.57689285       6.39452600       4.54647684    
   16.4722443       9.74788380       6.46345043       4.57925653    
   16.9711475       9.91321850       6.52895451       4.61010122    
   17.4703922       10.0740662       6.59131145       4.63967276    
   17.9685383       10.2301397       6.65144014       4.66741800    
   18.4695072       10.3820963       6.70877647       4.69324207    
   18.9690876       10.5308151       6.76447296       4.71835852    
   19.4689903       10.6745996       6.81828213       4.74178028    
   19.9704323       10.8148727       6.86960745       4.76378822    
   20.4705677       10.9534311       6.91887093       4.78432798    
   20.9712639       11.0871878       6.96535110       4.80468464    
   21.4719181       11.2174959       7.00975275       4.82448483    
   21.9736385       11.3430309       7.05340767       4.84271955    
   22.4762402       11.4655418       7.09508181       4.86019993    
   22.9789429       11.5838346       7.13504076       4.87684393    
   23.4813919       11.7001772       7.17223072       4.89262390    
   23.9840603       11.8129730       7.20809555       4.90760612    
   24.4872246       11.9228773       7.24204731       4.92214108    
   24.9901447       12.0296135       7.27470446       4.93637753    
   25.4933510       12.1341772       7.30681658       4.95015144    
   25.9976540       12.2358313       7.33797693       4.96325254    
   26.5015488       12.3351851       7.36803055       4.97602463    
   27.0055809       12.4326859       7.39729071       4.98868418    
   27.5091267       12.5286646       7.42592096       5.00016165    
   28.0115490       12.6214886       7.45347309       5.01071215    
   28.5139370       12.7117605       7.47993040       5.02075100    
   29.0160732       12.8007717       7.50532722       5.03078556    
   29.5172749       12.8882847       7.52985907       5.04020071    
   30.0181618       12.9742546       7.55374479       5.04930735    
   30.5188160       13.0580034       7.57683372       5.05793476    
   31.0193481       13.1399393       7.59929180       5.06673479    
   31.5207310       13.2195711       7.62076426       5.07545185    
   32.0230026       13.2972746       7.64185429       5.08351707    
   32.5241585       13.3738060       7.66264772       5.09122229    
   33.0259590       13.4478359       7.68260241       5.09889030    
   33.5270844       13.5203562       7.70232773       5.10626507    
   34.0286522       13.5919466       7.72177315       5.11309958    
   34.5296631       13.6612797       7.74075413       5.11997366    
   35.0299797       13.7282114       7.75927210       5.12677193    
   35.5297203       13.7935801       7.77772427       5.13341236    
   36.0295181       13.8576765       7.79559326       5.13971853    
   36.5297012       13.9202585       7.81354237       5.14648390    
   37.0303421       13.9809694       7.83029032       5.15304041    
   37.5299835       14.0407820       7.84686852       5.15966940    
   38.0301247       14.0993900       7.86298704       5.16648340    
   38.5297775       14.1565418       7.87840033       5.17322540    
   39.0295296       14.2118568       7.89318800       5.17966175    
   39.5294914       14.2664709       7.90740585       5.18612051    
   40.0284920       14.3195715       7.92143393       5.19249392    
   40.5265465       14.3703156       7.93511200       5.19864702    
   41.0243073       14.4200602       7.94837046       5.20487165    
   41.5214195       14.4689264       7.96097565       5.21055317    
   42.0188980       14.5178013       7.97331285       5.21586847    
   42.5163155       14.5661554       7.98531246       5.22077465    
   43.0132675       14.6138048       7.99680996       5.22568321    
   43.5102959       14.6600056       8.00823689       5.23024130    
   44.0091858       14.7055912       8.01990414       5.23484468    
   44.5087509       14.7510090       8.03080654       5.23968124    
   45.0091362       14.7955036       8.04199886       5.24410152    
   45.5093536       14.8400898       8.05295849       5.24870586    
   46.0101318       14.8836470       8.06344700       5.25295544    
   46.5100594       14.9257336       8.07410049       5.25710773    
   47.0099297       14.9668779       8.08440590       5.26139069    
   47.5098610       15.0067177       8.09460735       5.26598740    
   48.0095978       15.0456963       8.10462952       5.27026176    
   48.5093689       15.0843334       8.11423588       5.27423620    
   49.0097084       15.1221342       8.12331676       5.27796745    
   49.5098648       15.1592093       8.13247299       5.28200150    
   50.0094872       15.1959581       8.14116192       5.28604364    
   50.5091820       15.2318373       8.14919662       5.28990269    
   51.0086594       15.2676163       8.15699863       5.29347372    
   51.5080986       15.3031225       8.16464806       5.29726219    
   52.0071144       15.3384609       8.17231655       5.30074930    
   52.5049019       15.3733978       8.18000698       5.30409336    
   53.0028381       15.4087143       8.18784714       5.30737734    
   53.5010071       15.4433155       8.19576073       5.31052160    
   53.9988556       15.4779720       8.20347881       5.31367922    
   54.4968987       15.5119009       8.21141720       5.31662130    
   54.9953804       15.5453501       8.21922016       5.31935883    
   55.4941788       15.5781946       8.22705078       5.32245970    
   55.9940987       15.6096869       8.23509026       5.32550907    
   56.4944496       15.6402664       8.24230862       5.32855511    
   56.9947472       15.6703501       8.24985027       5.33179474    
   57.4948044       15.6996222       8.25695896       5.33508205    
   57.9938927       15.7285872       8.26392651       5.33781767    
   58.4926224       15.7572594       8.27094746       5.34084415    
   58.9925728       15.7851019       8.27762222       5.34387350    
   59.4939232       15.8128176       8.28395462       5.34695339    
   59.9947090       15.8395462       8.29030704       5.34978008    
   60.4969635       15.8659124       8.29625416       5.35230350    
   60.9991989       15.8919992       8.30214500       5.35466480    
   61.5010643       15.9180813       8.30830765       5.35697746    
   62.0032349       15.9442348       8.31398678       5.35934067    
   62.5058746       15.9694185       8.31988144       5.36151791    
   63.0093689       15.9937840       8.32605648       5.36350250    
   63.5125923       16.0175571       8.33192921       5.36566877    
   64.0156631       16.0413094       8.33703232       5.36769390    
   64.5182114       16.0650005       8.34193897       5.36965847    
   65.0208893       16.0882626       8.34700394       5.37153578    
   65.5241623       16.1113148       8.35169697       5.37309074    
   66.0270004       16.1339302       8.35645962       5.37496710    
   66.5303802       16.1560688       8.36110020       5.37692308    
   67.0340500       16.1774998       8.36600208       5.37892103    
   67.5370102       16.1983471       8.37128258       5.38068628    
   68.0402145       16.2187538       8.37648869       5.38243294    
   68.5438385       16.2391319       8.38157558       5.38433695    
   69.0464325       16.2588482       8.38679123       5.38631964    
   69.5497131       16.2783661       8.39192581       5.38820505    
   70.0525894       16.2974129       8.39663124       5.39018250    
   70.5565720       16.3160820       8.40147114       5.39225912    
   71.0613251       16.3346844       8.40638065       5.39424992    
   71.5654144       16.3533630       8.41111279       5.39637423    
   72.0693970       16.3715553       8.41625690       5.39847231    
   72.5737000       16.3892136       8.42145920       5.40041018    
   73.0771637       16.4071522       8.42647171       5.40245819    
   73.5798645       16.4246044       8.43130112       5.40466690    
   74.0824203       16.4415684       8.43592548       5.40682793    
   74.5851822       16.4585552       8.44041920       5.40901089    
   75.0881882       16.4750271       8.44481754       5.41117239    
   75.5906067       16.4915447       8.44899464       5.41329670    
   76.0927582       16.5079689       8.45292568       5.41555119    
   76.5956802       16.5246315       8.45675087       5.41800070    
   77.0978012       16.5415936       8.46065235       5.42030334    
   77.6001358       16.5579109       8.46470356       5.42268133    
   78.1031113       16.5737572       8.46847916       5.42491341    
   78.6065826       16.5890675       8.47217655       5.42723608    
   79.1091614       16.6044140       8.47592640       5.42948055    
   79.6119461       16.6193542       8.47973251       5.43168783    
   80.1147995       16.6340218       8.48342037       5.43367815    
   80.6182861       16.6487083       8.48684597       5.43577099    
   81.1210403       16.6629944       8.49045753       5.43764925    
   81.6238556       16.6774082       8.49412060       5.43932581    
   82.1265106       16.6908436       8.49748802       5.44078922    
   82.6286621       16.7039967       8.50077915       5.44213772    
   83.1297913       16.7168446       8.50387764       5.44356823    
   83.6306305       16.7293243       8.50695992       5.44500494    
   84.1317673       16.7415485       8.50987720       5.44649649    
   84.6324081       16.7535858       8.51277065       5.44793177    
   85.1333847       16.7653847       8.51548386       5.44932032    
   85.6342468       16.7772846       8.51810074       5.45067406    
   86.1345215       16.7887344       8.52047348       5.45194721    
   86.6351929       16.7998314       8.52281857       5.45331335    
   87.1359177       16.8110046       8.52501488       5.45446348    
   87.6368332       16.8215141       8.52740383       5.45559788    
   88.1381683       16.8319511       8.53003788       5.45655870    
   88.6401596       16.8422985       8.53248215       5.45754862    
   89.1426544       16.8522511       8.53491497       5.45845652    
   89.6446762       16.8619022       8.53731155       5.45933342    
   90.1472168       16.8715096       8.53963089       5.46025133    
   90.6502075       16.8812675       8.54177666       5.46089077    
   91.1531601       16.8912468       8.54394245       5.46158934    
   91.6555252       16.9015484       8.54606152       5.46239614    
   92.1581726       16.9118996       8.54812527       5.46325159    
   92.6601868       16.9223442       8.55029488       5.46436596    
   93.1625900       16.9327412       8.55256462       5.46572161    
   93.6647873       16.9427376       8.55487728       5.46688080    
   94.1662827       16.9526424       8.55735683       5.46812487    
   94.6676788       16.9624939       8.55980587       5.46936274    
   95.1688538       16.9724007       8.56199741       5.47059011    
   95.6705856       16.9822083       8.56416607       5.47187185    
   96.1721268       16.9922352       8.56606102       5.47297955    
   96.6736221       17.0020027       8.56784725       5.47403765    
   97.1748047       17.0120735       8.56943035       5.47515440    
   97.6753616       17.0218754       8.57114887       5.47609615    
   98.1762009       17.0318470       8.57290745       5.47705793    
   98.6765823       17.0413704       8.57492447       5.47816372    
   99.1766586       17.0509090       8.57686043       5.47924900    
   99.6763458       17.0604954       8.57888699       5.48030472    
   100.175438       17.0698166       8.58100510       5.48116875    
   100.674751       17.0792503       8.58279037       5.48212004    
   101.173782       17.0883560       8.58446503       5.48309565    
   101.672760       17.0976734       8.58605671       5.48418617    
   102.171806       17.1070251       8.58779621       5.48535395    
   102.671623       17.1164646       8.58958340       5.48651552    
   103.171669       17.1254883       8.59154034       5.48747587    
   103.671944       17.1348763       8.59344387       5.48835087    
   104.172997       17.1440487       8.59526253       5.48898172    
   104.674133       17.1528549       8.59683895       5.48979855    
   105.176384       17.1616211       8.59854603       5.49077034    
   105.677483       17.1704235       8.60037231       5.49184179    
   106.178642       17.1793823       8.60227966       5.49286699    
   106.680359       17.1882725       8.60423565       5.49391079    
   107.182526       17.1973133       8.60623169       5.49495268    
   107.684288       17.2056770       8.60803223       5.49608469    
   108.185905       17.2139797       8.60972309       5.49707890    
   108.687538       17.2221794       8.61153984       5.49799538    
   109.188911       17.2301960       8.61358929       5.49901915    
   109.689919       17.2378445       8.61572933       5.49998188    
   110.191338       17.2452793       8.61769009       5.50103664    
   110.693321       17.2525558       8.61961174       5.50198793    
   111.194733       17.2595825       8.62154961       5.50292301    
   111.696213       17.2668018       8.62334919       5.50368547    
   112.197624       17.2739868       8.62515545       5.50445986    
   112.698822       17.2808228       8.62693501       5.50526619    
   113.200211       17.2876148       8.62867641       5.50603008    
   113.701080       17.2940216       8.63057804       5.50682116    
   114.202209       17.3003082       8.63245869       5.50756264    
   114.702988       17.3063622       8.63439846       5.50812292    
   115.203217       17.3124542       8.63615322       5.50859308    
   115.703316       17.3182011       8.63785839       5.50904179    
   116.203445       17.3240757       8.63953781       5.50948095    
   116.703232       17.3297100       8.64130592       5.51000071    
   117.202858       17.3354015       8.64307308       5.51055479    
   117.702240       17.3411827       8.64463329       5.51126003    
   118.201607       17.3470306       8.64621735       5.51193285    
   118.700493       17.3529358       8.64769173       5.51267624    
   119.199478       17.3591232       8.64933205       5.51352072    
   119.698051       17.3651657       8.65080357       5.51429081    
   120.196587       17.3712196       8.65198135       5.51510477    
   120.694321       17.3771324       8.65313053       5.51591349    
   121.192436       17.3833160       8.65428638       5.51654148    
   121.690392       17.3896275       8.65522385       5.51704836    
   122.188545       17.3961945       8.65629578       5.51773119    
   122.686707       17.4027519       8.65738773       5.51837015    
   123.184746       17.4090080       8.65849876       5.51905537    
   123.683517       17.4153957       8.65959358       5.51985025    
   124.182610       17.4216309       8.66074944       5.52052546    
   124.682228       17.4278564       8.66175842       5.52107000    
   125.181374       17.4339523       8.66279030       5.52159500    
   125.680107       17.4398746       8.66395760       5.52223015    
   126.177971       17.4459305       8.66507339       5.52294159    
   126.676125       17.4519787       8.66592026       5.52353907    
   127.173943       17.4579620       8.66691589       5.52402306    
   127.671837       17.4636860       8.66782951       5.52437401    
   128.169067       17.4695568       8.66880894       5.52464104    
   128.666031       17.4754791       8.66962147       5.52482605    
   129.162521       17.4813747       8.67053223       5.52502441    
   129.659088       17.4871922       8.67144966       5.52530909    
   130.155701       17.4929390       8.67206192       5.52561474    
   130.652710       17.4987793       8.67280769       5.52578449    
   131.149246       17.5043736       8.67360497       5.52595854    
   131.645462       17.5098076       8.67448044       5.52628136    
   132.141510       17.5151463       8.67565823       5.52658224    
   132.637772       17.5204277       8.67682457       5.52687073    
   133.134033       17.5254517       8.67777634       5.52716541    
   133.630371       17.5305824       8.67866135       5.52750492    
   134.126404       17.5359879       8.67962170       5.52785778    
   134.622116       17.5415039       8.68049145       5.52817869    
   135.117630       17.5469894       8.68146324       5.52856207    
   135.613144       17.5524349       8.68245125       5.52896881    
   136.108093       17.5578308       8.68339729       5.52941799    
   136.603134       17.5630074       8.68421459       5.52981615    
   137.097916       17.5681553       8.68504906       5.53018236    
   137.592468       17.5734100       8.68599510       5.53051901    
   138.087341       17.5784264       8.68667030       5.53097248    
   138.581726       17.5832691       8.68742466       5.53134441    
   139.076065       17.5878963       8.68829918       5.53168488    
   139.569794       17.5924797       8.68924046       5.53203440    
   140.063889       17.5970345       8.69003582       5.53239822    
   140.558838       17.6015682       8.69082355       5.53282499    
   141.053406       17.6060925       8.69162846       5.53308725    
   141.548401       17.6105576       8.69235325       5.53335619    
   142.043808       17.6149387       8.69307041       5.53366852    
   142.538834       17.6193142       8.69374847       5.53394556    
   143.033646       17.6238880       8.69432259       5.53430891    
   143.528534       17.6284523       8.69485092       5.53464127    
   144.023102       17.6329155       8.69550705       5.53502417    
   144.517670       17.6370831       8.69623470       5.53545094    
   145.012527       17.6410923       8.69684792       5.53578663    
   145.507416       17.6449261       8.69753838       5.53603601    
   146.002792       17.6489697       8.69830894       5.53630733    
   146.498093       17.6529465       8.69917011       5.53663445    
   146.993179       17.6568813       8.70004845       5.53697634    
   147.488922       17.6608257       8.70078659       5.53731394    
   147.985031       17.6646481       8.70150089       5.53759623    
   148.481537       17.6684399       8.70213890       5.53780365    
   148.978058       17.6723118       8.70283985       5.53802156    
   149.474762       17.6760979       8.70346260       5.53826618    
   149.971252       17.6796379       8.70416164       5.53838205    
   150.467834       17.6831093       8.70495319       5.53852749    
   150.964508       17.6866436       8.70575428       5.53867197    
   151.461212       17.6901588       8.70650291       5.53882980    
   151.957138       17.6936169       8.70731163       5.53900337    
   152.453522       17.6971188       8.70812607       5.53917789    
   152.950043       17.7004509       8.70893383       5.53927135    
   153.446274       17.7036915       8.70978165       5.53948975    
   153.942795       17.7068634       8.71060467       5.53971910    
   154.439606       17.7100105       8.71142864       5.53992510    
   154.936462       17.7131462       8.71218777       5.54014397    
   155.433884       17.7163315       8.71303368       5.54035139    
   155.931488       17.7198315       8.71379662       5.54055405    
   156.428757       17.7232475       8.71460056       5.54072380    
   156.926346       17.7267780       8.71537209       5.54097986    
   157.423553       17.7303123       8.71619606       5.54127789    
   157.920151       17.7337341       8.71726227       5.54168892    
   158.417252       17.7372704       8.71827316       5.54206038    
   158.914749       17.7407360       8.71929932       5.54238653    
   159.412277       17.7441940       8.72029686       5.54270220    
   159.909683       17.7476501       8.72141552       5.54303980    
   160.407074       17.7512493       8.72245216       5.54341936    
   160.904251       17.7549629       8.72326088       5.54381800    
   161.401093       17.7585602       8.72401714       5.54410028    
   161.897812       17.7624321       8.72476482       5.54446983    
   162.394592       17.7664413       8.72560692       5.54481077    
   162.891052       17.7702351       8.72627449       5.54518032    
   163.388077       17.7741566       8.72704792       5.54555893    
   163.885895       17.7780609       8.72798824       5.54594851    
   164.384125       17.7819576       8.72888660       5.54635620    
   164.882050       17.7859268       8.72975349       5.54676104    
   165.379105       17.7900124       8.73065662       5.54710817    
   165.876068       17.7938175       8.73167896       5.54747868    
   166.373184       17.7978172       8.73275661       5.54785013    
   166.870758       17.8018589       8.73377800       5.54816246    
   167.368195       17.8060169       8.73474789       5.54843235    
   167.865601       17.8101311       8.73578739       5.54868698    
   168.363434       17.8141270       8.73689651       5.54897928    
   168.861282       17.8180485       8.73785496       5.54926491    
   169.359192       17.8217335       8.73879910       5.54948187    
   169.856995       17.8252487       8.73973370       5.54968786    
   170.354309       17.8285847       8.74064732       5.54983997    
   170.851364       17.8318901       8.74148750       5.55016947    
   171.348618       17.8350945       8.74232769       5.55048609    
   171.846130       17.8380775       8.74315262       5.55073309    
   172.343048       17.8411102       8.74403000       5.55099964    
   172.840637       17.8442154       8.74499130       5.55123711    
   173.338257       17.8471355       8.74592590       5.55159521    
   173.836395       17.8500481       8.74679852       5.55202293    
   174.334366       17.8529415       8.74760914       5.55238581    
   174.832626       17.8558598       8.74822426       5.55282736    
   175.330933       17.8587761       8.74891090       5.55319977    
   175.828949       17.8615780       8.74960709       5.55350304    
   176.326828       17.8644676       8.75026989       5.55379391    
   176.825150       17.8673382       8.75094795       5.55415154    
   177.323792       17.8703442       8.75160313       5.55463743    
   177.821945       17.8732262       8.75226593       5.55504894    
   178.320618       17.8761826       8.75294113       5.55546570    
   178.819199       17.8789864       8.75361156       5.55581856    
   179.317627       17.8818188       8.75425911       5.55603647    
   179.816116       17.8845978       8.75497818       5.55622578    
   180.314621       17.8873253       8.75571632       5.55640364    
   180.813141       17.8899479       8.75645161       5.55658817    
   181.311417       17.8924809       8.75705051       5.55681801    
   181.809128       17.8948002       8.75770378       5.55711985    
   182.307373       17.8971786       8.75835800       5.55736113    
   182.805527       17.8995667       8.75904751       5.55753279    
   183.303543       17.9020481       8.75971127       5.55775499    
   183.801132       17.9045601       8.76033306       5.55804586    
   184.299194       17.9071198       8.76097775       5.55827618    
   184.797211       17.9096260       8.76151657       5.55846071    
   185.294876       17.9121857       8.76201820       5.55876207    
   185.792725       17.9148788       8.76255989       5.55905914    
   186.290619       17.9174461       8.76305103       5.55937481    
   186.788834       17.9200878       8.76353264       5.55963182    
   187.286407       17.9230003       8.76403141       5.55987644    
   187.784348       17.9258366       8.76456261       5.55999708    
   188.282318       17.9285164       8.76525116       5.56022692    
   188.780304       17.9311447       8.76595020       5.56038618    
   189.278107       17.9338856       8.76667881       5.56050396    
   189.776291       17.9365730       8.76748371       5.56067324    
   190.274628       17.9393463       8.76826000       5.56093693    
   190.773453       17.9419556       8.76904964       5.56121874    
   191.272583       17.9442749       8.76988888       5.56146097    
   191.771820       17.9466019       8.77072811       5.56162691    
   192.271286       17.9489613       8.77158451       5.56184053    
   192.770798       17.9515190       8.77253246       5.56203747    
   193.270493       17.9541817       8.77335453       5.56224537    
   193.770081       17.9569092       8.77408886       5.56246376    
   194.270264       17.9594421       8.77473259       5.56270027    
   194.770615       17.9619808       8.77536869       5.56299829    
   195.270493       17.9645329       8.77605438       5.56337976    
   195.770309       17.9671898       8.77677059       5.56366348    
   196.269928       17.9698200       8.77763367       5.56389141    
   196.769379       17.9722099       8.77835560       5.56415558    
   197.269333       17.9746189       8.77905655       5.56447124    
   197.769058       17.9772396       8.77980804       5.56473064    
   198.268402       17.9798889       8.78045464       5.56497526    
   198.768112       17.9824085       8.78106022       5.56520987    
   199.267609       17.9849796       8.78159809       5.56553984    
   199.767349       17.9876270       8.78215885       5.56580877    
   200.267426       17.9902248       8.78280830       5.56607580    
   200.767181       17.9927711       8.78351498       5.56630087    
   201.267090       17.9953918       8.78416920       5.56647921    
   201.766937       17.9978085       8.78479195       5.56662130    
   202.266663       18.0001869       8.78550529       5.56676483    
   202.766556       18.0024033       8.78614616       5.56696606    
   203.266937       18.0046234       8.78674984       5.56715727    
   203.767242       18.0068798       8.78730583       5.56731272    
   204.268173       18.0092373       8.78795433       5.56744099    
   204.768768       18.0116310       8.78846455       5.56759310    
   205.269867       18.0140343       8.78893280       5.56768322    
   205.770447       18.0163879       8.78945160       5.56775951    
   206.270905       18.0184689       8.78981972       5.56783581    
   206.771103       18.0206165       8.79006958       5.56788445    
   207.271149       18.0228958       8.79032040       5.56799746    
   207.771057       18.0250053       8.79067230       5.56811142    
   208.270569       18.0270367       8.79108715       5.56826735    
   208.769638       18.0290413       8.79148960       5.56844378    
   209.269135       18.0310860       8.79204082       5.56874180    
   209.768539       18.0331669       8.79261494       5.56913853    
   210.268097       18.0351753       8.79321384       5.56942797    
   210.767365       18.0371418       8.79387665       5.56974411    
   211.266510       18.0391731       8.79450417       5.57008123    
   211.765381       18.0412903       8.79517365       5.57041216    
   212.264313       18.0432758       8.79581356       5.57061529    
   212.763504       18.0452862       8.79646492       5.57073879    
   213.262268       18.0472145       8.79701424       5.57088470    
   213.761169       18.0491467       8.79746056       5.57109451    
   214.259781       18.0511742       8.79801559       5.57133532    
   214.758392       18.0532875       8.79841805       5.57149267    
   215.257065       18.0555592       8.79877758       5.57161713    
   215.755325       18.0578594       8.79922867       5.57173491    
   216.253769       18.0603046       8.79966450       5.57185888    
   216.752319       18.0628319       8.80005455       5.57195950    
   217.251007       18.0653667       8.80034447       5.57212162    
   217.749496       18.0680084       8.80059814       5.57231665    
   218.247635       18.0706291       8.80093670       5.57248831    
   218.745422       18.0733509       8.80139542       5.57264376    
   219.243332       18.0759811       8.80177402       5.57269192    
   219.741516       18.0786190       8.80214977       5.57270002    
   220.239334       18.0813656       8.80250359       5.57277441    
   220.736649       18.0840588       8.80294323       5.57292175    
   221.233749       18.0867271       8.80345440       5.57307529    
   221.730682       18.0894318       8.80393314       5.57328892    
   222.227356       18.0922413       8.80440044       5.57356310    
   222.724136       18.0952168       8.80485439       5.57380724    
   223.221191       18.0982609       8.80529404       5.57411051    
   223.718430       18.1013107       8.80572605       5.57433176    
   224.215591       18.1042156       8.80614376       5.57454395    
   224.712585       18.1067600       8.80653477       5.57476902    
   225.210022       18.1094208       8.80693531       5.57502747    
   225.707306       18.1119480       8.80732536       5.57536459    
   226.204498       18.1145420       8.80770874       5.57572174    
   226.701447       18.1173191       8.80808640       5.57601023    
   227.198273       18.1201038       8.80838871       5.57625532    
   227.695114       18.1227837       8.80862427       5.57644463    
   228.191650       18.1254044       8.80886936       5.57664537    
   228.688095       18.1279850       8.80913830       5.57682514    
   229.184555       18.1305771       8.80945778       5.57706022    
   229.680786       18.1332073       8.80979538       5.57720757    
   230.177032       18.1356983       8.80998230       5.57732344    
   230.673096       18.1380882       8.81016350       5.57753134    
   231.169861       18.1404629       8.81036472       5.57775450    
   231.666061       18.1426105       8.81056499       5.57801962    
   232.162064       18.1446552       8.81080246       5.57826376    
   232.658127       18.1466694       8.81100368       5.57848406    
   233.154510       18.1486874       8.81117058       5.57866430    
   233.650772       18.1505413       8.81142521       5.57882404    
   234.147217       18.1524448       8.81167889       5.57902145    
   234.644104       18.1541252       8.81186581       5.57929277    
   235.140564       18.1557655       8.81206417       5.57952833    
   235.637131       18.1572952       8.81231403       5.57972145    
   236.133224       18.1587315       8.81258488       5.57991505    
   236.629761       18.1600266       8.81290817       5.58003283    
   237.126801       18.1614990       8.81313705       5.58010769    
   237.623108       18.1628456       8.81342030       5.58016300    
   238.119263       18.1641102       8.81363678       5.58019114    
   238.615524       18.1653748       8.81385803       5.58024120    
   239.112122       18.1666870       8.81410313       5.58028173    
   239.608658       18.1680164       8.81440353       5.58043289    
   240.105301       18.1693096       8.81480026       5.58047676    
   240.601913       18.1706867       8.81507206       5.58048058    
   241.099030       18.1719933       8.81523609       5.58049870    
   241.596039       18.1733494       8.81551647       5.58050108    
   242.092804       18.1746941       8.81590652       5.58057594    
   242.589493       18.1760731       8.81625366       5.58067989    
   243.085876       18.1775856       8.81665039       5.58083010    
   243.582870       18.1790562       8.81706047       5.58099842    
   244.079559       18.1802673       8.81751060       5.58115292    
   244.576309       18.1816063       8.81794930       5.58127928    
   245.073074       18.1829586       8.81837845       5.58146811    
   245.569595       18.1843014       8.81881905       5.58169508    
   246.065887       18.1855946       8.81932735       5.58193302    
   246.562439       18.1869068       8.81980896       5.58215857    
   247.059250       18.1882286       8.82034969       5.58239031    
   247.556183       18.1895714       8.82085991       5.58253384    
   248.053040       18.1909332       8.82133579       5.58265734    
   248.549942       18.1922703       8.82166576       5.58278608    
   249.046494       18.1937027       8.82196140       5.58295727    
   249.542740       18.1951313       8.82220268       5.58307743    
   250.039368       18.1964760       8.82242680       5.58328867    
   250.535873       18.1976833       8.82259941       5.58343458    
   251.032623       18.1989365       8.82279968       5.58358049    
   251.528687       18.2002583       8.82297421       5.58365154    
   252.024811       18.2017040       8.82314014       5.58375835    
   252.520187       18.2032356       8.82334042       5.58392191    
   253.015610       18.2048016       8.82348347       5.58405018    
   253.510773       18.2065430       8.82366657       5.58422422    
   254.006409       18.2082005       8.82384109       5.58451080    
   254.501923       18.2097511       8.82397938       5.58475256    
   254.997925       18.2113247       8.82407188       5.58494902    
   255.494385       18.2129307       8.82422638       5.58513308    
   255.990921       18.2145100       8.82435894       5.58538771    
   256.487640       18.2161160       8.82451248       5.58562565    
   256.984589       18.2177906       8.82473755       5.58586550    
   257.481323       18.2195683       8.82489777       5.58611822    
   257.978149       18.2212200       8.82506943       5.58628511    
   258.475372       18.2228870       8.82520866       5.58643723    
   258.972565       18.2245197       8.82529736       5.58660221    
   259.469940       18.2262707       8.82535839       5.58673525    
   259.967255       18.2279682       8.82545853       5.58679914    
   260.464172       18.2294502       8.82554245       5.58683157    
   260.961792       18.2308807       8.82560635       5.58691788    
   261.459595       18.2321606       8.82583618       5.58709335    
   261.957153       18.2334366       8.82617569       5.58730125    
   262.454254       18.2346725       8.82645607       5.58760786    
   262.951477       18.2359867       8.82671928       5.58792830    
   263.448181       18.2373924       8.82696724       5.58822823    
   263.944855       18.2388535       8.82715607       5.58854866    
   264.441559       18.2402725       8.82737923       5.58886719    
   264.938599       18.2417164       8.82758331       5.58913326    
   265.435303       18.2431889       8.82781696       5.58943319    
   265.931854       18.2447796       8.82813072       5.58974934    
   266.428345       18.2464523       8.82850456       5.59003782    
   266.925079       18.2482395       8.82874393       5.59031153    
   267.422302       18.2500858       8.82903671       5.59054613    
   267.919037       18.2519722       8.82931900       5.59076357    
   268.415863       18.2538872       8.82964230       5.59090757    
   268.912445       18.2558537       8.82994270       5.59108877    
   269.409027       18.2578602       8.83034515       5.59121704    
   269.905273       18.2599316       8.83069324       5.59131813    
   270.401672       18.2619877       8.83102608       5.59142351    
   270.898102       18.2639198       8.83135414       5.59153128    
   271.394867       18.2658939       8.83173084       5.59160137    
   271.891632       18.2678356       8.83212566       5.59164524    
   272.388245       18.2697678       8.83250141       5.59167910    
   272.884949       18.2715359       8.83284950       5.59166527    
   273.381897       18.2732048       8.83316708       5.59165525    
   273.878876       18.2749653       8.83359146       5.59177113    
   274.375275       18.2767620       8.83406830       5.59193563    
   274.871429       18.2784710       8.83452129       5.59199524    
   275.367615       18.2802105       8.83493996       5.59206152    
   275.864166       18.2819958       8.83538723       5.59217405    
   276.360901       18.2837334       8.83580685       5.59228706    
   276.857513       18.2853909       8.83615017       5.59236383    
   277.354126       18.2871361       8.83653450       5.59247112    
   277.850800       18.2888737       8.83683777       5.59256268    
   278.347290       18.2905502       8.83708668       5.59268665    
   278.843597       18.2922840       8.83730316       5.59281111    
   279.339752       18.2938957       8.83753586       5.59291744    
   279.835999       18.2953873       8.83779621       5.59303474    
   280.332062       18.2968140       8.83803654       5.59319448    
   280.827881       18.2982616       8.83834839       5.59329939    
   281.323792       18.2997169       8.83861828       5.59341192    
   281.819702       18.3011322       8.83886337       5.59354448    
   282.315033       18.3025227       8.83913326       5.59369707    
   282.810272       18.3038349       8.83940315       5.59387255    
   283.305511       18.3052235       8.83962917       5.59413290    
   283.800537       18.3065853       8.83983612       5.59437609    
   284.295624       18.3080158       8.84010315       5.59460020    
   284.790649       18.3093891       8.84038734       5.59480572    
   285.285767       18.3108025       8.84060669       5.59501934    
   285.781097       18.3122215       8.84081459       5.59518766    
   286.277100       18.3134956       8.84103680       5.59533501    
   286.772797       18.3149567       8.84122658       5.59547281    
   287.269043       18.3164978       8.84141922       5.59562922    
   287.765503       18.3180523       8.84158611       5.59573460    
   288.261780       18.3195019       8.84177780       5.59582233    
   288.757812       18.3208466       8.84198952       5.59591770    
   289.253357       18.3221378       8.84223175       5.59590149    
   289.749176       18.3234978       8.84250546       5.59592342    
   290.244965       18.3247585       8.84279442       5.59599209    
   290.740967       18.3259792       8.84306526       5.59609604    
   291.237152       18.3273945       8.84337044       5.59618568    
   291.733582       18.3287487       8.84361935       5.59632587    
   292.230347       18.3300838       8.84380627       5.59645987    
   292.726990       18.3314610       8.84395123       5.59658146    
   293.223663       18.3328457       8.84409142       5.59670639    
   293.720398       18.3343086       8.84425926       5.59681034    
   294.217834       18.3357773       8.84447098       5.59692478    
   294.714905       18.3372517       8.84471321       5.59702492    
   295.212036       18.3385429       8.84490776       5.59715986    
   295.709503       18.3398228       8.84517193       5.59735012    
   296.206573       18.3409958       8.84545708       5.59754276    
   296.703857       18.3420734       8.84573174       5.59768915    
   297.201355       18.3431644       8.84600639       5.59785318    
   297.698730       18.3442459       8.84626675       5.59802246    
   298.195923       18.3452911       8.84643936       5.59819460    
   298.692841       18.3463726       8.84665108       5.59831476    
   299.189423       18.3474045       8.84688282       5.59846735    
   299.686157       18.3483677       8.84713650       5.59858942    
   300.183502       18.3494263       8.84737968       5.59873819    
   300.680878       18.3504810       8.84756851       5.59887314    
   301.177979       18.3516865       8.84771538       5.59898901    
   301.675446       18.3530254       8.84788322       5.59907818    
   302.173401       18.3542385       8.84815884       5.59919453    
   302.671692       18.3554287       8.84845066       5.59934568    
   303.170288       18.3565636       8.84875965       5.59950733    
   303.668671       18.3577461       8.84903240       5.59959698    
   304.166992       18.3589458       8.84921932       5.59973240    
   304.665314       18.3600235       8.84936428       5.59989405    
   305.163391       18.3610363       8.84957695       5.60011864    
   305.661133       18.3620377       8.84985542       5.60029984    
   306.158508       18.3630466       8.85014820       5.60047197    
   306.655823       18.3639393       8.85046768       5.60064268    
   307.153168       18.3648338       8.85078621       5.60074902    
   307.650574       18.3657856       8.85107422       5.60082293    
   308.147858       18.3667374       8.85137939       5.60088396    
   308.645844       18.3677292       8.85170364       5.60091019    
   309.144287       18.3687477       8.85198212       5.60095787    
   309.642975       18.3698120       8.85229111       5.60101414    
   310.141296       18.3708553       8.85264206       5.60108232    
   310.639465       18.3718510       8.85297680       5.60112286    
   311.137207       18.3727608       8.85332012       5.60120153    
   311.634552       18.3736591       8.85364628       5.60126543    
   312.131317       18.3746090       8.85392857       5.60133743    
   312.628082       18.3753700       8.85418129       5.60143042    
   313.125305       18.3761158       8.85435677       5.60156488    
   313.621826       18.3768578       8.85452366       5.60169601    
   314.118164       18.3774242       8.85468006       5.60183239    
   314.614594       18.3780651       8.85482502       5.60196209    
   315.111145       18.3787289       8.85498428       5.60211802    
   315.607819       18.3794060       8.85506725       5.60221481    
   316.104370       18.3801270       8.85521412       5.60233212    
   316.600922       18.3809414       8.85539722       5.60241795    
   317.097504       18.3818455       8.85557175       5.60251093    
   317.594055       18.3827801       8.85569000       5.60255051    
   318.090424       18.3836613       8.85582542       5.60264063    
   318.586823       18.3845539       8.85591984       5.60273790    
   319.083221       18.3854218       8.85603333       5.60286522    
   319.579742       18.3862667       8.85613918       5.60300255    
   320.075806       18.3871098       8.85626793       5.60312510    
   320.571533       18.3880558       8.85644150       5.60324907    
   321.067444       18.3889370       8.85655499       5.60339880    
   321.563812       18.3898201       8.85672951       5.60346031    
   322.060486       18.3907185       8.85695171       5.60357761    
   322.557312       18.3916512       8.85715485       5.60371399    
   323.053955       18.3925591       8.85734653       5.60385084    
   323.550598       18.3934383       8.85746765       5.60400581    
   324.047241       18.3942852       8.85762787       5.60411739    
   324.544281       18.3951073       8.85781288       5.60416222    
   325.041077       18.3959885       8.85800743       5.60421419    
   325.537994       18.3968391       8.85822296       5.60429192    
   326.034515       18.3976059       8.85839367       5.60440445    
   326.530762       18.3982506       8.85858440       5.60453701    
   327.026886       18.3987846       8.85870171       5.60469103    
   327.523102       18.3994656       8.85887241       5.60483265    
   328.019348       18.4001083       8.85899067       5.60497284    
   328.515839       18.4008770       8.85914898       5.60506773    
   329.012421       18.4016514       8.85933304       5.60517311    
   329.508392       18.4023285       8.85950375       5.60525942    
   330.004517       18.4030628       8.85972309       5.60534525    
   330.500488       18.4038391       8.85994434       5.60542679    
   330.996277       18.4044743       8.86010838       5.60551929    
   331.492035       18.4051647       8.86027241       5.60562754    
   331.987488       18.4058781       8.86045742       5.60569859    
   332.483154       18.4065685       8.86063576       5.60579062    
   332.978699       18.4072533       8.86079216       5.60591412    
   333.474823       18.4079380       8.86086082       5.60606956    
   333.970917       18.4086876       8.86092472       5.60621214    
   334.467133       18.4094810       8.86096096       5.60638285    
   334.963257       18.4103031       8.86100101       5.60655785    
   335.459137       18.4111729       8.86106396       5.60669565    
   335.955444       18.4119644       8.86111832       5.60680389    
   336.452484       18.4127102       8.86123943       5.60688066    
   336.949036       18.4133854       8.86141968       5.60694075    
   337.445435       18.4140587       8.86162758       5.60702181    
   337.941162       18.4147911       8.86185265       5.60706425    
   338.436981       18.4155159       8.86214638       5.60712242    
   338.932648       18.4161530       8.86246777       5.60714245    
   339.428223       18.4167404       8.86283779       5.60715866    
   339.924316       18.4173908       8.86322212       5.60719538    
   340.420013       18.4180489       8.86354351       5.60724068    
   340.915985       18.4187660       8.86383343       5.60735941    
   341.411743       18.4194832       8.86416340       5.60741425    
   341.907715       18.4202938       8.86450958       5.60749912    
   342.403137       18.4211578       8.86480045       5.60759401    
   342.898285       18.4219761       8.86511803       5.60763931    
   343.394012       18.4228096       8.86542511       5.60771370    
   343.889374       18.4236412       8.86571217       5.60785007    
   344.384735       18.4244194       8.86596107       5.60793829    
   344.880188       18.4251442       8.86616993       5.60803652    
   345.375732       18.4258862       8.86626339       5.60817385    
   345.871674       18.4267101       8.86626911       5.60833025    
   346.367432       18.4274902       8.86624813       5.60844707    
   346.863586       18.4282951       8.86629581       5.60855484    
   347.359161       18.4291210       8.86631203       5.60865164    
   347.855591       18.4298630       8.86639214       5.60876608    
   348.352081       18.4306793       8.86642551       5.60891151    
   348.848328       18.4314613       8.86651039       5.60906029    
   349.345154       18.4322224       8.86659527       5.60916042    
   349.842102       18.4329357       8.86670685       5.60926676    
   350.338776       18.4336395       8.86684799       5.60935450    
   350.835510       18.4343605       8.86698723       5.60944557    
   351.332550       18.4351330       8.86708927       5.60952997    
   351.829285       18.4358864       8.86723423       5.60963058    
   352.326294       18.4366188       8.86735344       5.60971355    
   352.823608       18.4372597       8.86747932       5.60978174    
   353.321106       18.4379578       8.86771774       5.60985470    
   353.818085       18.4384441       8.86790180       5.60999775    
   354.314972       18.4390278       8.86810303       5.61012554    
   354.811432       18.4396133       8.86832047       5.61022997    
   355.307983       18.4402351       8.86859131       5.61037874    
   355.804565       18.4408607       8.86880875       5.61055994    
   356.301819       18.4414635       8.86904335       5.61071348    
   356.798798       18.4420776       8.86928749       5.61084557    
   357.296082       18.4427433       8.86951733       5.61100626    
   357.793213       18.4433327       8.86970997       5.61114264    
   358.290283       18.4438782       8.86990547       5.61128855    
   358.786865       18.4444141       8.87010956       5.61146021    
   359.283325       18.4450188       8.87029362       5.61159801    
   359.779297       18.4456081       8.87047863       5.61172199    
   360.275513       18.4462471       8.87064743       5.61185122    
   360.771332       18.4468899       8.87086964       5.61196232    
   361.267303       18.4475574       8.87114239       5.61211205    
   361.763367       18.4482403       8.87140656       5.61229467    
   362.259247       18.4488621       8.87165833       5.61241817    
   362.754944       18.4495335       8.87188625       5.61253548    
   363.250854       18.4501972       8.87207317       5.61257172    
   363.746735       18.4507771       8.87229919       5.61258936    
   364.242645       18.4513912       8.87252808       5.61255741    
   364.738770       18.4520473       8.87271786       5.61252356    
   365.235016       18.4526463       8.87291241       5.61257839    
   365.731171       18.4531631       8.87314892       5.61262560    
   366.227753       18.4536934       8.87337017       5.61263180    
   366.723785       18.4541702       8.87350464       5.61273432    
   367.219940       18.4546356       8.87367630       5.61284256    
   367.715546       18.4550991       8.87380028       5.61295128    
   368.211243       18.4555779       8.87392235       5.61301517    
   368.706818       18.4560413       8.87402916       5.61311007    
   369.202209       18.4565067       8.87416267       5.61317825    
   369.697815       18.4569569       8.87434006       5.61322737    
   370.193726       18.4574146       8.87454605       5.61325455    
   370.689575       18.4579277       8.87480545       5.61324120    
   371.185547       18.4584579       8.87505245       5.61325979    
   371.681305       18.4589615       8.87527084       5.61327362    
   372.176971       18.4594479       8.87547398       5.61329317    
   372.672546       18.4599724       8.87562561       5.61328554    
   373.168091       18.4604015       8.87576294       5.61332703    
   373.663452       18.4607849       8.87584782       5.61340332    
   374.158691       18.4610729       8.87586498       5.61346340    
   374.654358       18.4613514       8.87598324       5.61350822    
   375.149597       18.4616642       8.87610626       5.61359167    
   375.645294       18.4619617       8.87625885       5.61367321    
   376.140930       18.4623089       8.87641335       5.61377382    
   376.636780       18.4627380       8.87653637       5.61385489    
   377.132599       18.4632454       8.87666512       5.61393595    
   377.628296       18.4637260       8.87681103       5.61401892    
   378.124237       18.4641228       8.87692833       5.61412287    
   378.619873       18.4645233       8.87707806       5.61425304    
   379.115479       18.4648838       8.87720108       5.61440468    
   379.610962       18.4652348       8.87737465       5.61451864    
   380.106171       18.4656239       8.87753773       5.61462593    
   380.601715       18.4660530       8.87773037       5.61467314    
   381.097534       18.4665070       8.87796021       5.61471367    
   381.593292       18.4670219       8.87822342       5.61477709    
   382.088928       18.4674511       8.87850380       5.61481285    
   382.584412       18.4679432       8.87875366       5.61482620    
   383.080353       18.4683857       8.87903404       5.61485386    
   383.575958       18.4687958       8.87928867       5.61487103    
   384.071503       18.4692574       8.87951374       5.61489105    
   384.567047       18.4697647       8.87972832       5.61491394    
   385.062469       18.4703999       8.87999344       5.61493015    
   385.557953       18.4711113       8.88028812       5.61491346    
   386.053864       18.4717941       8.88051605       5.61490774    
   386.549988       18.4725189       8.88072205       5.61494398    
   387.046112       18.4733353       8.88100147       5.61501074    
   387.542389       18.4740601       8.88132668       5.61508751    
   388.038330       18.4747524       8.88162899       5.61516047    
   388.534546       18.4755154       8.88191414       5.61518383    
   389.030609       18.4762897       8.88220787       5.61521435    
   389.526184       18.4770317       8.88253212       5.61523390    
   390.021973       18.4778519       8.88277912       5.61527443    
   390.518646       18.4786224       8.88297558       5.61528826    
   391.014923       18.4793644       8.88315010       5.61530352    
   391.511475       18.4801483       8.88327026       5.61534500    
   392.007843       18.4809570       8.88343906       5.61543036    
   392.504669       18.4816723       8.88359642       5.61549425    
   393.001495       18.4822865       8.88373089       5.61556435    
   393.498108       18.4829578       8.88385201       5.61564970    
   393.994781       18.4836502       8.88387585       5.61569548    
   394.491882       18.4843063       8.88389874       5.61571836    
   394.988647       18.4849663       8.88397598       5.61576414    
   395.485352       18.4855938       8.88409710       5.61587143    
   395.981964       18.4863415       8.88421726       5.61599541    
   396.478851       18.4870529       8.88431263       5.61609411    
   396.975586       18.4877262       8.88446236       5.61618614    
   397.472046       18.4884148       8.88466835       5.61627007    
   397.968628       18.4891357       8.88483524       5.61637878    
   398.466156       18.4898415       8.88501072       5.61645555    
   398.962616       18.4905148       8.88516235       5.61652565    
   399.459442       18.4911213       8.88528824       5.61658955    
   399.956177       18.4917469       8.88543987       5.61665010    
   400.453613       18.4923801       8.88554764       5.61670637    
   400.950684       18.4929562       8.88566875       5.61674643    
   401.447845       18.4935398       8.88577175       5.61677504    
   401.945496       18.4942036       8.88588428       5.61682129    
   402.442657       18.4948807       8.88602161       5.61685181    
   402.940216       18.4955654       8.88618088       5.61688328    
   403.437561       18.4962273       8.88638687       5.61692190    
   403.935455       18.4968014       8.88663197       5.61698294    
   404.433258       18.4974022       8.88689137       5.61700439    
   404.931793       18.4980755       8.88714504       5.61698580    
   405.430420       18.4987431       8.88737679       5.61697054    
   405.928589       18.4994411       8.88757420       5.61690378    
   406.426788       18.5001163       8.88778782       5.61688471    
   406.924896       18.5007763       8.88790226       5.61688614    
   407.423279       18.5013981       8.88800144       5.61684608    
   407.922211       18.5020504       8.88815022       5.61687517    
   408.420624       18.5026608       8.88828468       5.61693716    
   408.919067       18.5032921       8.88852406       5.61702967    
   409.417511       18.5039139       8.88875771       5.61715269    
   409.915619       18.5045109       8.88902283       5.61728764    
   410.414093       18.5050964       8.88929653       5.61742306    
   410.912659       18.5057201       8.88953876       5.61752272    
   411.411072       18.5063038       8.88976574       5.61758232    
   411.909637       18.5069332       8.88997746       5.61767530    
   412.408569       18.5075703       8.89019299       5.61773443    
   412.907043       18.5082016       8.89042568       5.61784840    
   413.405609       18.5087547       8.89058781       5.61795998    
   413.903564       18.5093002       8.89076042       5.61808872    
   414.402039       18.5099144       8.89092350       5.61820412    
   414.900391       18.5104637       8.89104652       5.61827803    
   415.398987       18.5110111       8.89118385       5.61836290    
   415.897430       18.5115814       8.89132214       5.61844826    
   416.395844       18.5121441       8.89144135       5.61852646    
   416.894348       18.5126820       8.89160156       5.61860228    
   417.393158       18.5131664       8.89173985       5.61873579    
   417.891815       18.5136166       8.89188671       5.61886311    
   418.390686       18.5141430       8.89205551       5.61894894    
   418.889404       18.5146675       8.89220905       5.61902189    
   419.387573       18.5152092       8.89240646       5.61913633    
   419.886169       18.5157547       8.89259434       5.61924028    
   420.384613       18.5162525       8.89276505       5.61936951    
   420.883026       18.5168056       8.89293575       5.61951494    
   421.381592       18.5173645       8.89305115       5.61964750    
   421.880768       18.5179291       8.89315224       5.61977434    
   422.379639       18.5185280       8.89319038       5.61987829    
   422.879120       18.5191441       8.89331818       5.61997652    
   423.378632       18.5198326       8.89345360       5.62004375    
   423.877625       18.5205498       8.89359283       5.62011337    
   424.376617       18.5212002       8.89369678       5.62019777    
   424.875793       18.5218449       8.89383984       5.62027597    
   425.374908       18.5224991       8.89396286       5.62038422    
   425.873993       18.5230885       8.89411545       5.62049198    
   426.373199       18.5236797       8.89424706       5.62058163    
   426.872528       18.5242214       8.89436626       5.62066412    
   427.371887       18.5248547       8.89448738       5.62075043    
   427.871735       18.5254745       8.89463997       5.62087870    
   428.371094       18.5261002       8.89482880       5.62102795    
   428.870605       18.5266476       8.89494228       5.62119484    
   429.369904       18.5272198       8.89505386       5.62134171    
   429.869324       18.5277348       8.89519596       5.62145090    
   430.368652       18.5281372       8.89534855       5.62157106    
   430.868103       18.5285835       8.89543915       5.62165689    
   431.367767       18.5290489       8.89550877       5.62171841    
   431.867767       18.5295811       8.89562893       5.62179804    
   432.368134       18.5300198       8.89570236       5.62190580    
   432.868591       18.5304356       8.89576340       5.62194777    
   433.369720       18.5307713       8.89580917       5.62198210    
   433.870819       18.5311012       8.89584732       5.62203169    
   434.371552       18.5314312       8.89588356       5.62203074    
   434.873016       18.5318012       8.89586449       5.62201309    
   435.374298       18.5322456       8.89584446       5.62207413    
   435.875793       18.5326729       8.89584541       5.62217808    
   436.376709       18.5331497       8.89589500       5.62227106    
   436.877899       18.5337048       8.89597702       5.62237644    
   437.378510       18.5342922       8.89602375       5.62245941    
   437.879395       18.5348663       8.89603996       5.62255955    
   438.379272       18.5354176       8.89607525       5.62268591    
   438.879639       18.5360050       8.89610958       5.62280464    
   439.380249       18.5365849       8.89610958       5.62291336    
   439.880676       18.5371456       8.89613533       5.62303114    
   440.380859       18.5376778       8.89615059       5.62313843    
   440.880829       18.5381680       8.89621353       5.62326431    
   441.381104       18.5386124       8.89624691       5.62339687    
   441.881622       18.5390930       8.89625263       5.62347507    
   442.381866       18.5395298       8.89622593       5.62356520    
   442.881653       18.5400906       8.89627552       5.62362051    
   443.381592       18.5406761       8.89633560       5.62362385    
   443.881195       18.5412388       8.89638710       5.62368488    
   444.381073       18.5417709       8.89647961       5.62374067    
   444.880371       18.5423489       8.89658642       5.62378407    
   445.379761       18.5429211       8.89671898       5.62376642    
   445.878754       18.5435715       8.89685631       5.62380219    
   446.377960       18.5441971       8.89694691       5.62387323    
   446.876709       18.5447845       8.89701653       5.62390947    
   447.375549       18.5453529       8.89709568       5.62392712    
   447.874176       18.5458794       8.89721584       5.62393951    
   448.372711       18.5464783       8.89733982       5.62400150    
   448.871368       18.5470238       8.89747715       5.62405968    
   449.369324       18.5475254       8.89766026       5.62410784    
   449.867126       18.5479927       8.89783001       5.62411499    
   450.364899       18.5484447       8.89801025       5.62412882    
   450.862579       18.5488873       8.89815807       5.62416315    
   451.360474       18.5492306       8.89833260       5.62419748    
   451.858246       18.5496311       8.89848137       5.62422657    
   452.356018       18.5500336       8.89866352       5.62424469    
   452.853912       18.5504189       8.89886856       5.62429953    
   453.351532       18.5508461       8.89906597       5.62436628    
   453.849701       18.5512505       8.89925861       5.62440825    
   454.347870       18.5516853       8.89938736       5.62441921    
   454.846008       18.5520878       8.89952278       5.62447691    
   455.344269       18.5524540       8.89966679       5.62452030    
   455.842377       18.5528755       8.89986038       5.62455606    
   456.340515       18.5533447       8.90000534       5.62458658    
   456.838348       18.5539055       8.90014744       5.62460470    
   457.336060       18.5543919       8.90024376       5.62465477    
   457.833893       18.5548820       8.90036488       5.62471056    
   458.331879       18.5552635       8.90048313       5.62478495    
   458.829529       18.5556393       8.90054703       5.62482977    
   459.327393       18.5559216       8.90058994       5.62482548    
   459.825043       18.5562458       8.90060902       5.62483072    
   460.322540       18.5565987       8.90060043       5.62487030    
   460.820251       18.5569839       8.90056896       5.62492180    
   461.318359       18.5574284       8.90052509       5.62501001    
   461.816223       18.5578594       8.90049934       5.62512350    
   462.314270       18.5582581       8.90047550       5.62521219    
   462.812653       18.5586681       8.90042400       5.62528181    
   463.310822       18.5591145       8.90039730       5.62535238    
   463.809174       18.5595932       8.90037823       5.62537432    
   464.306976       18.5600758       8.90034294       5.62541342    
   464.804871       18.5605507       8.90031147       5.62546253    
   465.302551       18.5610199       8.90033436       5.62554121    
   465.800629       18.5615005       8.90035820       5.62563086    
   466.298798       18.5619888       8.90042782       5.62567711    
   466.796753       18.5624542       8.90049171       5.62568426    
   467.294617       18.5628872       8.90055275       5.62570524    
   467.793060       18.5632820       8.90059757       5.62574720    
   468.290985       18.5636692       8.90063286       5.62580776    
   468.789246       18.5640583       8.90067577       5.62589121    
   469.287659       18.5644054       8.90073872       5.62599897    
   469.785858       18.5646915       8.90082932       5.62608290    
   470.284668       18.5649643       8.90094757       5.62613106    
   470.782837       18.5652561       8.90112019       5.62618065    
   471.280945       18.5655937       8.90125561       5.62621260    
   471.778656       18.5659637       8.90140438       5.62622356    
   472.275940       18.5663662       8.90152454       5.62623978    
   472.773193       18.5667191       8.90161228       5.62622023    
   473.270966       18.5670738       8.90168095       5.62623167    
   473.768616       18.5674438       8.90173340       5.62624359    
   474.266449       18.5678616       8.90179443       5.62623787    
   474.764282       18.5682545       8.90191364       5.62623310    
   475.262329       18.5687046       8.90200710       5.62625980    
   475.760651       18.5692101       8.90209961       5.62623644    
   476.258636       18.5697098       8.90216064       5.62620449    
   476.756622       18.5701637       8.90217686       5.62615824    
   477.254639       18.5707455       8.90219688       5.62613010    
   477.752380       18.5713921       8.90221596       5.62614393    
   478.249756       18.5720024       8.90226078       5.62615728    
   478.747498       18.5726624       8.90231705       5.62616873    
   479.245392       18.5733204       8.90240574       5.62620115    
   479.743530       18.5739784       8.90244293       5.62625170    
   480.241669       18.5746098       8.90246487       5.62626314    
   480.739502       18.5752621       8.90254974       5.62627649    
   481.237335       18.5759697       8.90264893       5.62629128    
   481.735260       18.5766544       8.90275764       5.62630081    
   482.232941       18.5772572       8.90288734       5.62632370    
   482.730865       18.5777569       8.90300465       5.62635183    
   483.228394       18.5782566       8.90312004       5.62639523    
   483.726227       18.5787010       8.90319443       5.62643480    
   484.223755       18.5792046       8.90329361       5.62648439    
   484.721771       18.5796814       8.90338326       5.62655497    
   485.219238       18.5801620       8.90348911       5.62664413    
   485.716919       18.5806408       8.90355110       5.62675428    
   486.214325       18.5810642       8.90359211       5.62688065    
   486.712006       18.5814667       8.90363026       5.62701368    
   487.209930       18.5818596       8.90367222       5.62717772    
   487.707245       18.5823269       8.90367889       5.62733603    
   488.204407       18.5828838       8.90368938       5.62746668    
   488.701355       18.5834064       8.90370369       5.62756205    
   489.198273       18.5840111       8.90370178       5.62766266    
   489.694733       18.5846043       8.90369701       5.62773752    
   490.191559       18.5851746       8.90370655       5.62785387    
   490.688263       18.5857277       8.90376472       5.62795925    
   491.184906       18.5862617       8.90382195       5.62804651    
   491.681580       18.5868149       8.90386963       5.62810326    
   492.177887       18.5873795       8.90395069       5.62814999    
   492.674133       18.5878830       8.90401268       5.62816095    
   493.170593       18.5883598       8.90408707       5.62818432    
   493.666809       18.5888233       8.90409088       5.62819481    
   494.162964       18.5893002       8.90410042       5.62819099    
   494.659119       18.5898075       8.90410995       5.62819481    
   495.155151       18.5903244       8.90414333       5.62818050    
   495.651123       18.5908947       8.90422630       5.62820625    
   496.146606       18.5914516       8.90431595       5.62823677    
   496.642029       18.5919952       8.90435219       5.62825966    
   497.137543       18.5924892       8.90442848       5.62825394    
   497.632904       18.5929623       8.90450954       5.62822819    
