   0.00000000       0.00000000       0.00000000    
  0.500000000      0.500000000      0.500000000    
   1.00073338       1.00073338       1.00073338    
   1.50255001       1.50255001       1.50255001    
   2.00193596       2.00193596       2.00193596    
   2.50298643       2.50298643       2.50298643    
   3.00135994       3.00135994       3.00135994    
   3.50066996       3.50066996       3.50066996    
   4.00259542       4.00259542       4.00259542    
   4.50415993       4.50415993       4.50415993    
   5.00848389       5.00848389       5.00848389    
   5.51222372       5.51222372       5.51222372    
   6.01272249       6.01272249       6.01272249    
   6.51170492       6.51170492       6.51170492    
   7.01084185       7.01084185       7.01084185    
   7.50998354       7.50998354       7.50998354    
   8.00898552       8.00898552       8.00898552    
   8.50990868       8.50990868       8.50990868    
   9.01232147       9.01232147       9.01232147    
   9.51527500       9.51527500       9.51527500    
   10.0181313       10.0181313       10.0181313    
   10.5199394       10.5199394       10.5199394    
   11.0221634       11.0221634       11.0221634    
   11.5235758       11.5235758       11.5235758    
   12.0249319       12.0249319       12.0249319    
   12.5257854       12.5257854       12.5257854    
   13.0251074       13.0251074       13.0251074    
   13.5256901       13.5256901       13.5256901    
   14.0263233       14.0263233       14.0263233    
   14.5256147       14.5256147       14.5256147    
   15.0251255       15.0251255       15.0251255    
   15.5226212       15.5226212       15.5226212    
   16.0209217       16.0209217       16.0209217    
   16.5193138       16.5193138       16.5193138    
   17.0180569       17.0180569       17.0180569    
   17.5164223       17.5164223       17.5164223    
   18.0137959       18.0137959       18.0137959    
   18.5106659       18.5106659       18.5106659    
   19.0084305       19.0084305       19.0084305    
   19.5067749       19.5067749       19.5067749    
   20.0048809       20.0048809       20.0048809    
   20.5016422       20.5016422       20.5016422    
   20.9997330       20.9997330       20.9997330    
   21.4971275       21.4971275       21.4971275    
   21.9932594       21.9932594       21.9932594    
   22.4890537       22.4890537       22.4890537    
   22.9834595       22.9834595       22.9834595    
   23.4782238       23.4782238       23.4782238    
   23.9729462       23.9729462       23.9729462    
   24.4676800       24.4676800       24.4676800    
   24.9621906       24.9621906       24.9621906    
   25.4570427       25.4570427       25.4570427    
   25.9512329       25.9512329       25.9512329    
   26.4448032       26.4448032       26.4448032    
   26.9392471       26.9392471       26.9392471    
   27.4345207       27.4345207       27.4345207    
   27.9286175       27.9286175       27.9286175    
   28.4220181       28.4220181       28.4220181    
   28.9158077       28.9158077       28.9158077    
   29.4095001       29.4095001       29.4095001    
   29.9032021       29.9032021       29.9032021    
   30.3983078       30.3983078       30.3983078    
   30.8933029       30.8933029       30.8933029    
   31.3873634       31.3873634       31.3873634    
   31.8815784       31.8815784       31.8815784    
   32.3752480       32.3752480       32.3752480    
   32.8709946       32.8709946       32.8709946    
   33.3668823       33.3668823       33.3668823    
   33.8638992       33.8638992       33.8638992    
   34.3614426       34.3614426       34.3614426    
   34.8588104       34.8588104       34.8588104    
   35.3563309       35.3563309       35.3563309    
   35.8539276       35.8539276       35.8539276    
   36.3514214       36.3514214       36.3514214    
   36.8499985       36.8499985       36.8499985    
   37.3486671       37.3486671       37.3486671    
   37.8471832       37.8471832       37.8471832    
   38.3449860       38.3449860       38.3449860    
   38.8434868       38.8434868       38.8434868    
   39.3425903       39.3425903       39.3425903    
   39.8406715       39.8406715       39.8406715    
   40.3384094       40.3384094       40.3384094    
   40.8366661       40.8366661       40.8366661    
   41.3344154       41.3344154       41.3344154    
   41.8316383       41.8316383       41.8316383    
   42.3290863       42.3290863       42.3290863    
   42.8268242       42.8268242       42.8268242    
   43.3251152       43.3251152       43.3251152    
   43.8233986       43.8233986       43.8233986    
   44.3212929       44.3212929       44.3212929    
   44.8198051       44.8198051       44.8198051    
   45.3188210       45.3188210       45.3188210    
   45.8170853       45.8170853       45.8170853    
   46.3174019       46.3174019       46.3174019    
   46.8182640       46.8182640       46.8182640    
   47.3200493       47.3200493       47.3200493    
   47.8222046       47.8222046       47.8222046    
   48.3237457       48.3237457       48.3237457    
   48.8259392       48.8259392       48.8259392    
   49.3289604       49.3289604       49.3289604    
