   0.00000000       0.00000000       0.00000000    
   6.49988651E-04   6.49988651E-04   6.49988651E-04
   6.66677952E-05   6.66677952E-05   6.66677952E-05
  -9.34995711E-04  -9.34995711E-04  -9.34995711E-04
  -1.39202923E-03  -1.39202923E-03  -1.39202923E-03
  -9.66623425E-04  -9.66623425E-04  -9.66623425E-04
  -1.01708248E-03  -1.01708248E-03  -1.01708248E-03
  -1.25251943E-03  -1.25251943E-03  -1.25251943E-03
  -1.33111095E-03  -1.33111095E-03  -1.33111095E-03
  -1.01400435E-03  -1.01400435E-03  -1.01400435E-03
  -5.70918142E-04  -5.70918142E-04  -5.70918142E-04
  -2.71732104E-04  -2.71732104E-04  -2.71732104E-04
   3.86224012E-04   3.86224012E-04   3.86224012E-04
   1.05998188E-03   1.05998188E-03   1.05998188E-03
   1.47336291E-03   1.47336291E-03   1.47336291E-03
   2.01254245E-03   2.01254245E-03   2.01254245E-03
   2.25763116E-03   2.25763116E-03   2.25763116E-03
   2.45222170E-03   2.45222170E-03   2.45222170E-03
   2.64942879E-03   2.64942879E-03   2.64942879E-03
   2.75797374E-03   2.75797374E-03   2.75797374E-03
   2.91236350E-03   2.91236350E-03   2.91236350E-03
   2.63466476E-03   2.63466476E-03   2.63466476E-03
   2.44428334E-03   2.44428334E-03   2.44428334E-03
   2.21181754E-03   2.21181754E-03   2.21181754E-03
   2.04254454E-03   2.04254454E-03   2.04254454E-03
   1.75005908E-03   1.75005908E-03   1.75005908E-03
   1.32875238E-03   1.32875238E-03   1.32875238E-03
   1.07298233E-03   1.07298233E-03   1.07298233E-03
   1.02968514E-03   1.02968514E-03   1.02968514E-03
   8.84041365E-04   8.84041365E-04   8.84041365E-04
   6.83768827E-04   6.83768827E-04   6.83768827E-04
   3.40846280E-04   3.40846280E-04   3.40846280E-04
  -1.55216840E-04  -1.55216840E-04  -1.55216840E-04
  -6.50435220E-04  -6.50435220E-04  -6.50435220E-04
  -9.65710380E-04  -9.65710380E-04  -9.65710380E-04
  -1.20327692E-03  -1.20327692E-03  -1.20327692E-03
  -1.38691207E-03  -1.38691207E-03  -1.38691207E-03
  -1.59664510E-03  -1.59664510E-03  -1.59664510E-03
  -1.78879907E-03  -1.78879907E-03  -1.78879907E-03
  -1.91553310E-03  -1.91553310E-03  -1.91553310E-03
  -2.01167492E-03  -2.01167492E-03  -2.01167492E-03
  -2.10193824E-03  -2.10193824E-03  -2.10193824E-03
  -2.11073388E-03  -2.11073388E-03  -2.11073388E-03
  -2.15184246E-03  -2.15184246E-03  -2.15184246E-03
  -2.08529993E-03  -2.08529993E-03  -2.08529993E-03
  -2.04955181E-03  -2.04955181E-03  -2.04955181E-03
  -2.06028344E-03  -2.06028344E-03  -2.06028344E-03
  -2.01132288E-03  -2.01132288E-03  -2.01132288E-03
  -1.90985517E-03  -1.90985517E-03  -1.90985517E-03
  -1.83368614E-03  -1.83368614E-03  -1.83368614E-03
  -1.75243546E-03  -1.75243546E-03  -1.75243546E-03
  -1.58996112E-03  -1.58996112E-03  -1.58996112E-03
  -1.40975695E-03  -1.40975695E-03  -1.40975695E-03
  -1.26591779E-03  -1.26591779E-03  -1.26591779E-03
  -1.20899209E-03  -1.20899209E-03  -1.20899209E-03
  -1.18213648E-03  -1.18213648E-03  -1.18213648E-03
  -1.16125436E-03  -1.16125436E-03  -1.16125436E-03
  -1.10606966E-03  -1.10606966E-03  -1.10606966E-03
  -1.18220819E-03  -1.18220819E-03  -1.18220819E-03
  -1.28193211E-03  -1.28193211E-03  -1.28193211E-03
  -1.39057322E-03  -1.39057322E-03  -1.39057322E-03
  -1.45691598E-03  -1.45691598E-03  -1.45691598E-03
  -1.52804074E-03  -1.52804074E-03  -1.52804074E-03
  -1.62119837E-03  -1.62119837E-03  -1.62119837E-03
  -1.75197516E-03  -1.75197516E-03  -1.75197516E-03
  -1.87475188E-03  -1.87475188E-03  -1.87475188E-03
  -2.01250031E-03  -2.01250031E-03  -2.01250031E-03
  -2.16819812E-03  -2.16819812E-03  -2.16819812E-03
  -2.31037312E-03  -2.31037312E-03  -2.31037312E-03
  -2.41654320E-03  -2.41654320E-03  -2.41654320E-03
  -2.44709686E-03  -2.44709686E-03  -2.44709686E-03
  -2.44869851E-03  -2.44869851E-03  -2.44869851E-03
  -2.36994866E-03  -2.36994866E-03  -2.36994866E-03
  -2.27499218E-03  -2.27499218E-03  -2.27499218E-03
  -2.19392614E-03  -2.19392614E-03  -2.19392614E-03
  -2.07268191E-03  -2.07268191E-03  -2.07268191E-03
  -1.89794274E-03  -1.89794274E-03  -1.89794274E-03
  -1.80212548E-03  -1.80212548E-03  -1.80212548E-03
  -1.70100655E-03  -1.70100655E-03  -1.70100655E-03
  -1.58904225E-03  -1.58904225E-03  -1.58904225E-03
  -1.52238179E-03  -1.52238179E-03  -1.52238179E-03
  -1.45659968E-03  -1.45659968E-03  -1.45659968E-03
  -1.38122088E-03  -1.38122088E-03  -1.38122088E-03
  -1.33903744E-03  -1.33903744E-03  -1.33903744E-03
  -1.34170696E-03  -1.34170696E-03  -1.34170696E-03
  -1.35417969E-03  -1.35417969E-03  -1.35417969E-03
  -1.30780088E-03  -1.30780088E-03  -1.30780088E-03
  -1.19078078E-03  -1.19078078E-03  -1.19078078E-03
  -1.06784375E-03  -1.06784375E-03  -1.06784375E-03
  -9.68429144E-04  -9.68429144E-04  -9.68429144E-04
  -8.58476502E-04  -8.58476502E-04  -8.58476502E-04
  -7.61145435E-04  -7.61145435E-04  -7.61145435E-04
  -7.50155072E-04  -7.50155072E-04  -7.50155072E-04
  -6.77923381E-04  -6.77923381E-04  -6.77923381E-04
  -5.85731294E-04  -5.85731294E-04  -5.85731294E-04
  -4.76630899E-04  -4.76630899E-04  -4.76630899E-04
  -3.74376192E-04  -3.74376192E-04  -3.74376192E-04
  -2.53342034E-04  -2.53342034E-04  -2.53342034E-04
  -1.88659164E-04  -1.88659164E-04  -1.88659164E-04
  -1.44034944E-04  -1.44034944E-04  -1.44034944E-04
