   0.00000000       0.00000000       0.00000000    
  0.500000000      0.500000000      0.500000000    
   3.00293350       3.00293350       3.00293350    
   7.52220011       7.52220011       7.52220011    
   14.0277119       14.0277119       14.0277119    
   22.5739479       22.5739479       22.5739479    
   33.1027412       33.1027412       33.1027412    
   45.6149368       45.6149368       45.6149368    
   60.2319794       60.2319794       60.2319794    
   76.9044342       76.9044342       76.9044342    
   95.6718521       95.6718521       95.6718521    
   116.458580       116.458580       116.458580    
   139.092484       139.092484       139.092484    
   163.677124       163.677124       163.677124    
   190.336365       190.336365       190.336365    
   219.068375       219.068375       219.068375    
   249.686325       249.686325       249.686325    
   282.372681       282.372681       282.372681    
   317.220581       317.220581       317.220581    
   354.029236       354.029236       354.029236    
   393.091858       393.091858       393.091858    
   433.911530       433.911530       433.911530    
   476.864563       476.864563       476.864563    
   521.844421       521.844421       521.844421    
   568.801147       568.801147       568.801147    
   617.791321       617.791321       617.791321    
   668.492859       668.492859       668.492859    
   721.497986       721.497986       721.497986    
   776.469604       776.469604       776.469604    
   833.154602       833.154602       833.154602    
   891.867371       891.867371       891.867371    
   952.055542       952.055542       952.055542    
   1014.23083       1014.23083       1014.23083    
   1078.64001       1078.64001       1078.64001    
   1145.07410       1145.07410       1145.07410    
   1213.39746       1213.39746       1213.39746    
   1283.47839       1283.47839       1283.47839    
   1355.46509       1355.46509       1355.46509    
   1429.44873       1429.44873       1429.44873    
   1505.24854       1505.24854       1505.24854    
   1582.85632       1582.85632       1582.85632    
   1661.86316       1661.86316       1661.86316    
   1742.97717       1742.97717       1742.97717    
   1825.85010       1825.85010       1825.85010    
   1910.67236       1910.67236       1910.67236    
   1997.14771       1997.14771       1997.14771    
   2085.25049       2085.25049       2085.25049    
   2175.22119       2175.22119       2175.22119    
   2267.07764       2267.07764       2267.07764    
   2360.82080       2360.82080       2360.82080    
   2456.84277       2456.84277       2456.84277    
   2555.03223       2555.03223       2555.03223    
   2654.94019       2654.94019       2654.94019    
   2756.51880       2756.51880       2756.51880    
   2860.32983       2860.32983       2860.32983    
   2966.47852       2966.47852       2966.47852    
   3074.06812       3074.06812       3074.06812    
   3183.47461       3183.47461       3183.47461    
   3295.20215       3295.20215       3295.20215    
   3409.26831       3409.26831       3409.26831    
   3525.23340       3525.23340       3525.23340    
   3643.61377       3643.61377       3643.61377    
   3764.22681       3764.22681       3764.22681    
   3886.29517       3886.29517       3886.29517    
   4010.52905       4010.52905       4010.52905    
   4136.83691       4136.83691       4136.83691    
   4266.00342       4266.00342       4266.00342    
   4397.05908       4397.05908       4397.05908    
   4530.16748       4530.16748       4530.16748    
   4665.32617       4665.32617       4665.32617    
   4802.06494       4802.06494       4802.06494    
   4940.66455       4940.66455       4940.66455    
   5081.34277       5081.34277       5081.34277    
   5223.96143       5223.96143       5223.96143    
   5369.20264       5369.20264       5369.20264    
   5517.14844       5517.14844       5517.14844    
   5667.14551       5667.14551       5667.14551    
   5819.16504       5819.16504       5819.16504    
   5973.43115       5973.43115       5973.43115    
   6129.54883       6129.54883       6129.54883    
   6287.09814       6287.09814       6287.09814    
   6446.49854       6446.49854       6446.49854    
   6608.35840       6608.35840       6608.35840    
   6771.42432       6771.42432       6771.42432    
   6936.52930       6936.52930       6936.52930    
   7104.32959       7104.32959       7104.32959    
   7274.41406       7274.41406       7274.41406    
   7446.89551       7446.89551       7446.89551    
   7621.55273       7621.55273       7621.55273    
   7797.54150       7797.54150       7797.54150    
   7975.71191       7975.71191       7975.71191    
   8156.09766       8156.09766       8156.09766    
   8337.91016       8337.91016       8337.91016    
   8522.79590       8522.79590       8522.79590    
   8709.94824       8709.94824       8709.94824    
   8900.03223       8900.03223       8900.03223    
   9092.27344       9092.27344       9092.27344    
   9285.75879       9285.75879       9285.75879    
   9481.25586       9481.25586       9481.25586    
   9679.83008       9679.83008       9679.83008    
