   0.00000000       0.00000000       0.00000000    
   6.49988651E-04   6.49988651E-04   6.49988651E-04
  -1.03324652E-03  -1.03324652E-03  -1.03324652E-03
  -4.40001488E-04  -4.40001488E-04  -4.40001488E-04
  -1.28158927E-02  -1.28158927E-02  -1.28158927E-02
  -1.24468207E-02  -1.24468207E-02  -1.24468207E-02
  -2.16399431E-02  -2.16399431E-02  -2.16399431E-02
  -3.92175317E-02  -3.92175317E-02  -3.92175317E-02
  -5.53049743E-02  -5.53049743E-02  -5.53049743E-02
  -5.68379015E-02  -5.68379015E-02  -5.68379015E-02
  -6.44479245E-02  -6.44479245E-02  -6.44479245E-02
  -6.83267564E-02  -6.83267564E-02  -6.83267564E-02
  -5.79021834E-02  -5.79021834E-02  -5.79021834E-02
  -2.13674605E-02  -2.13674605E-02  -2.13674605E-02
   2.16086898E-02   2.16086898E-02   2.16086898E-02
   6.90996200E-02   6.90996200E-02   6.90996200E-02
  0.103985116      0.103985116      0.103985116    
  0.128769442      0.128769442      0.128769442    
  0.147753447      0.147753447      0.147753447    
  0.180423364      0.180423364      0.180423364    
  0.228013724      0.228013724      0.228013724    
  0.247832611      0.247832611      0.247832611    
  0.248421133      0.248421133      0.248421133    
  0.264502823      0.264502823      0.264502823    
  0.291077465      0.291077465      0.291077465    
  0.298823416      0.298823416      0.298823416    
  0.290924191      0.290924191      0.290924191    
  0.275803417      0.275803417      0.275803417    
  0.267526031      0.267526031      0.267526031    
  0.231582999      0.231582999      0.231582999    
  0.196205124      0.196205124      0.196205124    
  0.149765089      0.149765089      0.149765089    
   8.84510428E-02   8.84510428E-02   8.84510428E-02
  -1.17770396E-03  -1.17770396E-03  -1.17770396E-03
  -7.02540651E-02  -7.02540651E-02  -7.02540651E-02
 -0.139467865     -0.139467865     -0.139467865    
 -0.194635198     -0.194635198     -0.194635198    
 -0.250404388     -0.250404388     -0.250404388    
 -0.301517010     -0.301517010     -0.301517010    
 -0.337009221     -0.337009221     -0.337009221    
 -0.368849337     -0.368849337     -0.368849337    
 -0.396745503     -0.396745503     -0.396745503    
 -0.401198298     -0.401198298     -0.401198298    
 -0.405627787     -0.405627787     -0.405627787    
 -0.410906166     -0.410906166     -0.410906166    
 -0.411983788     -0.411983788     -0.411983788    
 -0.410106868     -0.410106868     -0.410106868    
 -0.401152253     -0.401152253     -0.401152253    
 -0.394601166     -0.394601166     -0.394601166    
 -0.391388357     -0.391388357     -0.391388357    
 -0.379964918     -0.379964918     -0.379964918    
 -0.366800398     -0.366800398     -0.366800398    
 -0.341281563     -0.341281563     -0.341281563    
 -0.328161567     -0.328161567     -0.328161567    
 -0.320177764     -0.320177764     -0.320177764    
 -0.328005940     -0.328005940     -0.328005940    
 -0.331110805     -0.331110805     -0.331110805    
 -0.336111993     -0.336111993     -0.336111993    
 -0.346286416     -0.346286416     -0.346286416    
 -0.354855508     -0.354855508     -0.354855508    
 -0.347726285     -0.347726285     -0.347726285    
 -0.328634560     -0.328634560     -0.328634560    
 -0.298096627     -0.298096627     -0.298096627    
 -0.254669726     -0.254669726     -0.254669726    
 -0.215532243     -0.215532243     -0.215532243    
 -0.184609309     -0.184609309     -0.184609309    
 -0.151915699     -0.151915699     -0.151915699    
 -0.122287408     -0.122287408     -0.122287408    
 -0.116620392     -0.116620392     -0.116620392    
 -0.121153422     -0.121153422     -0.121153422    
 -0.122200161     -0.122200161     -0.122200161    
 -0.118629239     -0.118629239     -0.118629239    
 -0.125382349     -0.125382349     -0.125382349    
 -0.131964713     -0.131964713     -0.131964713    
 -0.130304232     -0.130304232     -0.130304232    
 -0.115801364     -0.115801364     -0.115801364    
 -0.102993146     -0.102993146     -0.102993146    
 -0.101825275     -0.101825275     -0.101825275    
 -0.100547172     -0.100547172     -0.100547172    
  -9.92962644E-02  -9.92962644E-02  -9.92962644E-02
 -0.110627502     -0.110627502     -0.110627502    
 -0.109363705     -0.109363705     -0.109363705    
 -0.101056837     -0.101056837     -0.101056837    
 -0.111341499     -0.111341499     -0.111341499    
 -0.140952721     -0.140952721     -0.140952721    
 -0.183397546     -0.183397546     -0.183397546    
 -0.198673144     -0.198673144     -0.198673144    
 -0.204102308     -0.204102308     -0.204102308    
 -0.199857354     -0.199857354     -0.199857354    
 -0.227042943     -0.227042943     -0.227042943    
 -0.265125304     -0.265125304     -0.265125304    
 -0.309015393     -0.309015393     -0.309015393    
 -0.361005247     -0.361005247     -0.361005247    
 -0.395983577     -0.395983577     -0.395983577    
 -0.433295637     -0.433295637     -0.433295637    
 -0.466309875     -0.466309875     -0.466309875    
 -0.508213460     -0.508213460     -0.508213460    
 -0.536361396     -0.536361396     -0.536361396    
 -0.588786960     -0.588786960     -0.588786960    
 -0.636922240     -0.636922240     -0.636922240    
