   0.00000000       0.00000000       0.00000000       0.00000000    
   3.72001529E-03  -4.20004129E-04  -1.89000368E-03  -2.16001272E-03
   5.16000390E-03   1.14998221E-03  -2.66999006E-03  -2.29984522E-04
   3.27998400E-03   9.99957323E-04  -2.52997875E-03   2.39968300E-04
   4.79996204E-03  -2.62995064E-03  -3.10993195E-03  -6.64000213E-03
   8.53994489E-03  -5.00990450E-03  -5.91004640E-03   1.19997561E-03
   1.85999274E-03  -8.62000138E-03  -3.74997407E-03  -1.29008666E-03
   1.06000900E-03  -7.13005289E-03  -1.73994713E-03  -2.05999799E-03
   1.87990442E-03  -7.11994804E-03  -5.28998766E-03   3.13998433E-03
   3.52000631E-03  -7.09006097E-03  -2.47994205E-03  -3.22996709E-03
   7.79980794E-04  -8.15990940E-03  -2.28005718E-03   3.82997491E-03
  -4.39989753E-03  -4.57997900E-03  -2.20997143E-03   5.54002635E-03
  -3.47997597E-03  -3.61007918E-03  -5.54004777E-03   1.12699391E-02
  -4.41999640E-03  -5.17983735E-03  -5.47004258E-03   9.08990018E-03
  -2.29997723E-03  -3.01015773E-03  -6.31004106E-03   7.05001689E-03
   9.40010068E-04   3.99985583E-04  -9.52003244E-03   7.12003093E-03
  -9.59992409E-04   3.40117636E-04  -6.36005821E-03   6.17999677E-03
  -1.35996519E-03  -2.19997438E-03  -8.80999677E-03  -9.19973070E-04
  -1.62003387E-03   4.59993054E-04  -8.36994313E-03   2.07999558E-03
   3.98518750E-05  -2.25999625E-03  -1.57700088E-02   1.22995372E-03
  -4.01017023E-05  -1.29997963E-03  -1.08100297E-02   1.79008523E-03
   4.99824469E-04   7.99015351E-03  -7.07992632E-03  -2.62004090E-03
   7.59999827E-03   5.77999325E-03  -2.81003723E-03  -6.49959955E-04
   2.13994086E-03   4.44009202E-03  -3.50002013E-03  -6.24996144E-03
  -2.21992773E-03   3.22994799E-03  -4.82994923E-03   3.70998471E-03
  -6.31998898E-03   9.36012343E-03  -3.11006350E-03   6.10003993E-03
   2.79979780E-04   1.14400703E-02  -8.76004435E-03   1.60699002E-02
  -2.76013231E-03   5.05995331E-03  -4.25999938E-03   1.50300106E-02
  -6.05984265E-03   8.90003517E-03  -2.80002598E-03   1.63098276E-02
  -2.21967883E-03   3.54985846E-03  -1.24700377E-02   2.31700018E-02
   1.39953336E-04   6.99005928E-03  -1.00799175E-02   1.46700135E-02
   1.83983997E-03   3.60001717E-03  -9.87987779E-03   7.99998175E-03
   1.22006028E-03   7.39004370E-03  -8.82985163E-03   1.41399484E-02
   4.04005032E-03   2.99955835E-04  -1.49197923E-02   1.62197873E-02
   3.91981052E-03  -8.32991488E-03  -1.72599796E-02   1.99498571E-02
   7.00027100E-04   1.21997588E-03  -1.82799585E-02   1.96100008E-02
   4.07986250E-03   3.64004076E-03  -1.58300065E-02   1.39301419E-02
   1.29999372E-03  -1.16002897E-03  -1.68499537E-02   1.19900303E-02
  -5.00009581E-03   5.99946827E-04  -2.38500945E-02   8.74011498E-03
   1.20102311E-04  -5.63983759E-03  -1.90701224E-02   8.51009600E-03
   1.43997173E-03  -1.01797255E-02  -1.65701266E-02   1.70499235E-02
   3.77999619E-03  -9.38977301E-03  -1.63799152E-02   1.59199666E-02
   4.97971475E-03  -9.92979575E-03  -1.86498985E-02   1.72999296E-02
   6.42008102E-03  -1.58699192E-02  -1.14701139E-02   1.67799089E-02
   6.53992267E-03  -1.22299464E-02  -1.01199718E-02   2.32899319E-02
   8.40016175E-03  -1.44701283E-02  -4.45995526E-03   2.32499242E-02
   7.08008325E-03  -1.81701556E-02  -2.15990702E-03   1.36500522E-02
   9.37979296E-03  -1.69099364E-02  -4.00998909E-03   1.25399623E-02
   1.24599142E-02  -1.42200934E-02   2.38001952E-03   8.71984847E-03
   1.81802213E-02  -1.57299470E-02  -3.30000697E-03   1.34699130E-02
   1.90600995E-02  -1.56099349E-02  -5.77001134E-03   1.94799416E-02
   2.20400542E-02  -1.69500187E-02  -2.93010776E-03   1.20100118E-02
   1.94200762E-02  -1.14197107E-02  -1.75000273E-03   4.41005547E-03
   1.62800681E-02  -1.08997626E-02  -2.43014982E-03   9.90007189E-04
   2.04801317E-02  -1.17099136E-02  -5.59941167E-04   5.52996481E-03
   1.49999838E-02  -7.68014416E-03  -3.45980423E-03   5.89978835E-03
   1.14998510E-02  -8.83978140E-03  -1.99833303E-05  -4.52002091E-03
   1.47200264E-02  -1.47200730E-02  -9.03990678E-03  -9.60006472E-03
   1.79401133E-02  -2.32497472E-02  -1.64699834E-02  -4.76002740E-03
   1.42201735E-02  -2.43704133E-02  -1.39600430E-02   2.79891945E-04
   1.62402838E-02  -1.64796617E-02  -1.15499524E-02   3.39995185E-03
   1.66597478E-02  -1.76298097E-02  -8.68009124E-03   7.81001616E-03
   1.55198062E-02  -1.13499034E-02  -1.06197130E-02   7.79992668E-03
   1.85401905E-02  -1.07898917E-02  -1.66020403E-03   1.99599750E-02
   1.50400028E-02  -4.92990855E-03  -4.05010534E-03   1.66200139E-02
   1.74599346E-02  -1.22019649E-03   2.19801470E-04   1.71999745E-02
   1.72399674E-02   1.73991243E-03  -1.60004268E-03   2.07398888E-02
   1.77402087E-02  -1.04046869E-03  -7.03996653E-03   8.47004633E-03
   1.94604788E-02  -4.66015236E-03  -3.23991664E-03   1.44999595E-02
   1.50599899E-02  -5.79938758E-04  -1.84989581E-03   1.58802383E-02
   1.46801947E-02  -8.15020595E-03   4.61995276E-03   1.57702044E-02
   1.60404444E-02  -8.91961996E-03   6.77987095E-03   1.19300261E-02
   1.59801748E-02  -9.16036591E-03   1.21400729E-02   1.04499590E-02
   1.76401380E-02  -5.36028715E-03   7.89998379E-03   1.44001013E-02
   1.30199064E-02  -1.58976880E-03  -2.87000253E-03   7.88006932E-03
   9.78057459E-03  -4.45978669E-03  -4.33987705E-03   1.05300723E-02
   1.02801304E-02  -5.38982172E-03  -4.90988698E-03   5.37981279E-03
   9.38029308E-03   1.89981284E-03  -1.19900675E-02   3.76989134E-03
   9.15979315E-03   5.21034095E-03  -6.86009787E-03   7.37001095E-03
   9.73981619E-03   8.95967148E-03  -1.04199015E-02   1.07599674E-02
   9.34035983E-03   5.50034596E-03  -5.94014255E-03   8.99988692E-03
   9.86022875E-03  -1.48989249E-03  -7.06026424E-03   8.91998783E-03
   7.25997332E-03  -6.39787351E-04  -6.69009797E-03   4.48996248E-03
   1.21003073E-02  -6.55990234E-03  -5.56995673E-03   1.36801861E-02
   9.07989684E-03  -4.21973784E-03  -1.06011913E-03   1.12501793E-02
   1.51797701E-02  -1.24984118E-03  -5.42015955E-03   2.08499469E-02
   1.59597136E-02  -1.49000459E-03  -3.31996079E-03   1.19201168E-02
   1.69597026E-02   3.38980416E-03   9.44027398E-03   1.55699840E-02
   1.81201361E-02  -2.49003805E-03   1.11900168E-02   1.31199900E-02
   1.79000478E-02   4.79983544E-04   6.63965847E-03   4.21005767E-03
   1.88197587E-02  -4.86007007E-03  -1.99985504E-03   2.25008978E-03
   2.03800332E-02  -1.40994391E-03  -3.90012935E-03  -5.40308538E-04
   1.58599373E-02   2.15005130E-03  -4.27010050E-03  -1.12012820E-03
   1.78402364E-02   1.53002143E-03  -4.95998422E-03   1.15100564E-02
   1.86404344E-02  -3.52997589E-03  -1.16006494E-03   1.70100555E-02
   1.80596206E-02  -9.84004047E-03  -5.36998687E-03   2.67300420E-02
   1.31599316E-02  -6.94978982E-03  -6.33008033E-03   1.68800559E-02
   7.36020040E-03  -8.40114313E-04  -1.40600679E-02   3.86001426E-03
   1.12598408E-02  -5.67977037E-03  -8.95975344E-03   2.86993757E-03
   6.04022481E-03   1.05979270E-03  -1.37902144E-02  -1.87017047E-03
   5.18046878E-03  -5.27030788E-03  -1.14901289E-02  -2.85008457E-03
   1.07602645E-02  -4.69986722E-03  -8.13006330E-03  -3.69026838E-03
   1.12600103E-02  -4.04986087E-03  -2.16997135E-03  -7.93007761E-03
   1.48198064E-02  -6.84999861E-03  -6.83022384E-03   3.33990483E-03
   1.03801535E-02  -8.03019851E-03   4.53999080E-03   1.05699701E-02
   8.54038820E-03  -7.94988312E-03   6.30011596E-03   1.28301214E-02
   4.33986029E-03  -2.48988951E-03   1.04501201E-02   2.00699028E-02
   3.81981838E-03  -3.43949068E-07   1.34798707E-02   5.79998968E-03
   7.90019892E-03  -2.94997171E-03   1.80098154E-02   5.53996721E-03
   5.97979128E-03  -9.79000330E-03   1.23799127E-02  -6.32010540E-03
   3.81961674E-03  -4.90085222E-04   1.71899796E-02   1.42013270E-03
   8.17976333E-03   2.26995442E-03   8.44992697E-03   1.05200568E-02
   9.28041153E-03  -3.09839088E-04   4.02997714E-03   1.24200694E-02
   7.32002268E-03   5.69645781E-04   3.52001749E-03   2.76999781E-03
   6.73996285E-03  -3.39001673E-03   4.23005130E-03   1.09006721E-03
   1.23195294E-02  -5.49981464E-03   3.61997867E-03  -4.91014868E-03
   1.37195950E-02  -7.85017107E-03   6.41989009E-03  -5.14008850E-03
   1.95995551E-02  -5.57042239E-03   6.12980640E-03  -1.83987443E-03
   2.23398395E-02  -3.85982473E-03   1.90900322E-02   8.14990886E-03
   2.31995434E-02  -7.97994621E-03   1.75000820E-02   1.18801054E-02
   2.30800323E-02  -7.56008970E-03   3.08500063E-02   1.87399685E-02
   2.38403119E-02  -1.24098416E-02   3.39399911E-02   3.29700224E-02
   2.77997926E-02  -9.50052496E-03   3.42900828E-02   2.79701799E-02
   2.93803569E-02  -9.10051074E-03   2.88801435E-02   1.61296781E-02
   2.68597994E-02  -1.27997920E-02   1.52200647E-02   1.80800632E-02
   2.69200206E-02  -1.08300606E-02   7.22998939E-03   2.12001037E-02
   2.91002505E-02  -1.75404064E-02   2.22981395E-03   2.05600206E-02
   3.09802219E-02  -1.82495788E-02   2.56993389E-03   2.06498969E-02
   2.49000359E-02  -1.72697473E-02  -2.50068901E-04   2.42301412E-02
   2.26404946E-02  -2.21697651E-02  -2.69998447E-04   2.87201460E-02
   2.52401158E-02  -2.40902100E-02   6.57010963E-03   1.72301084E-02
   2.17791665E-02  -2.43196171E-02   4.20982717E-03   8.50988366E-03
   1.79803874E-02  -1.85502972E-02   3.50993429E-03   8.48024804E-03
   1.32795433E-02  -1.77602917E-02   1.10000034E-03  -1.18299853E-02
   1.38396621E-02  -2.06502397E-02  -1.17986975E-03  -1.29100056E-02
   1.70405600E-02  -2.10402478E-02   1.39980181E-03  -3.35026812E-03
   1.92004554E-02  -2.14492846E-02   1.35099068E-02   3.17997346E-03
   1.92799270E-02  -2.12298557E-02   1.87599193E-02  -6.33006543E-03
   2.01601330E-02  -2.09700558E-02   1.84701085E-02  -1.34401154E-02
   2.07798071E-02  -1.92699041E-02   1.88199561E-02  -1.61199681E-02
   2.14797519E-02  -3.12299635E-02   1.48202600E-02  -1.29901292E-02
   1.60001218E-02  -3.56597491E-02   1.85997132E-02  -1.08800661E-02
   1.69990901E-02  -4.00603302E-02   1.90899093E-02  -9.55998339E-03
   1.67405885E-02  -4.65300083E-02   1.67398006E-02  -1.08999445E-03
   1.70797501E-02  -4.50502373E-02   1.15500838E-02   2.44003115E-03
   1.47005580E-02  -3.90398279E-02   1.72101613E-02  -5.69993630E-03
   1.40000777E-02  -3.36003341E-02   1.18601602E-02  -4.56008269E-03
   1.18608819E-02  -3.39001939E-02   1.61498617E-02   2.27015372E-03
   9.78048332E-03  -2.94900872E-02   1.38799231E-02   2.06980901E-03
   6.23982772E-03  -3.18806581E-02   1.29099740E-02   1.77998492E-03
   7.38036539E-03  -2.23300532E-02   1.13898395E-02  -5.00415044E-05
   6.42006425E-03  -2.50902493E-02   2.38301251E-02  -4.72021755E-03
   7.48067908E-03  -2.73202192E-02   1.65600516E-02  -8.79922183E-04
   1.11400224E-02  -2.36401204E-02   6.03003427E-03  -4.84995684E-03
   7.68027827E-03  -2.72797607E-02   1.23400511E-02   1.59993616E-03
   5.52019151E-03  -3.83600295E-02   1.50800357E-02   5.79008926E-03
   7.61993974E-03  -4.32701632E-02   1.45301027E-02   1.02900686E-02
   5.22003369E-03  -4.03900482E-02   1.20800901E-02   2.77981954E-03
   5.55919530E-03  -3.71800587E-02   9.12995543E-03  -9.49921552E-04
   1.00201638E-02  -3.08504906E-02   5.41017158E-03   5.77999931E-03
   7.65940826E-03  -2.90996172E-02   1.15999579E-02   4.49005282E-03
   1.00610498E-02  -3.13101225E-02   1.92000661E-02   5.24985371E-03
   1.36396373E-02  -2.84699053E-02   7.69009395E-03   1.40098920E-02
   1.42595246E-02  -3.02900057E-02   1.13983871E-03   1.29099712E-02
   1.44401910E-02  -2.95699760E-02   1.48004421E-03   1.33601008E-02
   1.54000893E-02  -3.01798079E-02  -3.08993924E-03   1.00799343E-02
   1.48205627E-02  -2.52296124E-02   1.49796177E-02   1.36301713E-02
   8.70029349E-03  -2.01995615E-02   1.32399658E-02   2.42498219E-02
   9.24954377E-03  -2.24407706E-02   1.74799506E-02   2.07299739E-02
   1.74898058E-02  -2.44205315E-02   2.23000757E-02   2.45600287E-02
   9.52999201E-03  -2.24896520E-02   1.95498895E-02   1.71200894E-02
   6.47062017E-03  -3.45301740E-02   2.31002104E-02   1.86100118E-02
   1.05696619E-02  -3.28102298E-02   1.15800891E-02   1.91099104E-02
   1.52506651E-02  -3.68200354E-02  -5.29626908E-04   2.10798644E-02
   1.09901289E-02  -2.87196208E-02  -3.63040506E-03   2.16898657E-02
   1.26497988E-02  -1.39902467E-02  -4.77010291E-03   2.24899799E-02
   1.40294759E-02  -2.11902279E-02   3.17978580E-03   2.05699112E-02
   1.89306978E-02  -1.83404218E-02   8.25001951E-03   2.17401534E-02
   1.82302669E-02  -2.30299979E-02   5.90996025E-03   1.75800528E-02
   1.48091670E-02  -3.41300331E-02   8.56013224E-03   1.81800388E-02
   1.28702577E-02  -2.75301561E-02   4.79017803E-03   1.41100083E-02
   1.47901997E-02  -2.44400352E-02  -5.49018104E-03   3.20299119E-02
   1.73298735E-02  -1.90900993E-02   1.83006306E-03   1.53800715E-02
   1.84310973E-02  -1.14400648E-02   1.30097661E-02   1.05901072E-02
   1.77500900E-02  -1.70495547E-02   8.80993158E-03   9.48997587E-03
   1.92297995E-02  -2.03696322E-02   1.62099674E-02   2.78987596E-03
   1.86101161E-02  -1.91698857E-02   1.98399518E-02  -7.56003149E-03
   1.93297584E-02  -1.11801941E-02   1.64100528E-02  -1.50031410E-04
   1.70698594E-02  -1.54801942E-02   2.18297094E-02   5.08004939E-03
   1.26303639E-02  -2.65297666E-02   2.87997648E-02   3.60117672E-04
   1.24704596E-02  -3.31803113E-02   3.26101109E-02   1.03009143E-03
   7.48938927E-03  -2.93596014E-02   3.10696401E-02   8.34001694E-03
   1.25500606E-02  -2.30202377E-02   2.64700614E-02   4.52992879E-03
   1.85301788E-02  -1.78600680E-02   1.07598966E-02   5.80997253E-03
   2.14495230E-02  -2.10499112E-02   1.40022999E-03   9.54006054E-03
   1.88494995E-02  -1.87296923E-02   6.13983534E-03   1.20100379E-02
   1.66900102E-02  -9.15980618E-03   3.94969387E-03   1.22900205E-02
   1.32894311E-02  -1.92501154E-02   5.26004005E-03   5.34000667E-03
   1.22691495E-02  -1.66798644E-02   8.63995589E-03   9.04009026E-03
   1.33503918E-02  -2.57096607E-02   3.24964128E-03   1.54980714E-03
   1.29709449E-02  -1.54298563E-02   2.11009430E-03   1.55202048E-02
   1.66898742E-02  -3.60977766E-03  -7.07002124E-03   1.81699190E-02
   2.08701473E-02  -7.68005894E-03  -1.06398743E-02   2.38199625E-02
   1.59498975E-02  -1.75300464E-02  -1.46899959E-02   1.57600176E-02
   1.53288916E-02  -1.77696180E-02  -1.75000150E-02   1.12599256E-02
   1.02692684E-02  -1.72199942E-02  -1.17196171E-02   9.99993831E-03
   7.85033032E-03  -2.38600001E-02  -1.22296670E-02   1.47600742E-02
   5.19026536E-03  -2.34500561E-02  -1.67900939E-02   1.06101390E-02
   5.30959060E-03  -2.27497518E-02  -2.07198430E-02   1.66301094E-02
   6.77032629E-03  -2.58800406E-02  -1.49200018E-02   2.74701566E-02
   4.47037583E-03  -2.44797803E-02  -1.67899579E-02   3.91901359E-02
   7.09025702E-03  -2.39699073E-02  -1.19599421E-02   3.42300870E-02
   7.50946766E-03  -1.25599261E-02  -5.09010581E-03   3.10399700E-02
   7.49065541E-03  -2.13598795E-02  -2.47016596E-03   3.05800419E-02
   8.63011461E-03  -1.84301734E-02  -2.63006613E-03   3.64500768E-02
   1.10296989E-02  -1.46700069E-02   4.60061681E-04   3.36200073E-02
   9.67062265E-03  -1.05799781E-02  -6.60109799E-04   2.65299231E-02
   1.07293744E-02  -5.40961651E-03   6.33029267E-03   2.61000525E-02
   1.01498850E-02  -1.16970588E-03   3.81001621E-03   1.25698065E-02
   8.65035038E-03   1.23996194E-03   2.00019171E-03   9.49012674E-03
   1.33310137E-02  -3.50947934E-03  -7.25039467E-03   1.80700794E-02
   1.29097980E-02  -1.37009646E-03  -1.79103408E-02   1.60500910E-02
   1.03698634E-02   8.30061035E-04  -1.39797796E-02   1.34000638E-02
   9.69013106E-03   3.29992617E-03  -1.16597516E-02   1.40122138E-04
   1.00098345E-02   4.14036773E-03  -1.80301089E-02  -4.80266521E-04
   1.30304536E-02   5.04018879E-03  -1.11699821E-02   7.00078905E-04
   1.21505493E-02  -2.31961557E-03  -2.42801290E-02  -2.90999119E-03
   9.29042418E-03  -5.82976546E-03  -3.24498862E-02  -1.58300344E-02
   5.29080164E-03  -7.48994714E-03  -3.29499319E-02  -1.55198649E-02
   4.36984468E-03  -9.97037999E-03  -3.22898105E-02   1.12013996E-03
   3.51045094E-03  -1.27703557E-02  -3.22696939E-02   1.65600926E-02
   2.66972859E-03  -1.11199440E-02  -2.62100641E-02   6.36998983E-03
   2.91032391E-03  -1.90703217E-02  -2.86100451E-02  -1.73015171E-03
   3.93006345E-03  -2.38399617E-02  -2.01799702E-02  -6.95991702E-03
   2.16980232E-03  -2.09503770E-02  -1.88299138E-02   6.74012024E-03
  -1.36959355E-03  -2.08501108E-02  -9.28001199E-03   1.48998760E-03
   2.75077019E-03  -1.13602681E-02  -2.21199039E-02   1.09993620E-04
   1.29045080E-03  -1.48700606E-02  -1.91404317E-02   2.18399875E-02
  -2.80948239E-03  -9.87014826E-03  -9.27992817E-03   1.56499501E-02
  -4.27005021E-03  -9.32941306E-03   1.33002200E-03   2.05699969E-02
   1.15082436E-03  -1.33999186E-02  -1.56002480E-03   2.38600057E-02
   5.66981081E-03  -1.16395829E-02  -7.76983146E-03   1.41999461E-02
   7.62969116E-03  -1.97001845E-02  -1.36598535E-02   1.61700360E-02
   7.48968357E-03  -1.69400647E-02  -2.91901305E-02   4.02985699E-03
   3.24991625E-03  -1.52890822E-02  -1.99701209E-02   3.60991899E-03
  -3.93012865E-03  -1.38600199E-02  -1.70799959E-02   1.12501290E-02
  -8.55124649E-03  -5.58937434E-03  -1.37198092E-02  -8.01026355E-03
  -1.04300175E-02  -1.39905475E-02  -8.55987612E-03  -2.22001551E-03
  -1.04714716E-02  -1.09602520E-02   3.07019241E-03  -7.42975902E-03
  -1.22115798E-02  -4.08964977E-03   1.67796202E-02   4.66999598E-03
  -1.32105295E-02  -1.79027545E-03  -3.20182327E-04   4.78999410E-03
  -1.42300744E-02  -2.84007518E-03  -2.43976898E-03   3.84022784E-03
  -1.14903096E-02  -1.88013865E-03  -2.61990749E-03   4.55011614E-03
  -1.49893295E-02  -2.36019422E-03  -1.51038216E-03   3.13987187E-03
  -2.04500426E-02   1.65008171E-03  -1.30199352E-02   9.25967097E-03
  -1.85303576E-02  -8.60946439E-03  -2.07999367E-02   3.89992259E-03
  -1.95901375E-02  -3.32983909E-03  -2.09602695E-02  -1.17199374E-02
  -1.84303988E-02   1.01302192E-02  -1.85702723E-02  -3.71987373E-03
  -1.00508872E-02   4.33978671E-03  -1.67997479E-02  -3.73001932E-03
  -1.53702069E-02  -6.10301213E-04  -7.44008645E-03   1.07992184E-03
  -1.59303062E-02   1.04017113E-03  -2.15041987E-03   7.64999585E-03
  -9.12970770E-03   6.89969398E-03   4.45982767E-03   1.48399696E-02
  -1.19908834E-02   7.49004213E-03  -8.23990442E-03   1.76401325E-02
  -1.11100087E-02   3.14986939E-03  -3.44995758E-03   1.86201427E-02
  -1.83697343E-02   7.82011729E-03  -1.21501554E-02   2.25800965E-02
  -1.61287356E-02   8.05021636E-03  -1.75101347E-02   1.64301414E-02
  -1.46709830E-02  -2.40348716E-04  -1.99797638E-02   1.22301774E-02
  -1.45293856E-02   3.57005023E-03  -1.77499726E-02   1.89597830E-02
  -1.26098283E-02   2.71935156E-03  -4.28975280E-03   2.88300179E-02
  -1.50490850E-02   6.89738779E-04  -6.21013204E-03   1.07300589E-02
  -1.38509246E-02   9.80439363E-04  -5.57011273E-03   3.00006766E-04
  -1.78502575E-02  -1.01696718E-02  -1.11008971E-03   9.17987432E-03
  -1.70697272E-02  -9.80001967E-03   6.20242208E-04   7.48998392E-03
  -2.14095358E-02  -5.34968730E-03  -1.30019372E-03   1.82799082E-02
  -2.54703611E-02   2.84981262E-03  -1.65963569E-03   1.65299028E-02
  -3.00708208E-02   9.76041425E-03  -6.60057412E-04   1.76900867E-02
  -2.96089202E-02   8.76969844E-03   8.73984210E-03   1.98401008E-02
  -3.02695837E-02   1.30296052E-02   1.01503087E-02   1.78600457E-02
  -3.30906920E-02   1.67405307E-02   2.27986416E-03   1.77025504E-03
  -3.48707289E-02   6.82963524E-03   5.75006427E-03   1.28402486E-02
  -3.99279855E-02  -3.77999479E-03   8.60996637E-03   1.47298994E-02
  -3.71307060E-02  -8.32029432E-03   2.10022251E-03   1.60000585E-02
  -3.58294807E-02  -1.48399184E-02  -1.54030183E-03   1.29900528E-02
  -3.70100774E-02  -1.40202427E-02  -1.03398534E-02   2.03500018E-02
  -3.62300314E-02  -2.15805657E-02  -1.21001955E-02   2.05100477E-02
  -3.79499644E-02  -1.54192988E-02  -4.96983808E-03   2.94598248E-02
  -3.87704521E-02  -2.34199837E-02  -1.41500179E-02   2.15998888E-02
  -3.46904323E-02  -3.38400342E-02  -1.06300702E-02   2.90100574E-02
  -3.76694947E-02  -2.68194601E-02  -1.89298280E-02   1.64500345E-02
  -3.83898914E-02  -2.07003839E-02  -3.14096734E-02   1.36400852E-02
  -3.50507982E-02  -1.64400600E-02  -3.03999260E-02   1.89300962E-02
  -3.34299132E-02  -1.98703613E-02  -3.32199857E-02   2.32099369E-02
  -3.56106386E-02  -2.17401013E-02  -2.06999239E-02   1.70900300E-02
  -3.42095941E-02  -2.39701774E-02  -2.25100797E-02   1.38898687E-02
  -3.59092876E-02  -2.66398992E-02  -2.24600136E-02   1.20301433E-02
  -3.95507775E-02  -2.55600251E-02  -1.03497002E-02   1.24995795E-03
  -4.03908975E-02  -2.70498190E-02  -5.98040735E-03  -7.47010345E-03
  -4.08104584E-02  -2.74102148E-02  -7.12005422E-03  -8.84012040E-03
  -4.65307049E-02  -3.40197012E-02  -3.51996627E-03   7.76015222E-03
  -4.02909629E-02  -3.95100527E-02  -3.01970402E-03   3.51010566E-03
  -3.84303555E-02  -4.72103357E-02  -8.62995442E-03   1.23500135E-02
  -3.61303836E-02  -2.95003299E-02  -4.50022519E-03   1.08601581E-02
  -2.95491274E-02  -2.89398786E-02  -1.44702950E-02   1.18598454E-02
  -3.33712064E-02  -2.37400904E-02  -6.29967032E-03   2.08999589E-02
  -3.25897597E-02  -2.43097693E-02   1.80428411E-04   2.43597887E-02
  -2.82498356E-02  -1.42801497E-02   4.92977723E-03   1.93500072E-02
  -3.06498036E-02  -2.35698093E-02  -1.50017045E-03   9.98012815E-03
  -3.66904177E-02  -2.38698758E-02   1.26101682E-02   1.51598994E-02
  -3.61297354E-02  -3.35006639E-02   1.43499449E-02   2.71402448E-02
  -3.59103084E-02  -3.91898528E-02   7.18021952E-03   2.43198387E-02
  -3.72307114E-02  -3.50995362E-02   1.96798984E-02   3.18799205E-02
  -4.10304591E-02  -3.10196523E-02   2.07701307E-02   3.07600703E-02
  -3.98898125E-02  -2.60596685E-02   2.76799034E-02   3.04199420E-02
  -4.41300981E-02  -2.83696465E-02   2.91300323E-02   2.74600741E-02
  -4.79500964E-02  -3.43204848E-02   2.76901536E-02   2.67600045E-02
  -4.78299037E-02  -1.74995568E-02   3.44500095E-02   2.26202775E-02
  -4.66901623E-02  -1.80998147E-02   3.17301452E-02   2.00700480E-02
  -4.51503955E-02  -8.89013708E-03   2.96397842E-02   8.23988952E-03
  -4.93702888E-02  -1.50098531E-02   3.73702534E-02   8.62012431E-03
  -5.00490665E-02  -1.34198917E-02   3.76802497E-02   1.21500092E-02
  -5.01289889E-02  -1.38602275E-02   2.96300445E-02  -1.49920554E-04
  -5.15501238E-02  -1.95198972E-02   3.65502574E-02   6.53011771E-03
  -4.98105325E-02  -2.57103927E-02   4.29798290E-02   4.07996122E-03
  -5.01504838E-02  -2.70601995E-02   5.21199293E-02   5.00115450E-04
  -5.09699360E-02  -2.33702622E-02   4.13601436E-02   4.02025599E-03
  -5.03905751E-02  -1.26402015E-02   4.26102020E-02   5.83998440E-03
  -5.39302789E-02  -1.53016066E-03   4.22399417E-02  -4.77981148E-03
  -5.71515486E-02  -2.44977558E-03   4.67798971E-02   3.51007027E-03
  -6.09708838E-02  -8.37989990E-03   3.24698240E-02   3.78003274E-03
  -6.14110678E-02  -1.32696582E-02   2.85898298E-02   7.72970403E-03
  -6.02905229E-02  -1.40500842E-02   2.46898290E-02   2.37009418E-03
  -6.09101765E-02  -1.71399433E-02   2.02600863E-02   6.02995791E-03
  -5.93502149E-02  -1.23399813E-02   2.06202418E-02   2.41001719E-03
  -6.07680418E-02  -8.13021511E-03   1.52998194E-02   3.64990463E-03
  -6.50090799E-02  -1.31302355E-02   2.18498930E-02  -3.68989329E-03
  -6.64694607E-02  -8.70223681E-04   1.82696972E-02  -1.75987242E-03
  -6.57698438E-02   6.55053323E-03   1.97698548E-02   4.34985105E-03
  -6.37896061E-02  -1.01996539E-03   4.36974643E-03   1.41299497E-02
  -5.85507005E-02  -3.12023563E-03  -5.21032978E-03   2.36000326E-02
  -6.28504008E-02   1.70006766E-03   1.60977687E-03   1.95101183E-02
  -6.04686290E-02   1.70991791E-03   1.29983772E-03   1.24797858E-02
  -6.00305423E-02   7.92023446E-03   3.90983513E-03   2.24998351E-02
  -6.24904633E-02   1.01397838E-02   9.88982804E-03   5.88992052E-03
  -6.13301210E-02   1.26897972E-02   1.17905457E-02   1.07499845E-02
  -6.35102391E-02   1.70033134E-04  -3.79035715E-03   1.80001389E-02
  -6.10500760E-02   3.25979339E-03   2.07002414E-03   1.66998226E-02
  -6.60897270E-02  -1.84999313E-03   3.97998560E-03   1.78600103E-02
  -6.26494214E-02   1.91998738E-03  -5.90096868E-04   2.36000009E-02
  -6.46698549E-02   3.84960347E-03  -1.19301984E-02   1.96401868E-02
  -5.88920042E-02   6.92999875E-03  -2.32900791E-02   1.56700909E-02
  -5.87095656E-02   8.91989749E-03  -2.05999576E-02   1.66600589E-02
  -5.80284595E-02   4.00976790E-03  -8.45006946E-03   1.43200243E-02
  -5.49504086E-02   3.82992346E-03   1.45011395E-03   1.53301898E-02
  -4.74701226E-02   4.10001073E-03   1.35008479E-03   1.25799626E-02
  -4.88500744E-02   2.82991049E-03   1.06699532E-02   1.78098530E-02
  -5.10276444E-02   4.61006258E-03   2.29996745E-03   1.29200295E-02
  -4.55487967E-02   1.24101602E-02  -1.01999687E-02   1.06700333E-02
  -4.83304374E-02   7.40059698E-03  -8.45026691E-03  -7.29005365E-03
  -4.84912768E-02   7.90302525E-04  -1.95596870E-02  -1.05001638E-03
  -4.38894145E-02  -3.49001330E-03  -1.58600584E-02  -4.46010148E-03
  -4.25710604E-02   2.90641066E-04  -2.30987766E-03   1.13298632E-02
  -4.38499860E-02  -3.89997615E-03   2.47999746E-03   1.75599717E-02
  -3.82517055E-02  -1.00997998E-03   8.05016514E-03   1.77099798E-02
  -4.23894450E-02  -8.83018412E-03   1.02798659E-02   2.05302127E-02
  -4.52488698E-02  -3.14037106E-03   1.66198537E-02   6.60990831E-03
  -4.03711274E-02   4.20017081E-04   7.01003196E-03   2.63991230E-03
  -4.10492904E-02  -1.23200659E-02   1.86800342E-02   6.12008478E-03
  -4.32102643E-02  -1.54598616E-02   2.00299844E-02   9.91995633E-03
  -4.47305776E-02  -7.49000534E-03   1.34899924E-02   1.13800745E-02
  -4.42508496E-02  -4.40978352E-03   1.07100531E-02   6.41002692E-03
  -4.01505940E-02  -2.49989401E-03   1.87299717E-02   1.49098746E-02
  -3.98705974E-02  -1.64983515E-03   1.49902534E-02   6.46989420E-03
  -3.97291332E-02   1.17201591E-02   1.03000477E-02   1.37499664E-02
  -3.81895415E-02   1.43998535E-02   5.51038980E-03   5.50996698E-03
  -4.17102054E-02   1.77699067E-02   5.97985229E-03   1.10199768E-02
  -4.02902067E-02   2.49901041E-02   8.25999118E-03   1.32500976E-02
  -4.20700163E-02   2.26395279E-02  -4.26012371E-03   1.58098843E-02
  -4.07101139E-02   2.44302992E-02  -1.31696593E-02   2.52999980E-02
  -3.93904261E-02   2.46702582E-02  -2.04700269E-02   2.72300579E-02
  -4.21702936E-02   1.97799839E-02  -2.05598753E-02   3.33499946E-02
  -4.22506779E-02   1.70502719E-02  -2.32999064E-02   2.78599057E-02
  -3.95709872E-02   2.45400686E-02  -2.64599677E-02   3.99100445E-02
  -4.12497222E-02   9.55015048E-03  -2.22798269E-02   3.36300954E-02
  -3.88099067E-02   4.11992986E-03  -9.38959513E-03   3.46398354E-02
  -3.56292874E-02  -1.80438976E-04   4.10122622E-04   3.01299896E-02
  -3.43505219E-02   1.08599290E-02   2.89980974E-03   4.39600982E-02
  -3.51703689E-02   1.83392353E-02  -7.45989289E-03   3.92297208E-02
  -3.12094856E-02   5.73024293E-03   4.42978414E-03   2.85999253E-02
  -3.12899016E-02   5.90058917E-04   1.20000215E-02   3.27502601E-02
  -2.80497037E-02  -6.84991758E-03   1.16702197E-02   2.79898681E-02
  -2.78509986E-02  -3.10971239E-03   6.92994846E-03   2.21798997E-02
  -2.97703501E-02   5.31949755E-03   3.53020616E-03   2.39399262E-02
  -2.79083587E-02   5.99002419E-03   1.55899180E-02   1.92301888E-02
  -3.36894728E-02   3.69994319E-03   1.82196759E-02   2.12598536E-02
  -3.65709178E-02   1.04004284E-03   1.87400822E-02   2.78499201E-02
  -4.10697013E-02  -4.84949816E-03   4.83006099E-03   2.13600229E-02
  -4.47700806E-02  -7.66030746E-03   8.09971709E-03   2.11198702E-02
  -4.68294248E-02  -1.86103377E-02   1.41594717E-02   1.45700816E-02
  -5.20704053E-02  -2.25497466E-02   8.04980565E-03   3.20801325E-02
  -4.88104783E-02  -2.49996465E-02   1.22899683E-02   3.00500877E-02
  -4.78500612E-02  -3.33098061E-02   2.14103088E-02   2.25903504E-02
  -4.46909629E-02  -2.55500022E-02   2.61198636E-02   1.76101271E-02
  -4.74104397E-02  -2.61403490E-02   2.11298876E-02   1.61803458E-02
  -4.14097570E-02  -3.11901830E-02   1.71301402E-02   2.62300037E-02
  -3.55505422E-02  -2.96101738E-02   1.66102555E-02   2.45000534E-02
  -3.27283815E-02  -2.78895423E-02   2.46102959E-02   3.53000313E-02
  -2.74895839E-02  -3.18099521E-02   2.94599682E-02   2.56702192E-02
  -2.42502373E-02  -3.42008509E-02   3.31700556E-02   2.76098549E-02
  -2.43705735E-02  -2.19399016E-02   2.59100385E-02   1.98198799E-02
  -2.95893103E-02  -2.26198882E-02   2.23500226E-02   2.18600780E-02
  -3.78883108E-02  -3.02697849E-02   3.15298811E-02   2.20698938E-02
  -4.30293120E-02  -3.88900042E-02   3.04704458E-02   1.81300528E-02
  -4.58714589E-02  -2.98296437E-02   2.14198455E-02   2.44601071E-02
  -4.08706553E-02  -2.42800917E-02   1.39899962E-02   2.97899973E-02
  -3.87696289E-02  -1.53302234E-02   1.90903321E-02   2.63098869E-02
  -3.97304483E-02  -1.84702557E-02   1.32502820E-02   2.65199803E-02
  -3.95093672E-02  -3.14798020E-02   3.03997984E-03   1.55299371E-02
  -3.89510542E-02  -2.77903453E-02  -3.84984887E-03   1.51099022E-02
  -4.11503017E-02  -1.91296507E-02  -1.46699771E-02   4.39998042E-03
  -3.80106457E-02  -2.12899316E-02  -2.11597998E-02   8.23990908E-03
  -3.48493271E-02  -2.07303688E-02  -1.90998334E-02   4.87992493E-03
  -3.14514562E-02  -2.16797646E-02  -2.44400203E-02  -5.16024418E-03
  -3.62313539E-02  -1.37196239E-02  -1.37800770E-02  -3.71985603E-03
  -3.95311601E-02  -2.11101919E-02  -1.85017160E-03  -1.48400543E-02
  -3.82310227E-02  -2.32995804E-02  -4.57985140E-03  -2.20000129E-02
  -4.19886038E-02  -1.76599585E-02   6.45001372E-03  -1.85400285E-02
  -4.52500731E-02  -2.90020532E-03  -1.16001931E-03  -2.19999086E-02
  -4.80297282E-02   1.18998699E-02  -1.06798578E-02  -1.27298627E-02
  -4.67101261E-02   1.66100748E-02  -1.58602204E-02  -8.05001892E-03
  -4.93702516E-02   1.13402074E-02  -2.32097916E-02   9.29825299E-04
  -4.86110076E-02   4.32924740E-03  -1.99402291E-02   8.21984466E-03
  -5.23703508E-02   4.65031341E-03  -2.16497909E-02   1.52601181E-02
  -5.35104312E-02   8.91951844E-03  -1.20503111E-02   9.61001590E-03
  -5.50311394E-02   1.29901897E-02  -9.63009708E-03   6.39003329E-03
  -6.33711070E-02   2.01296844E-02  -1.14698512E-02   1.23014720E-03
  -5.49112372E-02   1.26599427E-02  -1.49201201E-02   1.91022491E-03
  -4.78097089E-02   5.36024012E-03  -5.31011308E-03  -3.86998104E-03
  -4.69706282E-02   1.39400791E-02  -8.50012712E-03  -2.97000073E-03
  -4.54702415E-02   7.24018365E-03  -9.24010668E-03  -8.56996235E-03
  -5.43297306E-02  -2.59774475E-04  -7.80014228E-03   1.12010632E-03
  -5.62485345E-02   1.00097796E-02  -8.77960864E-03   3.27976467E-03
  -5.48101179E-02   8.78979918E-03  -1.00800777E-02  -6.19886094E-04
  -5.56301512E-02   1.09299216E-02  -6.72946358E-03   6.23012753E-03
  -6.01297580E-02   1.89941947E-03   6.07019570E-03   5.62022114E-03
  -6.20697923E-02  -6.44989498E-03  -2.92015821E-03   2.40006670E-03
  -6.24104515E-02  -4.63000080E-03  -7.96964299E-03   2.15013092E-03
  -6.22292086E-02   7.35952891E-03  -1.15698362E-02   2.15994590E-03
  -6.20505363E-02   5.70155331E-04   2.50072655E-04  -9.22985096E-03
  -6.50716051E-02   5.77970874E-03  -4.43003513E-03  -7.95990694E-03
  -6.50101304E-02   9.44026373E-03  -5.93014667E-03  -3.86000774E-03
  -7.54303709E-02   1.21709527E-02   2.18993984E-03   1.21013098E-03
  -7.39307106E-02   7.40919216E-03   5.18049067E-03   1.97006878E-03
  -7.75924176E-02   9.10061761E-04   1.09978439E-03  -9.01996717E-03
  -7.92902038E-02   8.68038926E-03   1.12499492E-02  -1.91498902E-02
  -8.15293491E-02   1.38198901E-02   3.94957047E-03  -1.03001324E-02
  -8.08115453E-02   1.38100190E-02   6.48989528E-03  -1.57401562E-02
  -8.19306448E-02   1.07197929E-02   2.31999648E-03  -9.10007488E-03
  -8.37295204E-02   9.27971769E-03   5.59801818E-04  -2.13900637E-02
  -7.95309097E-02   9.14022326E-03  -1.40014134E-04  -2.30900086E-02
  -8.38282406E-02   2.03304067E-02  -2.12972332E-03  -2.38102693E-02
  -8.75303000E-02   1.83800496E-02   5.97029133E-03  -2.26600766E-02
  -8.86095688E-02   9.32040997E-03   2.66981917E-03  -2.22699661E-02
  -8.45305026E-02   3.06037790E-03   8.73999018E-03  -2.05800626E-02
  -8.16510916E-02   1.29598519E-02   1.79099794E-02  -3.41900587E-02
  -7.65703842E-02   2.10703071E-02   9.86998715E-03  -3.53797749E-02
  -7.59700239E-02   1.89800300E-02   1.14802448E-02  -2.64199506E-02
  -7.59899244E-02   2.33698823E-02   1.64298899E-02  -2.41801534E-02
  -7.80104548E-02   3.27195413E-02   2.60300543E-02  -2.36986624E-03
  -7.60892332E-02   3.15701775E-02   2.91097946E-02  -1.13400072E-02
  -7.86510035E-02   3.14503238E-02   2.98101958E-02   5.78991091E-03
  -7.90085718E-02   3.03998403E-02   1.79503281E-02   1.50002120E-02
  -7.64109865E-02   2.23801322E-02   2.70299707E-02   1.57899279E-02
  -7.72493780E-02   2.37600077E-02   3.37499715E-02  -1.45016657E-03
  -7.85707235E-02   2.35000029E-02   2.64999829E-02  -1.01008103E-03
  -7.90095180E-02   1.82696860E-02   3.32903676E-02  -4.47001588E-03
  -7.99908414E-02   2.52600312E-02   2.50901282E-02   6.55995542E-03
  -8.19289610E-02   1.00698816E-02   1.83498319E-02   1.02202827E-02
  -8.49282146E-02   9.25006066E-03   1.23800468E-02   6.85988832E-03
  -8.39689001E-02   4.01014136E-03   1.51300365E-02   1.17903305E-02
  -8.13691244E-02   1.38598830E-02   1.68499649E-02   1.69002190E-02
  -8.08507130E-02   5.05968044E-03   2.43998282E-02   2.02000011E-02
  -8.16881508E-02  -8.93970765E-03   3.25006293E-03   1.76898371E-02
  -8.74495879E-02   4.42010583E-03  -8.65000580E-03   1.79101042E-02
  -9.02899280E-02  -4.69027320E-03   1.56971510E-03   1.13102021E-02
  -8.63715336E-02  -3.68936849E-03  -8.90040654E-04   2.01199204E-02
  -7.71501437E-02  -8.91987607E-03  -5.35993883E-03   1.70200076E-02
  -7.52493292E-02  -4.66002617E-03  -1.09198354E-02   1.32699581E-02
  -7.60897920E-02  -1.90400034E-02  -1.60999447E-02   1.42800547E-02
  -7.29493052E-02  -1.22300116E-02  -2.11199764E-02   1.45402625E-02
  -7.61111379E-02  -8.22948851E-03  -4.00012080E-03   1.55701321E-02
  -7.77483955E-02  -2.31195986E-02  -3.61985737E-03  -8.99816107E-04
  -7.56918937E-02  -3.97097021E-02  -4.32037842E-03  -5.72987460E-03
  -8.43702182E-02  -3.83999757E-02  -1.36498529E-02   1.27398828E-02
  -8.08696300E-02  -4.38199416E-02  -8.06988776E-03   3.60983191E-03
  -8.05702060E-02  -4.90505397E-02  -6.87992899E-03   8.51998478E-03
  -7.66701028E-02  -3.09905596E-02  -3.56027763E-03   9.83007532E-03
  -7.96907023E-02  -3.19997855E-02   9.49005876E-03   4.70979838E-03
  -7.95293301E-02  -2.85204388E-02   1.16202282E-02   1.71297789E-02
  -8.22295621E-02  -3.19896452E-02   9.23965219E-03   1.48201194E-02
  -8.39293599E-02  -3.40998881E-02   7.92040769E-03   1.90001037E-02
  -8.36309567E-02  -2.94297878E-02   4.89002699E-03   1.97898466E-02
  -8.27290192E-02  -3.74401063E-02   1.27999829E-02   2.82900557E-02
  -8.42902884E-02  -3.41000520E-02   8.80989153E-03   3.47500518E-02
  -8.39103386E-02  -2.79803295E-02   8.91004130E-03   3.31200249E-02
  -8.57889429E-02  -2.99995877E-02  -8.89721792E-04   3.24399769E-02
  -8.16325024E-02  -2.92894430E-02   4.48977295E-03   2.80501042E-02
  -8.31689611E-02  -3.54299471E-02  -9.19001922E-03   2.58098878E-02
  -8.44110176E-02  -3.21698189E-02  -4.89024818E-03   2.84099765E-02
  -8.26899037E-02  -3.81804183E-02   7.08002364E-03   1.86001509E-02
  -8.24496895E-02  -3.61701474E-02   2.22979859E-03   1.32900113E-02
  -8.28724504E-02  -3.50500867E-02   1.71983510E-03  -1.55001308E-03
  -7.86491632E-02  -3.44003588E-02  -3.98018584E-03   5.29000768E-03
  -7.83297196E-02  -3.20503414E-02   4.60978504E-03   6.61969092E-03
  -7.37485364E-02  -3.26596573E-02  -9.20997094E-03   1.05602415E-02
  -7.65308961E-02  -2.43898965E-02  -1.09397816E-02   4.36005136E-03
  -7.23107085E-02  -2.59402152E-02  -5.73005434E-03   8.24012887E-03
  -7.16496259E-02  -1.72400959E-02  -5.80183114E-04   2.14700270E-02
  -6.69489056E-02  -1.41302589E-02  -5.69784606E-04   9.53990687E-03
  -6.56898171E-02  -1.75099429E-02   5.75001305E-03   1.19299321E-02
  -7.22288042E-02  -1.84797924E-02   7.33978441E-03   7.05009839E-03
  -7.27324411E-02  -6.09957101E-03   2.87972949E-03  -2.45995400E-03
  -8.15711990E-02  -1.34001570E-02  -2.12028180E-03  -2.18001101E-03
  -8.22689086E-02  -5.82021289E-03  -1.94007275E-03   6.70981873E-03
  -8.61115754E-02   3.89872235E-04  -9.01014637E-03   1.01001645E-02
  -8.37312415E-02  -1.28397886E-02   6.69849920E-04   1.28301270E-02
  -8.06516334E-02  -3.35017708E-03   8.28005187E-03   6.20992808E-03
  -7.92302191E-02  -2.58994242E-03   1.38102183E-02   1.03299553E-02
  -7.90502205E-02  -5.77986846E-03   2.32800581E-02   1.10400002E-02
  -7.45092109E-02  -7.13989325E-03   2.71101631E-02  -5.71000390E-03
  -7.74493217E-02  -8.94023292E-03   2.45900657E-02  -3.00998031E-03
  -8.34484771E-02  -2.67396681E-02   2.22497135E-02   4.54970915E-03
  -8.71088207E-02  -1.11699365E-02   1.61801782E-02   8.77010822E-03
  -8.65301415E-02  -9.71998274E-03   8.70989915E-03   1.74699444E-02
  -8.58668014E-02   6.05985709E-03   3.26980674E-03   2.06000675E-02
  -8.55691954E-02   1.27098989E-02   2.20004912E-03   2.48600971E-02
  -8.47097561E-02   1.61401276E-02   1.78001449E-03   2.41399352E-02
  -8.35123733E-02   1.74502116E-02   6.52970094E-03   2.13101543E-02
  -8.01490471E-02   2.19001323E-02  -1.93017232E-03   1.51899802E-02
  -8.13288391E-02   2.14995276E-02  -8.22006539E-03   1.91501603E-02
  -8.09514672E-02   1.84502229E-02  -5.70999924E-03   1.98999904E-02
  -8.52500275E-02   2.21504606E-02  -1.69001240E-02   2.36797426E-02
  -8.73895735E-02   8.75977892E-03  -1.35896998E-02   2.72800159E-02
  -7.86107332E-02   5.64029720E-03  -9.17998608E-03   2.17199773E-02
  -7.68280402E-02  -9.14011896E-03  -1.10700577E-02   1.26599204E-02
  -7.89097920E-02  -1.36898635E-02  -9.42008756E-03   1.72600318E-02
  -8.06501582E-02  -2.38200277E-02   2.06041103E-03   9.06980969E-03
  -7.63517469E-02  -1.47695784E-02   2.39644141E-04   9.25027486E-03
  -7.61090219E-02  -9.65011586E-03   8.68998468E-03   7.27005862E-03
  -7.53914416E-02  -7.30270753E-04   1.27694756E-02   9.20068473E-04
  -7.51300454E-02   4.72003967E-03  -1.97993661E-03   1.38964062E-03
  -7.03902692E-02   1.21700512E-02  -1.07401544E-02   3.29985749E-04
  -7.47873858E-02   1.85904223E-02  -6.85027707E-03   5.16019715E-03
  -7.28900060E-02   2.94496212E-02  -4.64005955E-03   7.67984055E-03
  -6.89896941E-02   3.72701325E-02  -9.77003668E-03   1.11897495E-02
  -6.97487071E-02   2.42793560E-02  -6.40047621E-03   1.02015177E-03
  -7.29884431E-02   2.03200858E-02  -2.57003680E-03  -1.23003114E-03
  -7.44686946E-02   2.35301182E-02   3.77017050E-03   1.22983451E-03
  -7.75121599E-02   1.68400444E-02   1.03976892E-03   1.09698279E-02
  -7.51714706E-02   4.68046777E-03  -2.76975520E-03   7.78012769E-03
  -8.07508454E-02   2.10001576E-03   1.90013275E-03   1.13100279E-02
  -8.25701803E-02   4.79760143E-04   2.37100199E-02   1.13699557E-02
  -8.27093720E-02   8.44969507E-03   1.90901719E-02   1.91015401E-03
  -8.72091576E-02   6.60004653E-03   1.06100887E-02   5.18997759E-03
  -8.82499367E-02   6.66000461E-03  -7.92040583E-03  -2.97996425E-03
  -8.58510360E-02   5.83943492E-03  -1.66699644E-02   9.98951145E-05
  -8.71485323E-02   2.87046726E-03  -1.63199808E-02  -1.32800043E-02
  -8.97090957E-02   7.57008977E-03  -4.98993881E-03  -2.99899336E-02
  -8.93298239E-02   2.67005572E-03   1.07603651E-02  -1.38098774E-02
  -9.20708105E-02  -4.12056874E-03   9.88023542E-03  -2.02000886E-02
  -9.72112715E-02   8.30005948E-03   9.65976808E-03  -1.85100548E-02
  -9.36487168E-02   6.24945667E-03   1.06299268E-02  -1.33199776E-02
  -8.96521136E-02  -4.87002172E-03   4.86028939E-03  -1.33007113E-03
  -9.15900394E-02  -3.90999392E-03   8.28981400E-03   1.10701164E-02
  -9.36092585E-02  -4.45989892E-03   8.21989123E-03   7.25011714E-03
  -8.57716799E-02  -1.33499559E-02  -9.63011291E-03   6.60984684E-03
  -8.31090584E-02  -1.33899413E-02  -5.45005547E-03   9.81004443E-03
  -8.26709419E-02  -6.97993860E-03   3.56021547E-03   1.14101777E-02
  -7.82514289E-02  -2.27700714E-02   1.32018619E-03   1.85102131E-02
  -7.61689395E-02  -1.47199379E-02   9.55989119E-03   1.58899687E-02
  -7.98892677E-02  -1.37098795E-02   7.02020153E-03   5.75014064E-03
  -8.44298974E-02  -2.48999763E-02   1.09199081E-02  -6.49000332E-03
  -8.38908553E-02  -2.16699429E-02   2.91899927E-02  -8.02994613E-03
  -8.31103474E-02  -2.11597681E-02   3.11799403E-02  -1.88001394E-02
  -8.62721503E-02  -1.80794820E-02   1.26602445E-02   4.70310479E-04
  -9.30522904E-02  -1.82297304E-02   1.05997045E-02  -4.29929321E-04
  -9.43295732E-02  -1.52598321E-02   1.17502380E-02  -2.23003561E-03
  -9.67690721E-02  -1.61098130E-02  -2.50004185E-03  -8.41001701E-03
 -0.103227034      -1.47202760E-02  -5.36995102E-03  -2.30600238E-02
 -0.111428291      -1.61498263E-02  -1.00495936E-02  -1.20100761E-02
 -0.109770052      -2.37595923E-02  -1.38001153E-02  -8.66990164E-03
 -0.104809515      -2.20405720E-02  -2.44195908E-02  -1.22899069E-02
 -0.107469238      -2.23803874E-02  -2.17897650E-02  -6.13995316E-03
 -0.115370348      -2.47200690E-02  -1.56701244E-02  -2.49818026E-04
 -0.114969544      -2.15498637E-02  -2.02400573E-02  -3.04000033E-03
 -0.117789201      -1.72101837E-02  -2.17896532E-02   1.38099762E-02
 -0.120329753      -1.92102231E-02  -2.25099511E-02   8.22998583E-03
 -0.124152027      -1.92298964E-02  -2.71099247E-02   5.59985032E-03
 -0.123290949      -3.35108191E-02  -2.48002093E-02   2.80980254E-03
 -0.122268721      -3.48604172E-02  -1.55902356E-02   2.82988278E-03
 -0.118549809      -2.65097339E-02  -1.09697524E-02  -3.89983907E-04
 -0.120109357      -1.77601036E-02  -3.98014905E-03   1.14199724E-02
 -0.123649992      -2.17904933E-02   4.19985037E-03  -5.30117308E-04
 -0.123809487      -3.04002240E-02  -1.20108627E-04  -8.87025334E-03
 -0.121930026      -2.24801619E-02   1.24699296E-02   3.42989597E-03
 -0.119910732      -2.38301530E-02   9.81008727E-03   4.98996815E-03
 -0.120509855      -3.19203660E-02   3.14011634E-03   1.32199181E-02
 -0.120751768      -4.12105247E-02  -1.81025290E-03   2.27498170E-02
 -0.124730766      -4.14090827E-02  -4.78943158E-03   2.75802072E-02
 -0.128229886      -5.56200966E-02  -2.87976488E-03   2.01200601E-02
 -0.124110356      -5.16597219E-02  -1.04602585E-02   2.84598898E-02
 -0.128569469      -4.69000004E-02  -1.30399447E-02   1.85700599E-02
 -0.127610072      -4.18200307E-02  -2.41600294E-02   2.63901427E-02
 -0.130588204      -3.83894704E-02  -1.86600145E-02   2.44300663E-02
 -0.131709576      -3.12001426E-02  -2.47800853E-02   2.59597749E-02
 -0.134948522      -2.85499692E-02  -2.27200259E-02   2.52398904E-02
 -0.139011011      -3.12898718E-02  -2.16996651E-02   1.43798534E-02
 -0.142169356      -2.30094325E-02  -2.33500805E-02   9.52013955E-03
 -0.144110754      -1.81702953E-02  -7.05004716E-03  -5.50004654E-03
 -0.147567764      -1.36295948E-02  -3.36003094E-03   7.08014192E-03
 -0.147390082      -1.45499622E-02  -9.89791122E-04   8.20017233E-03
 -0.148910657      -1.86103489E-02   6.29874587E-04  -7.67004723E-03
 -0.146310315      -2.25596186E-02   4.76012146E-03  -9.57991835E-03
 -0.147092327      -3.53303738E-02   2.60983245E-03  -2.69995071E-04
 -0.145109683      -4.23102379E-02   3.63033102E-03  -8.43000878E-03
 -0.143828496      -4.44901735E-02  -9.28991567E-03  -1.37000484E-02
 -0.143490255      -3.74799669E-02  -3.61030130E-03  -6.80012722E-03
 -0.144191608      -3.40706185E-02  -1.14200339E-02  -1.30900070E-02
 -0.138949469      -4.64903116E-02  -1.51601005E-02  -1.42697906E-02
 -0.137453794      -3.55203860E-02  -1.32997846E-02  -7.19998032E-03
 -0.134989232      -3.41699682E-02  -6.98034931E-03  -9.40025318E-03
 -0.134091899      -2.69103013E-02   3.75944446E-03  -1.31398840E-02
 -0.132427201      -2.51901895E-02  -9.71029047E-03   9.57003329E-03
 -0.126749292      -2.76301838E-02  -5.28021296E-03  -1.69893436E-04
 -0.125226289      -2.97505930E-02  -9.16010141E-03   4.93023312E-03
 -0.130128860      -3.06100640E-02  -7.16004148E-03   3.25997267E-03
 -0.130310968      -2.56997421E-02  -1.65801831E-02  -1.12697436E-02
 -0.128770202      -2.26905197E-02  -2.60000415E-02  -1.14399875E-02
 -0.127268538      -1.56398825E-02  -2.66202688E-02  -5.90004679E-03
 -0.125050664      -3.71951750E-03  -2.12898888E-02  -6.19791914E-04
 -0.133369714       1.17006283E-02  -2.55200844E-02   1.73999704E-02
 -0.132852167       1.19799506E-02  -1.85903013E-02   2.81299707E-02
 -0.136448294       9.53018572E-03  -2.30301023E-02   1.68800876E-02
 -0.139091164       1.15099056E-02  -2.93303300E-02   4.29962471E-04
 -0.132588804       1.48602836E-02  -3.47295366E-02   5.31013682E-03
 -0.132869363       8.51008948E-03  -1.62103400E-02   7.65015231E-03
 -0.133809388       6.30019372E-03  -2.27299221E-02   2.18296442E-02
 -0.134969845       1.43504860E-02  -2.49098465E-02   1.59298629E-02
 -0.138171464      -1.32025615E-03  -3.52697633E-02   6.30001957E-03
 -0.141428262      -4.73050913E-03  -3.03899199E-02   4.55000019E-03
 -0.139810890       1.79967983E-03  -3.40400152E-02   4.10985108E-03
 -0.144090980      -2.07999703E-02  -1.59097891E-02   1.46017794E-03
 -0.142730609      -1.71899069E-02  -1.23997554E-02   1.23989454E-03
 -0.143530414      -1.42596038E-02  -7.03996746E-03  -2.57998984E-03
 -0.142310172      -3.82984406E-03   1.97992544E-03   1.10598523E-02
 -0.144910038       5.09972917E-04   3.58994212E-03   9.93995555E-03
 -0.144411370      -9.27979313E-03  -1.02700908E-02   1.31799551E-02
 -0.144730717      -4.62962780E-03  -9.57982335E-03   1.91799272E-02
 -0.148569286      -1.18401293E-02  -2.02603061E-02   2.73999330E-02
 -0.152940258      -8.21972452E-03  -1.65902078E-02   2.19799615E-02
 -0.150360256      -2.17202827E-02  -2.31097210E-02   9.71014053E-03
 -0.148901463      -2.73700003E-02  -1.60500407E-02   7.50999246E-03
 -0.148560435      -3.38700712E-02  -9.76979453E-03   7.81989656E-03
 -0.151518390      -4.87195812E-02  -2.03996748E-02   8.13007168E-03
 -0.154242083      -4.95699644E-02  -1.14200395E-02   2.43014982E-03
 -0.154138267      -4.05901261E-02  -3.44038149E-03   4.56007943E-03
 -0.154799715      -3.55401151E-02  -8.20113462E-04   1.10201072E-02
 -0.154020756      -2.40905620E-02  -2.93018227E-03  -4.03009402E-03
 -0.156937316      -3.07105966E-02  -8.04022420E-03  -4.71991906E-03
 -0.156160787      -2.69698761E-02  -6.94008823E-03  -1.25987479E-03
 -0.155958772      -2.74897832E-02   1.01504177E-02  -6.20990433E-03
 -0.156982049      -2.72102710E-02   1.29697975E-02  -4.37026285E-03
 -0.159838796      -2.80099586E-02   2.03698017E-02  -7.05002109E-03
 -0.165602311      -2.39499528E-02   3.40969791E-03  -1.67026441E-03
 -0.166659832      -1.73201300E-02  -1.29499920E-02   5.35996258E-03
 -0.165499583      -2.04200055E-02  -1.15502281E-02   8.10016133E-03
 -0.166942134      -4.67900373E-02  -7.43026612E-03   3.98989161E-03
 -0.167420715      -5.04896753E-02   7.76997069E-03   2.24016560E-03
 -0.175679237      -4.93700504E-02  -6.17015036E-03  -3.55996238E-03
 -0.174361095      -5.70999309E-02  -1.30013167E-03  -6.22980995E-03
 -0.177320570      -5.96798845E-02  -1.58696808E-02  -4.36000898E-03
 -0.174660400      -5.89998886E-02  -1.50301717E-02  -1.15000950E-02
 -0.177401990      -5.15797772E-02  -3.29887494E-04   9.59873025E-04
 -0.180120811      -5.84698655E-02  -5.60041051E-03   9.01984423E-03
 -0.183899999      -5.36300912E-02  -2.33006245E-03   1.12200761E-02
 -0.183799386      -5.64105958E-02   2.15977011E-03   2.03002733E-03
 -0.185137913      -5.04100211E-02   9.77033004E-03   7.49997841E-03
 -0.182019979      -4.61001322E-02   8.72009806E-03   7.60144321E-04
 -0.180981532      -5.30695841E-02   4.66016028E-03  -5.88017562E-03
 -0.175339207      -5.45197055E-02   1.36499749E-02   1.39852316E-04
 -0.178699329      -5.49000166E-02   1.32299541E-02  -1.24999546E-02
 -0.177481517      -4.30897623E-02   2.09802222E-02  -2.61025503E-03
 -0.173860252      -5.01500182E-02   2.44697202E-02   8.19966476E-03
 -0.180440515      -6.31300509E-02   2.72299591E-02   1.80500578E-02
 -0.183459997      -4.23401445E-02   3.03701404E-02   5.23016229E-03
 -0.186238065      -3.48498635E-02   3.31504382E-02  -1.64004811E-03
 -0.186520830      -4.11800295E-02   2.48500593E-02  -4.86999750E-03
 -0.182039484      -3.57301533E-02   2.72102728E-02  -2.45026732E-03
 -0.181619927      -3.06297876E-02   1.89500283E-02  -1.03019783E-03
 -0.185839787      -4.63503115E-02   1.06302658E-02  -1.21101253E-02
 -0.182619542      -4.15299945E-02   1.73600856E-02  -1.09699797E-02
 -0.181502327      -4.00902331E-02   2.80699451E-02  -9.45994630E-03
 -0.184760004      -4.20801379E-02   2.78604049E-02  -1.13994465E-03
 -0.188298643      -4.37398367E-02   1.32301180E-02   9.13965050E-03
 -0.189477935      -4.31593210E-02   1.59003958E-02   2.13001147E-02
 -0.191360220      -3.38196978E-02   1.02899456E-02   5.39966859E-03
 -0.198801696      -4.07203175E-02   5.31966379E-03   8.32994748E-03
 -0.199620456      -4.62595969E-02   7.68983969E-03  -4.67002811E-03
 -0.195622236      -5.64994849E-02   1.69596896E-02  -1.20054261E-04
 -0.198920310      -6.60300404E-02   1.69499125E-02   2.57008569E-03
 -0.203280360      -6.14300333E-02   1.69001538E-02   2.88995495E-03
 -0.201418906      -5.39001636E-02   2.04602461E-02  -4.96970071E-03
 -0.204962105      -3.87398005E-02   1.93799753E-02  -2.92994431E-03
 -0.201059133      -5.25197573E-02   1.11999232E-02  -1.11301392E-02
 -0.200200126      -4.76906598E-02   3.11904773E-02  -1.33400708E-02
 -0.203800529      -4.50203270E-02   6.79013832E-03  -8.93003587E-03
 -0.206060514      -4.35000807E-02  -1.29576598E-04   2.77977949E-03
 -0.209199950      -4.48100269E-02  -6.61040749E-03   8.01974814E-03
 -0.205640987      -5.48500493E-02  -7.10964529E-03  -2.89840507E-04
 -0.206080765      -4.54498194E-02  -1.02019717E-03   4.18049935E-03
 -0.205162331      -4.07201573E-02   1.08951028E-03  -1.04702441E-02
 -0.202360094      -3.22200246E-02  -1.16991112E-03  -1.21101728E-02
 -0.201101154      -3.43701877E-02   1.56983337E-03  -2.49985815E-03
 -0.200640589      -4.18896712E-02   1.40201114E-02   8.48019309E-03
 -0.199023336      -3.74596529E-02   2.50300989E-02   2.69020558E-03
 -0.198720574      -5.28696664E-02   2.31600404E-02  -2.49980134E-03
 -0.198622540      -6.18705228E-02   1.89700145E-02   1.34299425E-02
 -0.197699159      -5.55201545E-02   1.39602274E-02   4.89980029E-03
 -0.195179403      -4.97204736E-02   7.05944700E-03   3.63987591E-03
 -0.197899625      -4.43196595E-02   1.07999910E-02   4.09022206E-03
 -0.196120203      -4.14100774E-02  -1.70180167E-04   1.76011550E-03
 -0.197501227      -4.09097262E-02  -2.47006677E-03   4.62040491E-03
 -0.196939781      -2.56592333E-02  -1.62002677E-03   1.38000734E-02
 -0.193078071      -2.81099640E-02   4.69982187E-04   1.88899599E-02
 -0.194918916      -2.80401502E-02  -1.35501297E-02   3.08400020E-02
 -0.190137953      -2.95503158E-02  -7.00993417E-03   2.62499750E-02
 -0.190500051      -3.83707210E-02  -7.80054019E-04   2.87098102E-02
 -0.183299214      -3.41299847E-02  -3.16003175E-03   2.61196513E-02
 -0.182578474      -3.29301618E-02   5.40169189E-04   3.62499766E-02
 -0.175278515      -2.81104241E-02  -7.22011924E-03   4.87202071E-02
 -0.184399307      -1.80401020E-02  -1.38498163E-02   5.25001548E-02
 -0.180421054      -2.17500385E-02  -8.69969546E-04   4.79001030E-02
 -0.180719748      -2.02799775E-02  -5.74009772E-03   3.71700190E-02
 -0.181700647      -2.20600832E-02  -1.53399836E-02   2.89400574E-02
 -0.184261397      -2.32800506E-02  -8.77994020E-03   2.40702648E-02
 -0.181719691      -1.34899663E-02  -7.88018573E-03   1.61695983E-02
 -0.184060335      -2.19497886E-02  -7.33034825E-03   1.78302638E-02
 -0.182100803      -1.99802592E-02  -6.20172592E-04   3.02900895E-02
 -0.182159632      -2.52202135E-02   6.04998507E-03   2.20096149E-02
 -0.183660269      -2.93199550E-02   6.98011229E-03   2.39400100E-02
 -0.178000256      -3.69498655E-02   3.40997870E-03   1.02397362E-02
 -0.175238475      -3.38608250E-02   4.23020311E-03   8.57004337E-03
 -0.174538463      -3.38700600E-02   2.18952284E-03   5.47992717E-03
 -0.169878200      -2.52899919E-02   4.60985396E-03   3.27977771E-03
 -0.167080551      -1.21698603E-02   4.58002277E-03   1.24197807E-02
 -0.166758388      -2.40044901E-04   5.60275279E-04   1.18801696E-02
 -0.166321263       2.20982637E-03   8.67021084E-03   1.79898441E-02
 -0.163438544       3.49292299E-04   1.36399353E-02   1.38600403E-02
 -0.163279548       7.98003841E-03   1.24300346E-02   1.47695877E-02
 -0.163259864       8.93013272E-03   6.41042693E-03   9.21989977E-03
 -0.156641647       1.11501394E-02   1.24298651E-02   1.82200279E-02
 -0.158218861       6.38942979E-03   1.68601777E-02   2.14300174E-02
 -0.159640491       4.00984054E-03   2.20203530E-02   2.06700303E-02
 -0.162642300       9.65996832E-03   2.68895738E-02   2.42599081E-02
 -0.158860698       1.46606062E-02   1.96702182E-02   3.45499665E-02
 -0.153960586       1.44603876E-02   6.90023275E-03   2.43801940E-02
 -0.148617283       1.85098927E-02   1.33296000E-02   1.89799257E-02
 -0.148921147       1.02399141E-02   1.27800191E-02   1.86100081E-02
 -0.149919763       2.47999486E-02   2.42896564E-02   7.44012045E-03
 -0.153058380       1.17494045E-02   6.80976035E-03  -3.14014778E-03
 -0.149918333       1.58304833E-02   2.05301549E-02  -7.97006860E-03
 -0.148277894       1.78397726E-02   1.93500742E-02   1.57992891E-03
 -0.150501534       2.25698594E-02  -4.86986432E-03  -1.17899692E-02
 -0.148722440       2.12001130E-02  -7.74999708E-03   5.89972711E-04
 -0.157160029       1.46000413E-02  -3.79012548E-03  -1.08598284E-02
 -0.160839468       3.22012720E-03  -2.09800582E-02  -1.26498798E-02
 -0.159020394       4.18021530E-03  -3.11599225E-02  -5.33988699E-03
 -0.158199996      -4.64986498E-03  -1.49602694E-02  -1.65996153E-03
 -0.160701126      -1.91997029E-02  -8.24953243E-03   1.61022227E-03
 -0.157180145      -1.20902183E-02  -3.20275693E-04   1.55993295E-03
 -0.153521746      -1.60000026E-02   1.11599490E-02   7.61005143E-03
 -0.158041015      -6.26992062E-03   9.20023397E-03   6.13027439E-03
 -0.155917943       4.65029804E-03   1.32012786E-03   4.21969965E-03
 -0.157661170      -1.62037252E-03   1.07398620E-02   1.51003886E-03
 -0.152900934      -1.43500604E-02  -1.42995932E-03  -8.19994044E-03
 -0.153820932      -2.10338680E-04  -1.17300041E-02  -1.39500033E-02
 -0.157020330       6.21009292E-03  -2.10000612E-02  -1.86100639E-02
 -0.154041544       8.29998311E-03  -1.40495952E-02  -1.35100316E-02
 -0.158179343       2.60949810E-03  -1.74099375E-02  -1.70201492E-02
 -0.160140157      -5.28031681E-03  -2.97598913E-02  -2.50199120E-02
 -0.160042271      -5.98019687E-03  -2.61804834E-02  -2.96499263E-02
 -0.159880817      -1.31195793E-02  -1.15298349E-02  -1.59996524E-02
 -0.153321937      -8.85034725E-03  -1.48701118E-02  -1.56900324E-02
 -0.153980240      -1.30695943E-02   1.32987101E-03  -2.05998570E-02
 -0.155819580      -2.44803149E-02   1.46007421E-03  -1.09401802E-02
 -0.158239275      -2.22298298E-02  -6.28995290E-03  -2.02599745E-02
 -0.158340216      -2.62999609E-02  -6.00314757E-04  -3.29795741E-02
 -0.159018904      -2.86502521E-02  -3.00390238E-05  -2.94000227E-02
 -0.155998945      -2.18102168E-02  -5.97999524E-03  -2.43797936E-02
 -0.151802287      -2.58892532E-02  -2.04024534E-03  -1.30901588E-02
 -0.154660881      -1.80496480E-02  -1.10599520E-02  -8.28014687E-03
 -0.155880451      -4.83016996E-03  -1.65007042E-03  -6.37999689E-03
 -0.149500847      -8.03967100E-03  -1.35402121E-02   1.14000179E-02
 -0.152182102      -2.57979240E-03  -9.36998148E-03   1.88900456E-02
 -0.147119462      -1.03102131E-02  -1.01698749E-02   2.60802023E-02
 -0.147961393      -1.41499750E-02  -3.46007873E-03   3.02900579E-02
 -0.147039652      -9.48982686E-03  -4.47005872E-03   2.15501916E-02
 -0.143559724      -1.85010005E-02   8.52981955E-03   2.18800250E-02
 -0.138462141      -2.07898244E-02   1.22699272E-02   7.38015585E-03
 -0.136499032      -1.68604255E-02   1.85498893E-02   2.80499123E-02
 -0.135876924      -6.95039285E-03   2.12901533E-02   2.98200939E-02
 -0.134277895      -1.32602872E-02   1.69801582E-02   4.29801010E-02
 -0.131618023      -1.51500711E-02   1.41503001E-02   3.26099955E-02
 -0.129958361      -1.48101011E-02   2.44498923E-02   4.22299616E-02
 -0.125560388      -4.38991003E-03   1.34500926E-02   2.60800086E-02
 -0.125121385      -7.61018367E-03  -3.46042402E-03   1.85098052E-02
 -0.127339467      -6.79977890E-03   3.15981987E-03   1.34696728E-02
 -0.130262330      -8.94019939E-03   1.52698960E-02   1.57200210E-02
 -0.130560204      -2.37977412E-03   1.88301317E-02   2.32199542E-02
 -0.134520054       7.61028379E-03   5.90983871E-03   3.48101147E-02
 -0.138519585       3.45038436E-03  -8.03992525E-03   2.63296925E-02
 -0.141581729      -1.01402532E-02  -1.18600335E-02   1.22499429E-02
 -0.138401642      -1.19499238E-02  -1.61902290E-02   2.49598585E-02
 -0.140058592      -2.83594821E-02  -3.10799666E-02   1.25697842E-02
 -0.141479239      -3.94996628E-02  -3.48099470E-02   1.20796859E-02
 -0.145422131      -2.93698609E-02  -2.62898207E-02  -1.31012441E-03
 -0.144619018      -3.87999043E-02  -3.32995951E-02  -9.60007031E-03
 -0.144398659      -3.06600444E-02  -3.57604511E-02  -1.10396259E-02
 -0.148398831      -2.56401859E-02  -3.74499932E-02  -1.10602491E-02
 -0.149401963      -3.66201103E-02  -2.51697134E-02  -1.63901020E-02
 -0.148220569      -4.68696617E-02  -2.76104119E-02  -1.02001093E-02
 -0.147549555      -4.44501229E-02  -2.58002803E-02  -4.20006271E-03
 -0.145849049      -4.94600385E-02  -1.97894648E-02  -7.07024382E-03
 -0.148211390      -5.05297668E-02  -2.32602879E-02   1.39900502E-02
 -0.152829319      -3.46696638E-02  -2.47201715E-02   2.47501824E-02
 -0.154170975      -2.95100305E-02  -1.96500737E-02   2.20097676E-02
 -0.157288328      -3.35700065E-02  -2.65000854E-02   2.08302848E-02
 -0.161588401      -4.34399694E-02  -1.31502412E-02   2.31998656E-02
 -0.160689920      -4.52097915E-02  -2.51596104E-02   6.26993785E-03
 -0.161311120      -4.42898087E-02  -1.87400971E-02   2.38007028E-03
 -0.161550179      -3.46703120E-02  -1.66202839E-02   8.33019894E-03
 -0.164331257      -4.33597639E-02   1.14397295E-02   7.42024230E-03
 -0.163130641      -1.38506629E-02   9.03983694E-03   3.24991252E-03
 -0.163710162      -1.25699788E-02   6.22980110E-03   2.78984779E-03
 -0.165289760      -5.77009516E-03  -1.03400107E-02  -7.55999004E-03
 -0.165953398      -7.25993002E-03  -1.80399902E-02  -1.50900483E-02
 -0.159310564      -1.44900531E-02  -2.81497072E-02  -5.75994933E-03
 -0.160631001      -8.92033335E-03  -3.93900760E-02  -4.02971311E-03
 -0.163530722      -5.32022258E-03  -3.23401764E-02  -2.05996027E-03
 -0.165193483      -1.99400280E-02  -1.84195749E-02  -9.62974317E-03
 -0.162809968      -3.23493481E-02  -1.28703136E-02  -1.43801467E-02
 -0.161969900      -2.84906104E-02  -1.22402096E-02  -2.83500440E-02
 -0.160568625      -1.86897460E-02  -1.25501314E-02  -2.83299014E-02
 -0.163214281      -1.85700916E-02  -1.15701398E-02  -2.88200956E-02
 -0.162708908      -1.23300757E-02  -6.55994378E-03  -3.83200832E-02
 -0.161830410      -2.14940123E-03  -6.53990358E-03  -3.14402841E-02
 -0.163692728      -8.91056936E-03  -3.10952379E-03  -2.82400586E-02
 -0.156869188      -1.58901345E-02   1.21100992E-02  -2.05699019E-02
 -0.159089968      -1.34102553E-02   5.14049968E-03  -1.54697597E-02
 -0.166092455      -1.76501498E-02  -8.94015841E-03  -2.10802499E-02
 -0.168209717      -9.53980908E-03  -1.42597035E-02  -7.17001595E-03
 -0.168387830      -6.07956480E-03  -1.81595348E-02  -1.36099728E-02
 -0.167870030       3.64990230E-03  -1.92299895E-02  -1.94099303E-02
 -0.168211371       1.45001961E-02  -1.04703167E-02  -2.42601447E-02
 -0.169708923       1.06498785E-02  -4.62995516E-03  -2.08097529E-02
 -0.170827225       1.80970109E-03  -8.87041725E-03  -1.40901320E-02
 -0.173330024       8.32937751E-03  -1.13598267E-02  -1.98901072E-02
 -0.172186404       7.80285627E-04  -1.91905200E-02  -2.28700098E-02
 -0.168111891      -1.12205548E-02  -1.75300520E-02  -2.43700985E-02
 -0.168849945      -1.06599201E-02  -3.43000479E-02  -1.44901192E-02
 -0.168588310      -8.64012726E-03  -4.57902774E-02  -8.84019583E-03
 -0.164131388      -9.12048668E-03  -3.42398547E-02  -1.14998780E-02
 -0.164229095      -7.89864920E-04  -3.01802270E-02  -2.18297001E-02
 -0.163189545       8.60560278E-04  -1.98096614E-02  -1.52400788E-02
 -0.164930254      -6.09046128E-03  -9.63995513E-03   1.19742297E-04
 -0.168790534      -4.03040787E-03  -1.55196302E-02  -1.43997883E-03
 -0.165509865      -1.40004214E-02  -1.07599720E-02   1.28495051E-02
 -0.171632320      -3.25201191E-02   5.69825526E-04   2.06000041E-02
 -0.170709997      -2.36799102E-02  -4.77958284E-03   1.66497864E-02
 -0.167210504      -3.03195156E-02  -2.08018208E-03   1.51199503E-02
 -0.162627593      -2.92303376E-02  -4.21979651E-03   6.08985638E-03
 -0.161310315      -3.67097594E-02  -1.40799638E-02   3.95007432E-03
 -0.163088873      -4.67602015E-02  -2.66200583E-02  -3.54970247E-03
 -0.160911590      -4.52199616E-02  -3.27994898E-02   2.60006310E-03
 -0.161886245      -4.25297245E-02  -3.19202766E-02   2.76018912E-03
 -0.161610484      -4.08693962E-02  -3.48899476E-02   4.38978849E-03
 -0.158510596      -4.28893641E-02  -2.11702399E-02   1.70136133E-04
 -0.161569268      -3.76103967E-02  -1.48299178E-02   3.81985959E-03
 -0.160328820      -4.08302769E-02  -1.89397726E-02   1.88300982E-02
 -0.156049475      -2.89310273E-02  -3.19601446E-02   1.58899892E-02
 -0.156189770      -3.96606028E-02  -2.14299988E-02   1.72999278E-02
 -0.157047883      -3.73592488E-02  -1.56198367E-02   2.16899756E-02
 -0.156569824      -3.71593311E-02  -1.16599193E-02   1.01798074E-02
 -0.163950160      -3.38001661E-02  -9.24005825E-03   1.54397385E-02
 -0.158728153      -3.08592021E-02  -5.55005250E-03   1.56201376E-02
 -0.162367836      -3.12396828E-02  -7.81997666E-03   1.09301386E-02
 -0.159950912      -3.97499390E-02  -1.30598871E-02   1.92202963E-02
 -0.162147984      -3.09298690E-02  -7.47957313E-03   3.17199752E-02
 -0.159611091      -1.65000297E-02   3.65989469E-03   2.25904081E-02
 -0.159968108      -1.93004683E-02   7.24000158E-03   7.82041438E-03
 -0.157110065      -2.68297810E-02   4.60134965E-04   5.20977704E-03
 -0.157647252      -1.37802204E-02  -8.92946869E-03  -1.28979352E-03
 -0.157447532      -1.16201770E-02  -2.39048386E-03  -6.23972947E-03
 -0.158448666      -1.25801740E-02  -4.06980049E-03  -8.63975193E-03
 -0.158150867      -2.34800950E-02   1.84959429E-03  -1.93999289E-03
 -0.163587391      -2.97901463E-02  -6.25009462E-03   5.30011579E-03
 -0.163310677      -2.06694528E-02  -1.45981624E-03   7.75997015E-03
 -0.159349889      -1.33401696E-02  -1.09204138E-02   1.14498390E-02
 -0.160029963      -1.30302720E-02  -4.19972435E-04   1.64399557E-02
 -0.160890386      -1.10000083E-02   2.48973211E-03   3.66902091E-02
 -0.160728768      -1.33603057E-02   7.96023384E-03   2.14398336E-02
 -0.159670979      -1.24405045E-02   1.29598482E-02   2.54984479E-03
 -0.162911147      -1.10304793E-02  -3.44032049E-03   1.30100008E-02
 -0.160030693      -5.91009716E-03  -1.43100740E-02   1.37900449E-02
 -0.155510485      -1.67982792E-03  -9.40344296E-04   2.36000959E-02
 -0.160749063       2.54012784E-03  -1.56999065E-03   2.52499878E-02
 -0.162033558      -5.00481226E-04  -4.95995209E-03   2.58099828E-02
 -0.163652390       1.17205828E-02  -1.29701728E-02   2.87496261E-02
 -0.165890872       9.18981247E-03   4.96009784E-03   4.06301618E-02
 -0.158449903       9.91958287E-03   4.63999435E-03   2.98698582E-02
 -0.162910998       1.30299386E-02  -3.60016571E-03   2.27301233E-02
 -0.164350078       1.21998563E-02   8.99752835E-04   3.51501741E-02
 -0.169808611       1.54296570E-02   1.15900813E-02   2.95699444E-02
 -0.172231212       1.65097397E-02   5.47015062E-03   3.10599543E-02
 -0.172609836       1.13301929E-02   8.95988382E-03   2.77698841E-02
 -0.177169502       8.13912600E-03   4.02005436E-03   2.29501370E-02
 -0.181930199       1.08996620E-02  -3.10981809E-03   2.96696592E-02
 -0.180291742       1.46401906E-02  -4.50011669E-03   2.45900992E-02
 -0.183268532       8.85002688E-03  -9.80983488E-03   8.99976678E-03
 -0.185987562       6.43070647E-03   7.58021651E-03   9.99995694E-03
 -0.182730630       3.50309303E-04   2.90998677E-03   4.00011335E-03
 -0.181512356      -1.68496408E-02  -3.27971764E-03   1.11998636E-02
 -0.188190177      -9.09043290E-03  -1.68398470E-02   7.45007535E-03
 -0.190351143       2.47026910E-03  -5.47012640E-03  -4.29990422E-03
 -0.196149886      -7.73071917E-03   5.33994520E-03  -3.25017469E-03
 -0.192228287      -1.87402293E-02   4.05017007E-03   1.21600414E-02
 -0.194731727      -3.30694728E-02  -4.73996671E-03  -1.60985452E-03
 -0.198929742      -2.09291093E-02  -5.45998709E-03   4.37996397E-03
 -0.195708483      -1.54804597E-02  -9.67995729E-03  -2.47971155E-03
 -0.194710925      -1.46393590E-02  -3.95978661E-03   1.46978768E-03
 -0.195070177      -9.33985319E-03  -4.79999930E-03  -5.58028836E-03
 -0.193269163      -2.30991794E-03  -4.78970865E-03   5.35993371E-03
 -0.195769355      -1.88999553E-03  -2.24986370E-03   1.08001586E-02
 -0.200110555      -5.68991760E-03  -6.43969094E-03   2.62964540E-03
 -0.197310075       1.10696424E-02  -1.38499280E-02   1.07101956E-02
 -0.195209295       1.05899284E-02  -9.51000582E-03   6.83988538E-03
 -0.187753707       9.14970785E-03   1.60968548E-03   6.28012046E-03
 -0.185910136      -3.17032379E-03  -1.11897914E-02   1.31801739E-02
 -0.186750233      -8.00993294E-03  -1.26598310E-02   1.78896431E-02
 -0.186132327      -1.63702369E-02  -7.90995359E-03   8.89021903E-03
 -0.184372604      -1.84297785E-02  -1.33101707E-02  -1.52019539E-03
 -0.178829849      -2.80693993E-02  -1.34802731E-02   4.58978163E-03
 -0.186487302      -2.34394353E-02  -8.00024602E-04  -1.28501263E-02
 -0.187752411      -1.84096880E-02   2.63011525E-03  -6.22999249E-03
 -0.186432123      -1.17799919E-02  -2.88993050E-03  -7.37984711E-03
 -0.190551147      -1.84403546E-02  -3.03968345E-03  -4.05006297E-03
 -0.194150344      -2.20696665E-02   9.04997718E-03  -9.16986447E-03
 -0.193711147      -1.83902029E-02   2.89997063E-03  -1.82399359E-02
 -0.196911514      -1.72098987E-02  -1.06993923E-03  -1.36602232E-02
 -0.197848231      -5.20022877E-04   9.40089580E-04  -1.34199746E-02
 -0.194190636       4.27938672E-03  -4.29708511E-04  -1.24198329E-02
 -0.196951464       1.80897452E-02  -9.89610795E-04  -1.63201336E-02
 -0.192812428       1.15803285E-02   1.82302669E-02  -1.11010228E-03
 -0.198148876       1.15298154E-02   1.52800260E-02   5.90116018E-04
 -0.197371945       1.02892937E-02   3.49989790E-03   3.44979577E-03
 -0.198089033       1.97800919E-02  -8.51026271E-03   5.11986902E-03
 -0.196490139       1.68700442E-02  -4.39023087E-03   1.55898789E-02
 -0.201490968       2.42100395E-02  -1.45202065E-02   3.05197779E-02
 -0.208831191       2.61801295E-02  -2.95097828E-02   2.09698658E-02
 -0.207751915       1.78001691E-02  -2.27798652E-02   2.52602212E-02
 -0.209428668       2.65499111E-02  -2.64499839E-02   1.84399281E-02
 -0.212312773       1.78500433E-02  -2.23402027E-02   3.19900922E-02
 -0.212929934       4.92002210E-03  -1.79799218E-02   2.48697698E-02
 -0.212548092       3.16965976E-03  -1.58498120E-02   1.82000436E-02
 -0.216452435       9.25960019E-03  -2.23398898E-02   4.32031415E-03
 -0.211688384       9.97059140E-03  -2.48799603E-02   5.29010687E-03
 -0.214309484       1.02100121E-02  -1.99700315E-02  -2.11981637E-03
 -0.213789970       2.01691650E-02  -2.59900764E-02   1.26998231E-03
 -0.213633433       1.32901696E-02  -1.47501770E-02  -1.15801767E-02
 -0.216712147       1.42197507E-02  -1.45001495E-02  -2.12800484E-02
 -0.213271752       5.88992238E-03  -1.99398622E-02  -1.33101074E-02
 -0.208190456       1.42598813E-02  -1.51000731E-02  -1.02398004E-02
 -0.209470153       1.87694523E-02  -1.53703988E-02  -1.42298490E-02
 -0.205947950       2.13097408E-02  -6.99991407E-03  -1.34001467E-02
 -0.205872521       1.49297416E-02   9.30554990E-04  -7.38986488E-03
 -0.205930561      -3.67982360E-03  -6.76990580E-03  -1.40701029E-02
 -0.207712010      -1.76016404E-03   7.75948493E-03  -9.24008712E-03
 -0.204847828       2.03012442E-03   2.51951860E-03  -1.20901382E-02
 -0.212311149       1.17395818E-02  -2.10975320E-03  -1.91401765E-02
 -0.215609461       1.20801991E-02  -6.87986147E-03  -2.29901560E-02
 -0.216230229       2.17494462E-02  -1.73205808E-02  -2.33899616E-02
 -0.211750716       2.22601444E-02  -2.53598131E-02  -2.07702499E-02
 -0.212968305       1.74600761E-02  -1.77301802E-02  -2.99096145E-02
 -0.212392852       1.89596880E-02  -1.73701644E-02  -1.17395921E-02
 -0.216030136       1.04200328E-02  -1.60599742E-02  -2.70899870E-02
 -0.208687678       8.59966222E-03  -5.58016216E-03  -2.97996551E-02
 -0.204990923      -3.12040071E-03  -1.25502050E-02  -2.72698980E-02
 -0.201048270      -4.68943268E-03  -1.13795763E-02  -1.68902650E-02
 -0.198431149       2.32992601E-03  -1.14799719E-02  -1.78201217E-02
 -0.195911944      -1.38106151E-02  -5.89002483E-03  -1.13002919E-02
 -0.194471210      -1.47995418E-02   5.98008232E-03  -1.38020120E-03
