   0.00000000       0.00000000       0.00000000       0.00000000    
   1.00000000      0.948959947      0.900510013      0.849600017    
   7.99168015       7.28652954       6.64239025       5.94373035    
   20.9015999       18.7494392       16.6945114       14.6269407    
   40.0076828       34.9923096       30.3061695       26.2479019    
   64.5998383       55.7639923       47.4214859       39.9902191    
   96.0113602       80.5605392       67.3052521       55.7455673    
   131.709930       109.178436       89.8082199       73.2772827    
   174.326401       142.472855       114.196678       92.0533447    
   223.267029       179.186676       140.895020       112.845963    
   278.549286       218.979050       169.256958       134.259674    
   339.676483       261.579498       199.399277       154.773514    
   405.073608       307.875702       227.174759       177.698166    
   479.018860       355.668243       257.368622       198.577393    
   562.635315       406.637390       292.529877       221.483200    
   648.608948       458.771332       326.574066       242.715576    
   739.036499       516.049988       360.237976       265.738953    
   834.834656       571.205078       397.762299       286.223755    
   938.840881       627.550049       433.445648       304.269623    
   1046.47339       687.253296       468.133636       325.700836    
   1158.36389       753.456177       505.896667       349.423676    
   1277.26465       814.672302       536.411743       373.090057    
   1406.81433       879.338257       570.059082       391.189331    
   1533.53809       944.668518       604.474365       416.194397    
   1675.96045       1018.44293       636.513306       437.904877    
   1816.45215       1082.00195       669.147278       460.549835    
   1966.87256       1155.86462       707.124634       479.077515    
   2122.27905       1217.68787       744.665527       493.654114    
   2282.72241       1285.21082       777.302551       515.694031    
   2459.58350       1349.73889       819.698608       537.919617    
   2639.47461       1438.07434       847.675659       553.023865    
   2824.72729       1518.81580       879.925903       565.379089    
   3001.42383       1584.08228       914.741333       580.082947    
   3197.44604       1674.30603       949.063538       594.375854    
   3403.02368       1745.69458       981.498474       614.070068    
   3625.03247       1820.86804       1012.93762       629.381653    
   3842.06372       1894.48254       1054.51782       648.295898    
   4051.20703       1967.28992       1087.30908       664.937500    
   4274.13135       2037.24451       1112.50659       672.682800    
   4505.62354       2118.27100       1141.30249       685.947937    
   4734.60059       2196.62524       1169.70764       698.796631    
   4972.65479       2266.46191       1202.72522       718.402222    
   5206.15527       2339.61987       1229.87390       725.408081    
   5441.05859       2424.72876       1274.64856       736.206909    
   5709.82129       2521.33301       1311.31067       749.282349    
   5967.00879       2619.96558       1339.23145       767.321838    
   6224.06396       2694.59009       1362.29846       788.485168    
   6495.13965       2784.06567       1386.70435       799.417908    
   6763.74561       2856.12695       1422.28247       812.937866    
   7059.17090       2903.69336       1449.38196       830.464111    
   7369.00830       2996.31274       1478.01379       842.458435    
   7696.30371       3051.28003       1504.17004       858.009033    
   8017.15430       3123.45215       1534.00012       869.742798    
   8328.21582       3212.05737       1564.68176       883.558899    
   8650.39941       3291.67627       1607.88562       894.724609    
   8972.76953       3379.51782       1644.90503       904.416687    
   9286.90234       3453.39404       1668.65466       923.303101    
   9629.34570       3518.83105       1683.00171       930.182983    
   9965.75391       3587.08252       1714.11292       944.997498    
   10349.0127       3655.83691       1741.55725       954.131775    
   10683.2959       3735.57056       1784.18835       967.321411    
   11069.4062       3810.30469       1802.11133       974.542847    
   11424.9756       3893.95825       1834.03430       980.370056    
   11810.9600       3955.44482       1855.17603       991.901611    
   12201.2578       4011.01392       1879.25208       1006.18732    
   12580.2529       4040.97046       1904.28503       1026.33032    
   12972.1719       4121.50342       1928.54712       1036.18250    
   13356.5244       4174.60107       1959.48926       1051.51282    
   13789.8584       4260.14844       1967.27466       1060.98792    
   14185.4746       4350.13965       2001.33130       1066.86523    
   14592.9219       4419.59766       2020.94214       1077.14575    
   15004.9854       4489.99609       2059.39795       1087.08044    
   15444.5811       4570.49268       2079.14062       1093.93164    
   15891.9404       4634.64111       2103.42480       1102.01294    
   16298.7695       4736.58398       2122.19556       1102.46570    
   16792.3613       4807.15234       2136.94702       1132.85583    
   17268.4277       4878.88379       2159.70190       1147.61255    
   17748.3164       4945.53809       2175.02075       1142.04346    
   18222.1562       5042.98438       2186.40503       1155.82935    
   18702.5137       5113.97754       2193.09814       1172.62646    
   19156.4199       5204.10547       2224.70532       1193.45776    
   19575.0762       5272.43213       2249.11133       1205.58130    
   20035.1172       5339.48291       2288.56714       1209.17969    
   20557.3281       5390.91846       2310.85107       1230.00916    
   21046.0469       5465.76660       2353.63403       1243.32031    
   21559.8594       5533.23145       2377.64087       1264.18066    
   22082.5059       5582.18604       2390.02490       1262.90588    
   22553.5527       5624.61133       2429.57520       1266.08826    
   23104.7363       5685.09229       2459.69507       1272.76086    
   23565.2891       5758.31104       2500.25928       1275.30176    
   24068.0664       5827.58691       2488.68286       1292.33215    
   24647.0332       5900.79102       2499.06860       1284.06848    
   25169.8867       5971.96240       2478.91602       1284.81372    
   25701.8281       6027.18555       2502.80615       1307.53857    
   26242.2344       6057.72266       2533.28198       1321.77185    
   26813.1504       6133.59619       2556.98145       1323.75317    
   27299.1641       6205.05615       2584.51245       1325.43591    
   27854.6035       6266.26758       2618.24438       1346.23486    
   28454.5918       6336.95459       2641.90405       1355.68347    
   29068.2695       6419.69385       2668.00122       1369.91577    
   29638.7383       6499.04736       2662.26904       1387.65369    
   30264.6836       6578.50586       2718.61035       1392.46362    
   30809.3086       6643.37256       2725.56079       1408.06897    
   31452.7969       6718.75439       2724.34888       1393.17358    
   32146.9141       6754.20898       2730.31152       1397.72046    
   32771.3438       6825.01074       2755.18555       1424.88281    
   33493.8477       6907.34424       2767.66602       1411.71936    
   34112.9922       6987.23975       2787.35767       1421.46204    
   34762.4609       7042.83252       2776.89453       1448.13989    
   35504.0977       7150.48145       2802.77148       1433.10876    
   36182.0195       7195.02588       2812.65088       1439.14050    
   36890.4648       7245.48340       2822.47437       1432.10242    
   37490.1250       7330.56641       2839.32666       1432.46204    
   38122.3203       7345.44922       2860.74902       1443.74268    
   38840.4297       7428.21289       2869.30347       1444.55383    
   39560.0586       7473.79883       2900.72852       1445.26599    
   40303.8047       7583.14600       2902.03369       1448.71838    
   40889.2773       7637.30469       2900.97607       1475.75085    
   41626.5000       7676.07471       2904.26489       1487.10425    
   42335.5508       7726.94336       2880.63647       1496.52209    
   43090.3555       7827.78320       2917.62451       1505.79602    
   43789.3359       7886.75000       2926.76440       1515.33887    
   44531.2617       7983.82080       2967.87256       1523.80164    
   45245.7891       8032.89551       2986.55566       1521.92859    
   46004.2266       8117.28174       3007.69116       1538.97034    
   46731.2578       8186.93262       3003.71582       1550.69421    
   47471.9766       8235.04688       3033.47510       1562.00781    
   48158.1523       8325.43457       3090.72070       1567.12109    
   48950.0977       8353.67383       3128.83887       1580.87109    
   49711.3398       8408.86426       3155.07935       1591.57446    
   50462.5898       8442.15723       3182.97583       1599.31665    
   51335.7656       8443.87793       3163.25952       1604.96301    
   52065.1289       8483.49121       3186.59106       1616.46558    
   52836.6484       8528.58691       3190.62354       1624.75635    
   53711.2227       8543.61133       3196.05835       1644.73218    
   54631.7578       8569.29688       3193.79639       1649.05066    
   55475.1953       8647.27930       3208.95825       1639.85083    
   56250.9883       8694.04492       3192.76562       1648.93286    
   57105.8242       8761.06055       3257.92139       1655.07153    
   57884.5547       8819.07520       3258.30786       1648.19958    
   58678.7852       8822.06836       3273.37891       1652.57275    
   59491.3828       8874.17188       3287.80591       1657.93774    
   60263.6484       8957.86914       3296.87354       1674.01685    
   61092.3320       9020.97168       3336.49561       1675.01990    
   61902.0898       9093.83789       3358.46069       1682.71118    
   62656.6953       9190.96289       3340.92261       1693.17676    
   63398.5898       9215.24219       3359.23291       1676.15735    
   64290.4141       9195.87988       3362.48926       1664.11047    
   65359.9492       9199.78516       3364.69141       1675.20032    
   66354.0547       9283.45898       3382.59814       1684.30933    
   67175.1953       9288.15430       3398.22314       1703.06836    
   68136.5547       9360.79492       3384.63037       1721.15930    
   69168.4609       9415.51270       3372.40967       1732.85828    
   70027.6172       9445.89746       3408.49341       1741.55603    
   70963.9219       9535.74902       3433.20703       1742.43188    
   72057.3281       9581.18359       3429.46606       1737.51038    
   72653.4453       9669.44922       3446.84912       1756.28760    
   73573.6172       9727.55859       3475.79932       1777.83154    
   74597.6875       9805.22363       3482.80518       1774.10498    
   75527.1562       9872.93750       3507.56323       1764.04443    
   76444.3984       9966.41406       3539.62402       1744.11951    
   77540.5469       9931.24219       3560.24854       1742.59290    
   78534.6250       10021.3838       3594.76489       1760.06958    
   79454.3359       10004.4844       3634.26611       1751.38232    
   80532.2656       10026.2646       3650.16602       1770.28735    
   81523.8438       10062.9580       3659.65625       1784.11584    
   82503.1094       10144.8740       3633.86694       1789.53040    
   83443.1250       10226.9639       3636.61646       1788.11682    
   84415.8906       10298.9639       3623.79199       1809.26855    
   85315.9297       10311.2080       3639.41479       1799.09924    
   86343.6016       10365.0000       3648.87817       1797.54834    
   87359.6875       10369.3965       3680.93848       1800.46265    
   88257.9219       10361.1816       3729.14233       1815.46960    
   89524.3672       10305.1494       3758.85083       1805.18152    
   90601.1406       10406.5615       3782.25708       1814.29626    
   91630.5391       10514.7588       3802.05005       1844.80298    
   92803.3594       10552.0879       3804.18115       1859.20837    
   93797.1875       10604.8896       3812.48071       1869.66614    
   94902.5469       10730.4736       3846.29248       1866.21936    
   96176.7578       10798.9170       3827.00439       1887.87952    
   97335.9609       10768.4658       3848.12622       1892.02686    
   98547.2109       10811.4727       3859.38550       1913.63489    
   99689.9922       10787.9971       3846.25513       1909.14050    
   101001.344       10857.0488       3873.73364       1895.06482    
   102006.812       11005.5801       3893.67676       1885.88208    
   103192.438       11068.5723       3943.39722       1893.29114    
   104239.891       11070.7441       3981.92578       1925.10059    
   105349.891       11114.6523       3917.84351       1902.06323    
   106486.594       11104.9453       3933.51758       1899.40833    
   107648.414       11139.5000       3986.88135       1894.72461    
   108731.867       11156.5469       3985.32617       1920.62012    
   109939.180       11207.0498       4003.45947       1948.90479    
   111193.023       11270.6182       4024.14380       1944.28625    
   112493.453       11322.7754       4008.17627       1954.54236    
   113951.016       11402.7432       4031.82104       1956.92090    
   115209.195       11452.9512       4025.20654       1977.32043    
   116317.625       11507.9150       4005.47729       1994.76270    
   117402.797       11521.5322       3995.51587       1997.64221    
   118711.344       11563.1787       3980.88525       1990.57214    
   119880.406       11681.7168       4015.86401       1983.08740    
   121007.961       11698.9355       4037.20557       1985.82935    
   122215.586       11719.9688       4029.22412       1997.62341    
   123607.844       11689.5254       4049.20068       1974.53394    
   124773.047       11777.2441       4077.68555       1981.01392    
   126219.719       11760.9648       4089.97900       1976.13599    
   127346.547       11853.5684       4111.34424       1979.03516    
   128753.125       11799.4541       4099.92334       1983.51379    
   129838.203       11896.7148       4121.92236       1976.92517    
   131321.469       11932.6016       4142.87500       2003.99414    
   132645.234       11997.7227       4157.78320       2015.09155    
   133834.891       12127.0254       4084.66138       2005.11450    
   135337.891       12104.8359       4084.51636       2020.37756    
   136488.219       12227.1074       4080.83228       2024.53979    
   137723.328       12205.0645       4086.46851       2037.74768    
   139050.688       12245.6641       4120.81104       2024.15381    
   140310.609       12298.0723       4152.12256       2048.84424    
   141676.891       12311.1084       4172.82422       2017.34644    
   143352.203       12356.1006       4156.70605       2040.00830    
   144277.156       12359.6650       4148.68311       2031.98853    
   145705.734       12368.1123       4160.80762       2044.33948    
   146888.578       12296.6934       4150.43799       2028.19873    
   148534.766       12333.4844       4181.82568       2032.27026    
   149862.031       12319.3203       4167.78027       2034.89648    
   151010.109       12321.1299       4172.00293       2025.58533    
   152471.672       12377.2012       4143.47119       2071.78613    
   153945.922       12365.3535       4160.84229       2047.18701    
   154992.062       12458.1914       4195.69971       2062.48462    
   156503.516       12474.6787       4276.30371       2053.90527    
   157991.688       12562.7080       4322.17188       2081.72607    
   159328.078       12658.8350       4312.74756       2095.57080    
   160773.156       12704.7559       4322.21484       2112.07397    
   162242.859       12705.7490       4295.76758       2136.77539    
   163684.906       12775.9346       4317.79932       2143.88232    
   165025.828       12864.6924       4328.53076       2160.48389    
   166557.781       12897.2578       4364.94336       2131.55542    
   167734.578       12929.2949       4391.09863       2125.14331    
   169049.953       12871.1826       4375.06689       2137.92261    
   170392.266       12986.5547       4396.39502       2131.04688    
   171962.344       13120.3418       4377.57080       2148.63037    
   173275.469       13123.3965       4371.95654       2140.75537    
   174854.812       13158.5508       4378.69385       2142.94727    
   176355.344       13169.4463       4350.75635       2172.05029    
   177668.594       13146.4805       4340.26025       2191.35864    
   179178.406       13163.2197       4357.67871       2170.24463    
   180634.516       13230.4951       4395.02881       2193.24341    
   182227.641       13257.7363       4449.35254       2224.51538    
   183452.328       13328.4219       4430.91992       2225.29126    
   185212.781       13322.8623       4440.50488       2231.32495    
   186998.781       13348.0195       4456.87109       2222.41992    
   188399.641       13266.9111       4483.16064       2228.88623    
   189819.422       13443.7285       4511.61865       2221.81055    
   191400.891       13525.4453       4480.37061       2212.58618    
   192729.594       13533.3916       4527.32861       2204.70850    
   194405.906       13547.5518       4560.88330       2200.28027    
   196210.031       13563.5410       4599.36768       2212.01953    
   197809.734       13664.5469       4683.54199       2221.26172    
   199573.844       13754.6729       4684.21777       2199.11938    
   201120.422       13802.7158       4640.26709       2220.05566    
   202781.094       13854.4092       4657.47607       2229.23779    
   204465.172       13753.1465       4683.56738       2234.86255    
   206046.500       13849.3369       4709.07812       2260.10107    
   208056.922       13912.5801       4692.91113       2265.48120    
   209490.188       14009.0762       4644.70801       2269.97754    
   211332.547       14100.2109       4687.78809       2266.45654    
   213399.219       14168.0000       4661.57471       2251.14600    
   215038.562       14236.9404       4666.33154       2256.96851    
   216610.984       14316.4043       4649.34473       2264.33911    
   218576.344       14448.9580       4664.02734       2276.41162    
   220461.156       14407.1162       4680.40967       2278.00073    
   222437.219       14503.5410       4675.67529       2264.55615    
   224018.203       14473.7773       4656.93701       2260.68286    
   225346.484       14532.9561       4668.52295       2247.02661    
   227026.375       14598.4287       4670.44580       2269.00928    
   229082.984       14674.0547       4733.34473       2291.63916    
   230781.531       14654.3047       4799.58643       2311.02319    
   232573.359       14711.6768       4829.22266       2290.17798    
   234346.016       14686.9219       4868.76660       2288.00293    
   236337.438       14667.3506       4833.14209       2315.89453    
   238481.016       14723.4570       4834.75732       2289.89355    
   239925.453       14695.0303       4869.64844       2314.41699    
   241904.750       14628.3135       4888.75146       2335.42163    
   243574.047       14731.7539       4891.79004       2333.43164    
   245127.188       14663.9814       4897.05518       2310.96753    
   246537.719       14675.6182       4945.01758       2308.12476    
   248342.984       14647.9219       4978.15186       2304.00415    
   250109.812       14789.4482       4968.51367       2301.74316    
   251962.750       14777.5488       4967.73242       2316.78149    
   253588.078       14762.4971       4986.32959       2315.26416    
   255337.719       14840.9121       4974.92627       2324.09253    
   257461.953       14835.1084       4971.79102       2317.44531    
   259060.062       14823.8721       4952.36963       2313.82910    
   261022.250       14962.5381       4931.79736       2321.17871    
   263000.000       14939.2930       4939.32031       2321.86353    
   264924.875       14973.9277       4886.71729       2349.85181    
   267030.469       15086.5283       4916.62354       2383.70728    
   268969.656       15084.5605       4920.08496       2385.81958    
   270829.812       15038.2275       4934.07617       2377.71948    
   271944.312       15037.0283       5000.29395       2372.11084    
   274220.125       15130.2139       5023.18994       2408.52295    
   275659.844       15195.1475       5066.97510       2400.84253    
   277353.469       15283.1768       5066.46875       2415.91089    
   279140.656       15420.9766       5074.87012       2435.85352    
   280959.219       15430.0410       5033.76807       2404.65381    
   282604.344       15405.1475       5033.17334       2408.79541    
   284338.938       15417.4932       5081.89893       2416.47925    
   286177.312       15483.0557       5100.81738       2385.09521    
   287774.375       15502.6729       5108.72803       2364.73657    
   289310.250       15623.0283       5049.88428       2412.57300    
   290784.125       15617.9932       5049.44531       2413.05225    
   292642.656       15731.1523       4985.75537       2430.01489    
   294036.375       15557.3535       5045.16064       2430.84790    
   295251.188       15624.3027       5052.78027       2435.48413    
   296631.281       15687.4404       5098.29980       2424.16406    
   298578.188       15677.7373       5040.59131       2409.36719    
   300233.031       15765.9121       5018.90479       2427.80884    
   302007.938       15673.2432       5047.02881       2470.15942    
   304062.688       15669.9854       5076.12109       2442.60889    
   306092.188       15724.3457       5118.90381       2433.59717    
   307755.781       15776.9326       5157.86914       2433.90283    
   309909.844       15845.6689       5184.85254       2450.96484    
   311479.938       15949.7266       5183.21631       2439.56885    
   313566.719       15922.1533       5125.18311       2412.67139    
   315377.781       15828.4160       5113.59766       2424.09790    
   317446.500       15892.4727       5071.27393       2430.38623    
   319421.594       15862.5322       5105.04541       2446.50928    
   321716.031       15895.9346       5124.67578       2450.69824    
   323415.594       15846.4756       5102.24951       2464.27930    
   324933.375       15977.9043       5108.56738       2480.41431    
   326542.094       16049.7920       5133.32031       2473.77148    
   328435.531       16013.0264       5185.25439       2501.45386    
   330069.562       16093.9756       5217.35938       2495.87012    
   332173.562       16078.1035       5242.08057       2481.25098    
   334386.906       16050.2178       5259.93164       2488.08008    
   336630.062       16162.2100       5301.19287       2498.14624    
   338665.125       16158.6787       5223.80664       2499.75244    
   340624.188       16179.0996       5189.32520       2500.92603    
   342916.156       16039.2842       5182.62988       2461.43506    
   345213.188       16103.1689       5156.55859       2493.09155    
   347238.031       16055.4023       5133.08398       2499.88501    
   349586.375       16153.7490       5125.52295       2507.83081    
   351805.281       16169.4473       5158.65137       2520.97949    
   353843.188       16061.4287       5154.95947       2541.92480    
   356088.625       16073.7305       5155.39160       2565.47192    
   358371.344       16030.0762       5160.54688       2540.56104    
   360512.469       16083.6865       5213.44043       2537.24707    
   362922.406       16067.3594       5227.24609       2519.19092    
   365443.656       16156.2471       5254.88574       2530.71313    
   367531.719       16180.5205       5261.95654       2501.18359    
   369821.781       16371.2549       5264.71875       2500.54199    
   371741.469       16500.7969       5322.41992       2523.63037    
   374009.812       16545.8828       5333.49512       2552.54102    
   376109.500       16523.2559       5325.18213       2559.23242    
   378865.500       16602.4258       5330.51074       2540.97241    
   381290.594       16492.4551       5305.51758       2562.14404    
   383232.594       16612.7090       5302.65820       2536.42725    
   385362.719       16638.8047       5262.43945       2560.62842    
   387387.906       16744.0020       5281.43799       2575.23486    
   389456.375       16666.1719       5301.45801       2594.17871    
   391713.000       16776.9707       5325.39014       2589.34790    
   394025.625       16831.8398       5295.83203       2575.58423    
   396099.500       16955.8379       5273.26709       2564.07153    
   398329.438       16911.2090       5251.24219       2596.17603    
   400261.531       16901.0547       5300.52930       2618.57935    
   402276.750       16827.7930       5333.28418       2623.37500    
   404513.938       16760.8340       5365.85400       2604.08887    
   407393.156       16782.0273       5320.85205       2625.45825    
   409952.062       16922.9375       5357.46729       2617.76636    
   411931.156       17016.2930       5344.30225       2637.29297    
   414332.875       17016.7051       5354.65723       2663.23633    
   416394.344       17044.0176       5413.56201       2668.00952    
   418916.188       17065.2871       5421.18750       2679.17456    
   420849.688       17136.5078       5415.50732       2665.07422    
   423935.375       17172.0254       5407.80371       2674.88989    
   426462.719       17227.9492       5445.99805       2637.25854    
   428560.375       17331.2207       5460.07812       2636.66724    
   431280.938       17149.4082       5433.79688       2644.34839    
   433829.688       17202.2188       5470.58301       2662.40088    
   435774.438       17328.2852       5465.63623       2674.49219    
   437703.094       17416.5801       5506.15479       2651.82959    
   440327.688       17397.2754       5446.02490       2649.09009    
   442648.906       17293.7480       5505.41211       2655.84399    
   445467.281       17439.1895       5507.09277       2677.49170    
   447963.812       17518.5957       5503.19385       2679.56323    
   449828.094       17532.6641       5500.21338       2653.86182    
   452147.031       17503.0488       5541.61035       2642.71484    
   453619.406       17555.2891       5554.20996       2642.03638    
   454574.938       17624.5781       5545.08643       2625.93872    
   456569.125       17803.7930       5530.46387       2625.22363    
   459362.656       17911.3438       5556.18652       2623.79272    
   462086.562       17928.4766       5567.55762       2617.60205    
   463984.125       17851.6426       5588.23535       2640.17310    
   466309.312       17724.7852       5595.30908       2629.68896    
   467855.344       17764.6309       5647.41113       2636.66235    
   470564.094       17770.7852       5662.40820       2645.79492    
   472764.531       17855.5410       5666.95459       2679.27295    
   474976.906       17854.4668       5664.82373       2650.58716    
   477131.281       17932.3184       5665.08154       2656.07251    
   479073.062       17986.5664       5701.47510       2656.92090    
   481721.938       18048.4043       5700.58057       2691.50537    
   484370.531       18018.4453       5738.97266       2689.54028    
   486923.781       17970.8574       5771.83789       2687.17920    
   489499.500       18084.5527       5764.17529       2685.58765    
   492604.375       18101.3457       5697.52930       2690.75317    
   494876.156       18052.9863       5718.91846       2700.99194    
   497616.812       18078.6367       5732.92871       2697.71606    
   499783.875       18098.7754       5673.64990       2723.98120    
   502808.062       18097.2031       5735.75146       2720.16821    
   505493.062       18015.2891       5679.77393       2713.20752    
   508130.031       18125.1348       5697.36670       2708.55298    
   510795.344       18165.5879       5727.82031       2708.69312    
   513663.594       18166.1348       5737.03369       2694.75195    
   516175.906       18124.0078       5714.76807       2699.84937    
   519160.906       18089.6113       5699.71143       2732.50317    
   521761.062       18093.8457       5668.67920       2755.63721    
   524323.375       18085.7031       5753.77100       2777.35913    
   527187.812       18210.7461       5785.25195       2819.27368    
   529887.750       18176.4648       5756.01074       2792.62500    
   532963.562       18286.7305       5790.12500       2774.89722    
   535416.062       18388.8281       5790.91016       2781.70312    
   537865.250       18333.0312       5848.50928       2762.54272    
   540447.000       18343.6172       5806.95508       2776.80273    
   542959.688       18344.2188       5839.27832       2820.05664    
   546446.562       18385.2520       5836.80908       2821.07251    
   549321.312       18524.6621       5776.46289       2816.43579    
   552133.938       18574.3125       5732.70801       2826.99731    
   554063.375       18613.5254       5720.49121       2835.70776    
   555887.688       18591.4629       5707.62549       2856.82056    
   558634.375       18673.3613       5727.66260       2877.40308    
   561085.188       18677.7383       5724.30225       2893.66699    
   564000.062       18489.1953       5654.99658       2885.64966    
   567298.812       18429.1211       5710.43701       2901.23975    
   569686.625       18364.7949       5821.53760       2894.13110    
   571808.812       18345.5547       5818.90381       2839.35938    
   574457.125       18352.2617       5808.44824       2785.39014    
   577484.125       18217.8926       5771.81689       2776.48413    
   579184.188       18084.0254       5776.02637       2744.69727    
   581353.438       18044.8457       5866.01660       2758.26562    
   584643.375       18215.8398       5820.58740       2740.66455    
   587101.750       18253.0664       5884.89600       2716.91943    
   590563.125       18291.1738       5933.96436       2774.13525    
   592943.312       18390.1797       5961.84766       2804.14795    
   595241.188       18474.8906       6039.03516       2767.86279    
   598200.125       18486.8516       6048.90234       2758.38574    
   600276.312       18475.3926       6065.56299       2754.71875    
   602689.625       18569.5566       6022.98779       2747.27075    
   605583.062       18662.0762       5953.66064       2763.68433    
   608298.875       18747.2090       5940.78564       2823.65576    
   610649.312       18874.3770       5884.27441       2816.78589    
   613639.000       18893.9746       5942.40283       2830.31763    
   616619.125       18970.9883       5957.50586       2799.84668    
   618605.750       18991.6699       5987.28711       2833.94116    
   620958.062       19023.5371       6000.07617       2777.03101    
   624055.312       19056.6035       5995.08350       2805.77637    
   626862.562       19152.1406       5968.60303       2824.08936    
   628237.375       19121.6895       5911.65332       2828.39404    
   630688.562       19212.9727       5892.96143       2834.51880    
   633856.250       19366.2188       5898.86621       2843.01514    
   637187.875       19401.9473       5900.82227       2838.87451    
   640105.000       19380.2773       5913.07178       2832.61865    
   642405.562       19421.1699       5924.74072       2840.37207    
   644889.250       19439.4121       5918.95312       2817.29590    
   647909.250       19560.2598       5872.10645       2809.23755    
   651050.250       19706.2148       5948.87891       2802.79883    
   654019.625       19650.6875       5972.93701       2813.70703    
   656595.688       19600.7422       5971.80664       2796.92969    
   659230.875       19674.4336       5943.41553       2783.89331    
   662281.875       19721.9434       6007.08496       2805.31885    
   666030.625       19574.4707       6014.22510       2830.93433    
   669252.750       19540.7637       6031.65234       2888.76343    
   672242.750       19437.2773       6052.99658       2874.53418    
   675570.625       19468.2480       5994.40381       2842.05737    
   678464.875       19421.2754       6005.77344       2889.67065    
   681290.188       19432.7324       5992.43164       2892.53467    
   684019.938       19369.2461       6049.75195       2888.29370    
   686505.125       19320.9805       6037.06445       2880.21997    
   689855.938       19378.8398       6080.23877       2842.55835    
   692837.688       19342.7051       6058.73926       2815.71558    
   695327.750       19533.0723       6071.71533       2830.25903    
   698373.125       19716.3281       6115.10303       2869.82910    
   701173.938       19797.9375       6134.61377       2836.00757    
   703561.125       19750.5566       6121.19043       2820.40723    
   708076.000       19808.5078       6152.24463       2810.89697    
   710689.062       19865.7305       6180.85107       2833.83057    
   713097.125       19754.0977       6155.30029       2860.20166    
   716920.188       19856.9648       6169.35596       2865.50830    
   720365.000       19829.1035       6166.95801       2884.37817    
   723487.000       19860.0527       6092.35449       2912.08911    
   727205.125       19820.7773       6097.38818       2902.05981    
   730904.938       19871.3867       6068.14404       2906.45337    
   733916.438       19710.3945       6127.85205       2921.23511    
   735726.500       19690.8008       6068.99707       2911.45215    
   737965.500       19821.7715       6058.29834       2903.32104    
   740883.250       19865.9590       6025.03174       2892.00464    
   744287.875       19884.6836       6060.66064       2904.59717    
   746295.312       19866.5957       6072.46045       2914.81299    
   749580.688       20094.7148       6097.65430       2888.49316    
   752743.438       20146.3965       6153.67236       2913.11914    
   755362.438       20196.5957       6148.47852       2925.36841    
   758674.750       20322.7754       6201.02148       2931.82349    
   761866.438       20304.2188       6224.24170       2946.85742    
   765380.500       20409.2461       6241.49512       2977.13989    
   768448.188       20403.7441       6279.54688       2981.06006    
   771941.062       20375.0508       6288.89844       3035.54248    
   775166.812       20467.8379       6262.53760       3026.26953    
   778443.312       20460.1914       6237.26660       3047.47217    
   781458.625       20454.1660       6265.64941       3014.69775    
   784434.562       20422.7129       6221.50391       3003.93213    
   788163.875       20416.7168       6191.02197       2969.49536    
   791651.938       20328.1641       6218.63867       2979.08838    
   794534.125       20335.6172       6296.07617       2969.17188    
   797305.812       20259.6973       6273.97803       2974.26636    
   799465.125       20310.8848       6273.57715       2969.83643    
   802167.625       20358.6953       6314.56494       2972.98950    
   805123.938       20383.0449       6313.88867       2938.65308    
   807151.000       20393.1895       6340.66602       2980.11987    
   810084.562       20419.4199       6349.77393       3000.43921    
   813353.875       20397.2500       6370.41016       2976.99292    
   814835.000       20302.9219       6348.65869       2974.32715    
   817779.312       20274.9492       6281.13867       2988.01587    
   821002.625       20302.1172       6250.63086       2962.58862    
   824192.500       20330.2148       6304.93164       3006.97070    
   826841.250       20408.1875       6249.63818       3001.75293    
   830606.438       20465.0605       6242.46973       3015.29858    
   834072.562       20391.9746       6172.68652       2991.18872    
   838028.188       20498.6680       6222.84521       2973.50366    
   842219.438       20414.1387       6249.18896       3000.72461    
   846407.062       20405.1543       6216.73926       2973.95581    
   849512.812       20455.3066       6248.14795       2982.52637    
   852256.062       20507.6016       6256.01465       3010.93164    
   855475.125       20260.2520       6303.72998       3010.00684    
   858676.312       20301.5918       6301.99902       3009.73633    
   862952.625       20096.8613       6305.22412       3046.28003    
   865991.875       20162.6445       6323.64893       3045.81445    
   870025.000       20215.4160       6314.64551       2998.91675    
   872892.938       20201.7051       6335.02588       2978.58081    
   876944.375       20276.4668       6357.25732       2954.92383    
   880489.500       20249.2031       6337.54395       2986.07129    
   883763.438       20359.9863       6315.02686       2983.99756    
   886394.562       20305.4004       6307.51025       2957.98218    
   890573.375       20390.5254       6326.50391       2975.57715    
   893692.875       20439.9453       6327.79785       2980.38501    
   896533.000       20396.5469       6359.56982       2972.19458    
   899290.812       20308.1270       6385.14941       2986.59570    
   901664.312       20328.2246       6375.93164       2992.32275    
   904208.438       20356.4785       6365.83838       3014.19775    
   906933.062       20355.8984       6352.55420       3038.53345    
   911154.125       20391.6152       6322.24658       3040.54736    
   915641.750       20432.4453       6322.04688       3093.97632    
   917890.312       20504.0840       6334.25293       3066.95508    
   921198.875       20511.4863       6368.89453       3092.93213    
   924774.438       20558.1660       6428.83301       3025.00049    
   927822.562       20674.4492       6406.89111       3016.96240    
   930704.125       20680.7852       6444.97998       3006.43652    
   933720.562       20799.4199       6402.98486       3042.79272    
   936156.500       20867.5039       6432.19336       3039.59619    
   939161.250       20869.6543       6394.18018       3008.32422    
   942606.500       20735.6113       6459.87695       2995.99219    
   945198.375       20623.8125       6474.75928       2991.86816    
   948919.562       20836.4492       6491.22070       3010.20361    
   951355.125       20727.0156       6493.48242       3016.06543    
   955929.812       20740.4863       6500.40088       3014.03394    
   958942.438       20804.1211       6502.15283       3063.27856    
   962209.312       20824.7598       6557.42578       3047.33887    
   966221.625       20758.0000       6543.29492       3049.07397    
   969408.875       20736.3496       6546.42334       3051.76978    
   971824.250       20925.4004       6536.03711       3060.46680    
   974168.438       21078.8184       6486.53662       3074.61475    
   977348.688       21159.0371       6433.52393       3073.71826    
   979672.375       21173.4453       6438.79639       3064.81299    
   982680.938       21149.7363       6450.18457       3060.09326    
   985732.688       21175.6523       6444.76221       3050.50635    
   988600.188       21188.2617       6486.48193       3051.33374    
   990895.188       21260.1426       6503.95068       3055.00610    
   994348.500       21177.5137       6475.19336       3094.78687    
   997222.875       21218.8359       6536.62939       3078.67261    
   1000932.88       21330.3574       6470.64551       3102.87378    
   1003779.19       21266.0684       6485.50830       3084.84985    
   1008014.81       21381.3086       6467.37842       3102.10010    
   1011485.00       21349.1035       6481.12402       3095.75342    
   1014976.31       21331.8105       6453.93408       3122.01855    
   1018705.50       21352.4961       6451.03906       3120.86670    
   1021547.81       21382.4922       6505.96484       3104.54907    
   1026360.06       21387.1680       6497.43701       3122.11865    
   1028824.75       21334.0391       6545.62402       3122.45557    
   1032132.62       21218.7363       6608.42627       3115.76318    
   1035637.81       21185.5684       6607.86572       3111.34448    
   1038223.19       21094.2559       6644.21143       3094.29443    
   1042023.38       20849.2676       6691.58789       3062.27954    
   1045704.25       20836.8711       6690.12793       3067.34106    
   1048823.00       20734.8555       6703.69629       3068.34863    
   1052506.12       20817.0332       6651.35010       3092.19189    
   1056804.75       20927.6328       6680.57617       3097.64453    
   1060565.88       21002.1641       6669.48584       3094.78711    
   1062444.88       21019.4805       6636.57617       3101.63354    
   1066719.88       21090.9570       6589.44678       3074.59375    
   1070634.38       21053.0977       6592.13428       3085.85913    
   1074101.75       20940.5449       6604.17773       3116.36475    
   1077615.50       21098.5684       6596.47217       3155.73706    
   1082509.88       21410.7852       6590.82520       3160.17505    
   1085484.75       21427.2812       6583.01953       3175.25659    
   1088528.50       21432.5840       6588.79883       3186.10767    
   1093545.00       21334.0918       6587.20215       3193.90771    
   1097502.25       21424.9453       6657.56006       3207.70020    
   1102775.12       21432.7012       6725.31250       3217.82178    
   1106707.38       21440.1035       6778.38867       3162.99097    
   1109519.75       21637.8262       6841.15723       3169.47974    
   1113341.62       21718.4512       6911.59326       3164.01636    
   1116775.88       21830.8281       6901.17285       3185.04956    
   1120149.00       22038.3594       6840.35742       3194.70190    
   1122832.88       22098.4688       6773.84961       3172.05615    
   1127047.88       22118.1797       6766.19678       3187.57544    
   1130669.12       22175.4414       6751.07275       3139.50586    
   1135720.00       22221.8867       6752.38428       3101.94238    
   1138084.12       22332.8574       6744.24658       3119.79492    
   1142955.00       22285.8457       6808.50537       3127.22095    
   1146472.62       22219.1016       6887.06250       3153.17651    
   1151576.62       22274.3574       6875.15088       3169.64551    
   1154813.75       22231.7559       6888.10938       3123.04834    
   1157552.12       22452.8340       6941.80029       3142.51489    
   1161645.12       22351.0957       6886.20215       3190.75659    
   1165079.88       22347.5488       6886.36670       3157.28296    
   1169792.25       22482.1426       6929.82080       3153.89893    
   1174152.25       22568.3711       6901.98096       3187.15039    
   1177681.88       22736.1543       6947.38574       3221.91235    
   1182277.00       22562.0137       6960.93311       3215.12964    
   1187350.50       22542.7129       6972.51904       3229.15088    
   1191176.00       22720.9805       6987.71973       3216.25366    
   1196218.88       22703.5391       7016.00635       3198.91113    
   1201389.88       22674.9102       7033.74658       3180.72534    
   1205151.88       22856.6934       7074.75781       3195.02539    
   1210160.88       22701.0234       7030.57861       3152.55200    
   1214045.88       22672.3594       7063.63477       3144.45337    
   1218657.75       22669.5273       7026.12451       3217.94067    
   1222084.12       22628.7422       6955.04053       3218.67383    
   1225555.88       22563.4277       6955.21240       3172.10522    
   1229924.75       22697.8027       6898.17578       3172.02222    
   1232801.38       22731.4941       6845.62500       3204.61938    
   1236293.25       22738.3613       6844.01367       3231.38892    
   1239519.12       22668.3457       6847.93945       3226.72925    
   1243275.12       22671.1543       6873.62500       3213.04224    
   1245373.38       22979.6934       6843.67285       3225.65234    
   1248130.00       22983.2637       6842.08105       3282.56909    
   1254060.25       23031.9199       6901.85693       3281.64893    
   1258062.88       23073.2188       6831.17920       3245.90625    
   1260902.00       23135.7637       6815.93213       3236.91309    
   1264552.12       23113.4648       6918.45459       3274.97876    
   1267760.62       23164.0352       6935.78320       3289.52686    
   1271942.88       23095.5215       6929.65918       3293.90796    
   1276894.88       23119.9199       6914.71826       3252.38696    
   1280276.62       23004.2812       6944.80225       3262.53125    
   1284721.62       22963.5625       6931.28711       3242.03955    
   1289803.88       23063.6172       6976.40234       3233.78027    
   1294195.88       23152.5586       6963.72119       3201.58350    
   1298948.25       23214.9531       6933.70459       3162.19141    
   1303207.00       23229.5176       6954.66895       3174.33398    
   1307503.62       23240.3418       7005.75928       3171.47876    
   1310776.00       23204.3027       6950.70654       3195.08301    
   1314834.00       23219.5527       6917.04688       3198.46118    
   1318593.62       23371.4297       6912.29492       3218.08789    
   1323737.38       23327.3789       6933.50732       3204.33984    
   1328826.62       23250.3203       6921.79102       3236.96997    
   1332723.38       23227.2969       6868.23438       3234.38770    
   1337681.62       23126.2051       6869.54053       3231.91528    
   1340875.50       23270.3398       6851.20166       3242.26196    
   1345180.38       23282.4492       6901.86963       3254.52344    
   1348061.25       23383.3047       6927.69092       3225.98145    
   1352158.88       23303.5391       6964.68213       3240.60815    
   1356174.25       23183.9570       6948.84326       3266.87793    
   1358704.38       23175.0801       6974.72412       3282.09741    
   1363503.12       23264.8652       7008.19287       3224.71216    
   1366773.12       23352.3281       7048.80811       3211.29126    
   1371870.50       23305.6035       7032.18945       3242.06909    
   1375192.62       23089.3164       6990.23291       3244.30737    
   1379574.00       23120.2598       7039.27979       3233.05078    
   1383260.62       23155.5527       7108.65918       3237.48193    
   1388521.38       23101.5176       7055.69531       3255.43262    
   1395066.50       22938.3867       7016.85498       3237.84546    
   1398661.00       23003.5469       7043.49658       3245.94531    
   1403565.12       22933.1680       7068.34473       3241.95410    
   1406912.12       23007.3027       7048.42334       3280.42139    
   1410893.88       22953.5723       7056.39062       3288.20239    
   1413552.50       22958.7188       7078.52197       3275.08936    
   1418911.75       23106.0371       6982.42285       3308.15088    
   1422221.62       23409.6758       7012.69141       3356.16089    
   1425381.38       23381.4844       6973.22461       3331.46509    
   1428675.50       23387.7109       7024.74268       3331.90649    
   1431781.62       23412.4883       7048.30664       3317.76758    
   1435471.25       23583.3887       7087.60742       3285.53198    
   1439683.50       23491.6641       7076.60400       3295.81177    
   1444733.88       23285.5566       7066.35400       3328.35156    
   1449635.88       23174.6172       7080.16797       3347.09814    
   1452806.50       23175.4492       7129.98242       3337.08203    
   1457473.62       23143.9473       7123.56543       3326.77271    
   1462001.62       23239.4980       7063.27197       3321.39868    
   1467260.88       23221.6699       7060.48828       3328.96777    
   1472603.88       23102.5176       7055.07471       3319.07227    
   1477154.62       23030.7715       6998.37891       3329.78711    
   1483420.88       22787.3594       7060.21484       3328.64673    
   1487618.50       22848.5566       7108.84619       3309.35010    
   1492677.12       22925.4121       7104.65820       3338.74536    
   1497280.50       22926.2910       7122.71436       3339.65063    
   1501179.50       23022.7500       7171.37939       3325.12280    
   1503099.62       23089.2324       7159.91309       3344.38892    
   1507504.12       23126.5547       7138.21680       3353.86987    
   1511374.00       23245.3555       7146.98096       3357.91455    
   1516006.38       23153.4062       7160.59424       3357.31738    
   1521953.12       23330.5762       7106.30811       3401.07642    
   1526936.75       23469.0000       7226.11768       3416.58911    
   1532657.12       23613.3945       7302.34326       3412.81104    
   1537052.12       23609.4531       7308.20264       3399.08838    
   1540944.00       23793.3555       7380.96826       3437.36084    
   1545266.12       23869.5703       7393.02783       3409.82153    
   1548468.00       23948.2949       7397.28516       3416.75806    
   1552402.38       23964.2500       7367.89893       3389.20728    
   1558394.12       24032.4824       7374.48340       3416.61841    
   1560382.25       24049.2090       7376.05322       3421.91113    
   1566127.12       24029.3438       7348.15381       3390.51245    
   1569942.88       24177.8320       7382.18457       3384.22388    
   1575036.38       24240.3633       7314.04980       3397.96899    
   1580501.38       24321.1777       7292.36182       3385.43286    
   1585725.88       24136.9590       7323.50439       3410.43530    
   1589744.62       24089.8691       7324.80420       3409.37598    
   1594258.00       24227.8906       7353.78955       3407.45117    
   1597446.50       24342.2539       7279.73389       3418.34204    
   1601221.38       24173.2305       7279.52734       3386.44214    
   1607601.00       24302.9277       7231.88574       3355.13159    
   1611835.38       24063.4805       7239.69336       3362.91504    
   1615587.50       23935.8730       7327.55176       3390.44751    
   1618737.38       23955.5195       7342.51807       3415.70703    
   1622013.75       23921.7500       7283.76855       3445.49951    
   1626421.88       23851.9941       7313.03613       3441.35376    
   1630945.12       24041.9492       7359.43750       3425.14233    
   1633940.25       23929.1621       7345.76318       3401.42480    
   1638347.25       23980.7441       7374.80322       3393.79077    
   1643329.25       24186.5117       7411.89160       3432.42993    
   1648125.25       24305.3926       7393.34180       3386.89600    
   1652592.25       24403.7188       7389.42871       3368.47241    
   1658994.25       24456.2578       7304.81592       3385.88794    
   1661784.38       24523.2051       7325.83496       3406.00562    
   1665314.12       24550.9531       7276.60938       3423.63477    
   1670488.00       24672.3945       7350.72412       3365.83081    
   1674140.00       24402.6523       7319.27637       3373.18237    
   1677190.38       24532.6621       7307.05273       3408.69507    
   1680699.12       24596.0000       7238.33984       3395.02148    
   1685191.25       24623.4043       7265.47461       3413.89819    
   1688750.38       24659.6191       7315.77539       3403.54761    
   1692606.25       24693.1816       7357.01318       3406.29761    
   1697874.62       24714.5508       7361.37256       3415.82153    
   1704311.00       24807.3828       7342.97656       3443.80469    
   1709808.12       24868.8457       7366.67871       3417.92700    
   1715020.75       24760.6816       7413.94971       3430.35352    
   1719795.12       24773.2715       7394.29736       3446.91797    
   1723399.38       24799.9219       7380.56885       3483.60449    
   1728038.62       24755.0195       7377.72461       3458.51343    
   1734392.38       24873.1328       7412.16064       3475.28979    
   1738384.62       24982.2109       7365.43164       3466.12451    
   1742899.38       25137.9688       7307.95459       3525.04785    
   1747411.25       24987.3418       7259.74609       3513.77686    
   1751621.38       24912.5215       7228.24023       3491.16064    
   1758295.62       24962.0918       7165.68359       3423.54077    
   1762443.50       24978.6387       7119.09668       3424.30420    
   1765760.25       24875.7559       7185.34766       3414.97241    
   1770162.38       24879.1406       7221.16992       3442.91235    
   1773189.25       24985.5742       7237.51514       3444.06836    
   1777646.88       24965.4297       7199.11572       3491.11377    
   1782171.88       25107.2402       7224.82080       3514.11694    
   1784921.75       25205.7871       7194.81152       3501.30249    
   1790535.38       25024.4824       7211.50977       3480.95142    
   1793887.12       25002.7637       7217.35107       3490.15601    
   1798024.62       25035.2832       7287.63770       3476.14014    
   1802553.12       25200.7773       7256.83008       3485.28418    
   1806579.75       25053.9102       7219.56494       3495.75610    
   1812265.88       25172.6387       7253.14209       3540.30347    
   1818323.25       25194.0957       7210.89355       3580.53003    
   1822401.75       25274.8789       7205.78418       3565.69824    
   1825620.38       25160.6484       7193.84180       3542.75732    
   1830530.00       25185.6230       7285.91650       3471.58740    
   1835914.25       25240.7012       7281.79932       3505.87524    
   1842577.88       25186.1934       7300.92822       3518.05957    
   1847274.62       25104.0078       7298.87646       3540.43945    
   1852947.25       24884.2480       7342.77441       3555.42334    
   1858468.38       24904.9590       7338.05566       3575.77979    
   1862638.62       24653.9160       7351.40625       3572.60278    
   1867402.50       24579.0762       7350.64355       3576.91406    
   1872781.50       24567.0781       7380.35400       3569.00537    
   1876459.25       24598.6992       7376.47607       3542.91797    
   1879924.50       24560.6426       7364.80469       3542.72729    
   1883699.50       24764.0430       7418.59961       3541.65063    
   1888056.50       24617.0801       7376.28857       3566.71338    
   1892364.62       24731.6133       7348.75049       3568.13452    
   1897935.62       24822.3750       7316.33154       3555.01392    
   1903019.50       24898.7441       7379.34766       3493.15210    
   1908162.88       25116.1562       7436.75635       3530.06348    
   1912821.38       25192.0469       7422.46143       3511.86279    
   1918580.88       25348.5742       7477.52393       3490.26514    
   1924268.12       25276.5820       7506.09570       3492.14160    
   1928444.62       25404.4355       7653.26270       3480.32666    
   1934940.62       25234.9062       7663.17041       3468.14966    
   1937883.50       25224.5391       7694.13672       3475.26123    
   1940615.50       25194.6758       7654.46045       3448.94263    
   1946663.75       25228.0059       7602.81299       3475.58398    
   1953445.38       25164.3516       7601.81250       3509.11841    
   1958242.62       25236.9883       7584.58545       3487.21289    
   1963070.12       25398.5352       7535.98633       3543.54980    
   1967605.62       25353.7031       7532.87061       3566.78052    
   1973518.88       25520.9219       7535.56934       3557.75049    
   1978787.62       25616.2598       7580.31787       3562.52710    
   1985351.88       25532.9434       7605.87598       3587.10791    
   1991272.88       25477.5605       7624.73828       3530.73340    
   1995305.38       25545.9316       7666.05469       3537.73633    
   2001225.00       25490.3398       7724.22461       3534.81396    
   2007742.12       25570.9746       7718.25098       3531.73828    
   2012130.62       25305.7363       7690.02197       3537.39966    
   2015580.88       25320.6074       7681.00928       3540.98389    
   2019266.88       25361.7383       7685.98584       3614.34937    
   2024997.88       25331.4492       7663.27832       3628.42407    
   2030871.12       25380.3145       7687.44824       3622.95483    
   2034639.62       25301.5527       7713.29639       3616.97729    
   2039339.75       25235.3984       7715.77637       3618.38379    
   2044138.50       25330.5176       7805.29932       3616.50391    
   2048523.88       25235.0723       7762.03125       3625.12524    
   2053213.00       25205.5059       7733.17969       3638.51709    
   2059229.00       25155.6562       7656.20801       3636.25488    
   2062847.12       25248.8945       7581.86914       3643.05884    
   2067786.38       25295.0117       7621.35596       3603.35547    
   2072264.75       25454.9805       7556.25781       3594.71143    
   2077585.00       25675.9883       7592.64355       3597.59521    
   2081818.00       25549.4473       7631.86426       3610.18823    
   2084486.88       25533.6133       7646.27393       3604.84497    
   2091382.75       25595.7207       7670.66992       3635.13892    
   2093388.62       25618.8340       7627.28662       3640.11108    
   2099206.50       25719.8535       7747.27051       3662.52393    
   2104796.25       25788.1543       7709.42432       3663.02515    
   2110720.25       25674.3457       7684.16504       3679.22437    
   2116623.50       25601.5508       7682.74121       3739.02710    
   2121396.50       25707.4004       7637.05371       3700.18945    
   2125086.50       25612.4238       7666.97461       3708.86548    
   2129594.75       25660.6973       7712.85547       3702.13306    
   2136381.75       25523.2402       7736.62842       3678.06763    
   2141535.75       25570.7832       7701.10254       3659.96777    
   2148095.25       25553.8770       7770.04199       3621.97998    
   2152292.25       25419.9473       7742.97168       3618.31006    
   2158249.75       25488.2891       7751.99219       3627.22583    
   2161833.50       25515.1172       7767.52734       3639.01978    
   2165504.50       25410.4980       7679.61523       3573.43970    
   2169838.25       25355.4453       7700.32617       3585.98804    
   2174948.50       25230.1758       7710.86768       3590.32007    
   2181134.00       25271.2812       7707.13525       3610.01050    
   2188385.25       25123.1836       7740.74805       3574.01880    
   2193829.50       25121.4336       7771.22461       3592.49878    
   2202091.00       25131.9355       7830.60449       3543.37842    
   2209723.50       25117.4414       7853.99805       3541.57642    
   2215430.50       25114.1953       7813.95752       3529.85449    
   2221025.25       25226.2344       7870.84375       3505.52832    
   2226925.00       25324.7559       7864.29590       3457.98315    
   2233935.50       25141.0547       7834.86670       3460.50220    
   2236891.25       25019.1289       7889.63281       3459.86230    
   2243493.25       25232.5059       7811.16064       3510.76685    
   2248557.50       25276.7109       7866.52441       3540.24121    
   2254583.25       25233.7051       7851.22656       3525.65381    
   2263010.25       25169.2734       7938.28809       3553.43188    
   2266120.75       25241.8086       7856.86621       3561.73511    
   2272261.75       25434.6172       7762.38086       3605.94531    
   2277186.50       25557.0938       7780.48047       3571.42554    
   2281382.75       25619.1172       7884.93213       3594.67749    
   2285182.75       25546.8359       7824.83398       3612.73315    
   2289532.25       25446.9785       7836.02393       3615.40063    
   2296382.25       25449.6895       7811.59229       3639.75952    
   2301821.00       25410.4434       7789.10352       3648.14844    
   2307170.75       25453.7852       7769.17871       3619.58911    
   2312442.75       25422.0820       7747.73291       3667.05103    
   2318990.50       25459.5566       7791.66016       3660.56592    
   2324104.75       25685.4805       7748.51807       3644.43970    
   2329095.25       25658.6055       7748.02686       3659.27759    
   2334396.50       25820.1602       7701.48486       3681.86157    
   2337433.50       25773.2109       7669.06250       3701.97168    
   2345468.75       25741.1836       7668.32910       3670.80518    
   2350396.00       25690.3887       7713.33398       3652.02197    
   2357274.50       25650.4902       7739.44873       3639.33496    
   2361665.00       25558.1113       7731.21143       3615.80933    
   2366631.25       25849.2324       7762.08887       3644.95752    
   2371790.75       25888.5332       7782.78906       3618.89307    
   2377073.25       25955.4824       7831.81592       3642.77905    
   2381890.75       25832.1602       7912.14209       3677.28931    
   2387117.50       25929.8926       7937.56738       3685.86792    
   2390560.00       26006.9902       7926.08398       3626.33057    
   2396968.25       25960.2148       7982.97461       3630.93262    
   2401876.75       25925.6934       7956.80566       3638.38794    
   2409189.25       25898.0117       7957.34180       3608.74219    
   2413133.50       25795.3359       7939.27393       3631.86865    
   2417743.00       25877.3145       7881.12109       3628.05151    
   2422052.00       25960.1992       7849.06787       3629.93066    
   2427555.75       25923.7832       7898.47705       3674.14844    
   2431468.75       26044.3770       7889.47559       3672.62036    
   2435985.75       26067.8301       7859.98486       3680.58350    
   2439981.25       26058.7500       7854.04053       3707.61353    
   2444641.25       25948.4238       7834.57275       3694.10571    
   2450190.50       25912.9453       7819.10303       3683.59253    
   2456083.00       26074.6660       7860.58496       3676.31323    
   2460115.75       26099.5156       7881.90967       3684.19238    
   2465118.75       26112.4434       7906.50879       3670.32300    
   2473177.00       26078.1113       7863.23047       3720.23022    
   2478148.25       25938.6953       7900.02490       3713.96191    
   2483803.50       25940.0859       7964.86670       3690.94971    
   2489121.00       25989.6465       7967.60156       3699.61914    
   2493485.50       25948.3379       8010.53711       3714.88159    
   2497929.00       26108.0723       8006.55859       3674.57666    
   2502968.75       26294.5664       8049.98486       3657.26978    
   2508622.75       26402.0059       8139.17578       3684.49902    
   2512701.25       26458.2539       8091.42139       3687.61475    
   2516619.25       26460.4004       8131.55273       3684.68408    
   2522242.50       26427.8535       8021.06348       3667.79688    
   2530255.75       26460.6133       8078.82324       3670.10522    
   2541679.25       26471.6797       8124.40869       3682.76416    
   2549499.50       26296.9766       8217.71777       3681.70459    
   2556217.00       26291.8359       8195.71680       3695.78687    
   2560693.00       26315.1289       8184.66162       3685.22339    
   2565136.00       26306.2207       8169.08252       3682.94263    
   2571706.25       26230.1621       8227.40137       3711.96460    
   2576019.25       26410.7949       8258.74414       3707.78857    
   2583449.25       26490.8066       8297.81543       3682.54272    
   2589242.25       26488.4531       8327.82227       3653.88452    
   2594019.00       26486.7637       8375.80273       3597.53320    
   2600179.00       26208.6758       8474.02832       3633.26538    
   2605201.00       26075.4922       8570.41309       3641.41797    
   2611732.75       26137.0918       8561.70312       3616.16211    
   2615712.75       26219.9180       8400.19531       3605.94849    
   2620732.75       26211.7578       8301.56055       3597.49365    
   2625301.25       26414.3652       8192.85449       3576.63428    
   2630912.75       26411.6797       8248.38574       3501.12183    
   2638118.00       26443.3613       8249.04395       3502.61108    
   2645417.50       26536.4512       8181.91553       3536.27026    
   2649963.50       26617.5195       8227.50488       3531.63525    
   2659098.75       26708.2656       8213.77148       3592.66772    
   2664173.50       26580.9434       8168.07227       3615.19482    
   2671034.25       26708.2129       8068.09619       3681.97290    
   2677131.00       26619.9336       8143.70996       3723.08545    
   2683287.00       26560.8340       8134.64404       3692.60278    
   2691190.50       26747.1191       8156.68359       3696.94922    
   2697033.75       26798.4512       8274.72363       3709.90088    
   2704812.25       26857.0527       8283.60742       3727.68945    
   2710138.50       26842.2500       8327.03711       3720.18555    
   2717476.25       26868.5312       8355.93457       3712.49365    
   2724630.75       26976.5312       8254.46094       3760.11328    
   2728665.50       27158.6934       8182.16748       3726.82520    
   2733540.25       27237.5391       8147.02783       3720.68408    
   2739556.50       27030.4766       8110.82324       3746.46021    
   2745144.75       26990.3301       8137.29639       3704.61646    
   2751448.50       27106.6484       8198.90918       3676.44727    
   2754915.25       27080.7129       8135.97510       3718.16821    
   2759203.75       26988.7168       8091.10156       3731.77197    
   2764057.25       26925.4688       8126.31543       3748.26123    
   2772959.25       26890.5488       8035.21094       3717.66675    
   2780155.00       27019.7383       8085.64453       3731.81982    
   2785199.75       26989.1133       8078.73291       3725.45972    
   2788958.25       27042.2422       8114.79785       3723.40088    
   2796652.75       27095.3184       8044.35986       3688.31641    
   2802118.50       27259.6016       8076.81836       3687.60571    
   2807536.50       27387.5684       8044.04199       3710.48022    
   2814284.50       27336.9121       8018.98438       3663.07886    
   2822862.50       27262.5332       8039.78271       3709.38916    
   2826592.75       27213.4707       8055.21777       3641.74609    
   2832886.00       27260.3945       8113.36719       3633.22046    
   2838036.75       27297.9043       8101.44922       3657.13037    
   2843537.50       27275.9941       8110.46875       3665.23218    
   2850175.75       27342.0449       8143.67285       3733.38672    
   2857718.50       27358.5703       8127.22510       3717.75854    
   2863813.75       27347.5898       8199.89453       3716.98755    
   2869163.75       27352.7930       8283.26367       3719.56470    
   2873320.75       27338.5508       8296.56836       3708.49121    
   2880419.75       27376.8867       8387.58398       3651.78638    
   2885115.25       27384.7578       8362.06738       3681.65527    
   2890320.00       27241.6777       8293.32715       3671.10791    
   2895667.25       27225.1484       8340.14551       3688.05054    
   2902497.75       27343.8418       8298.44336       3661.08447    
   2909402.50       27513.7324       8399.92188       3707.34546    
   2915854.50       27553.5156       8448.51074       3776.04590    
   2921027.50       27763.2148       8466.29395       3809.45703    
   2927525.00       27864.4023       8541.66113       3777.78442    
   2930817.00       27798.5840       8501.59863       3783.65161    
   2936601.25       27641.5566       8425.65430       3781.61475    
   2942578.75       27666.2754       8439.23242       3788.19092    
   2950556.50       27632.0527       8449.81934       3763.11206    
   2956002.25       27679.4531       8524.98438       3764.11255    
   2962476.25       27701.2129       8561.11328       3717.75879    
   2968605.75       27772.0449       8470.64062       3710.85474    
   2975480.50       27696.8418       8516.54004       3730.01514    
   2980811.75       27599.0254       8492.62109       3746.38818    
   2985827.25       27628.5430       8495.54395       3789.10107    
   2990757.25       27788.6113       8451.13574       3766.04419    
   2990961.25       27852.3926       8401.37695       3794.55103    
   2997214.00       27848.9082       8380.67480       3829.85132    
   3002187.00       27950.1191       8405.43164       3840.15845    
   3010102.75       27953.3652       8468.42871       3871.74878    
   3016133.00       27858.3164       8467.85449       3836.12891    
   3023202.25       27806.8105       8454.01953       3818.14526    
   3027286.25       27915.5586       8469.86621       3814.10400    
   3035056.50       27963.6680       8435.35254       3720.14111    
   3041425.00       28118.2559       8354.29785       3721.59375    
   3047291.50       28139.8184       8315.82031       3714.71973    
