   0.00000000       0.00000000       0.00000000       0.00000000    
   3.72001529E-03  -4.20004129E-04  -1.89000368E-03  -2.16001272E-03
   2.06400156E-02   5.23006916E-03  -6.33001328E-03  -7.06994534E-03
   9.76037979E-03   1.79803371E-02  -1.32699013E-02   1.86600685E-02
   5.27999401E-02  -4.16901112E-02  -3.26900482E-02  -5.28998375E-02
  0.236779213     -0.109650612      -6.42900467E-02  -1.27801895E-02
  0.247439861     -0.248440027     -0.142889619      -8.30706358E-02
  0.188019037     -0.267351389     -0.122699618     -0.150020897    
  0.139040709     -0.243160725     -0.315250814      -8.67990851E-02
   9.39998627E-02 -0.327190876     -0.144499451     -0.216229916    
  -2.66410112E-02 -0.372239292     -0.102721423      -7.11084753E-02
 -0.172879875     -0.339381337      -7.90698081E-02  0.139219731    
  -5.61632216E-02 -0.371829927       7.96262175E-03  0.354349852    
 -0.172892570     -0.335722268       5.11097983E-02  0.321211278    
 -0.201678753     -0.530708909       2.71136649E-02  0.358948797    
 -0.161298558     -0.504921317      -9.05194879E-02  0.240759909    
  0.212638915     -0.303018004      0.248937234      -1.85391754E-02
  -8.32074881E-03 -0.656259716      -5.91519549E-02 -0.203538001    
  0.100565642     -0.524113715      -3.54275852E-02 -0.217218235    
 -0.310041696     -0.552644491     -0.776212454      -6.03313968E-02
 -0.140805900     -0.762101650     -0.680712700      0.332090378    
 -0.612220645     -0.749274611     -0.532678664      0.212356150    
 -0.399683595      -1.20034003     -0.256553531      0.191467881    
  -8.54538083E-02  -1.40772200     -0.342615485      0.156773627    
 -0.172079727      -1.24273121     -0.691466868      0.790370464    
 -0.601522565     -0.532269001     -0.371154845      0.782555342    
  -7.13700652E-02 -0.404843658     -0.631020248       1.03265023    
 -0.277549863     -0.357762635     -0.300725162       1.14812696    
 -0.744710565     -0.265169948     -0.122561947      0.949013472    
 -0.918534040     -0.604069531     -0.771175861       1.17726851    
 -0.918625355     -0.744924843     -0.145915300       1.39413047    
 -0.290969402      -1.03068638     -0.112837449       1.44031596    
 -0.928230286     -0.884331584       7.30051249E-02   1.46884000    
  -1.02892625     -0.955621958     -0.235478997       1.33178532    
  -1.62159395      -1.08069348     -0.659688354       1.85925376    
  -1.62959552     -0.306031346     -0.854566336       1.27043080    
  -1.12848473      0.534343243      -1.38935387      0.247449607    
  -1.16392064      0.373958588      -1.30985272      -3.85294408E-02
  -1.90303206      0.175149083      -1.60592282      -5.25252074E-02
  -1.49893034     -0.928150892      -1.54972589     -0.371171534    
  -1.46497869      -1.64404321      -1.33146632      0.147910491    
  -1.01645529      -1.46635902     -0.773155332      0.373163044    
  -1.63173842     -0.890496254     -0.899567962      0.171437487    
 -0.442847997     -0.960330367     -0.772627831     -0.166995451    
 -0.176890820     -0.650513172     -0.782069683      0.596527874    
  -1.39320159      -1.49051929       1.05939955E-02   1.28415358    
  -1.86625290      -2.15364456      0.458999038       1.25799203    
  -1.21991897      -2.06705713     -0.174483791       1.30679810    
 -0.913014948      -1.96353972      0.494271964      0.770964861    
  -1.44745088      -1.98385000      0.674387038       1.03310597    
  -2.42022467      -2.37637234      0.538307488       1.43692219    
  -1.24009979      -3.16451406      -3.15479785E-02  0.915913582    
  -2.79464364      -3.14440870      0.412548482       5.02573550E-02
  -3.61448765      -3.52214146      -5.15008047E-02 -0.172473788    
  -2.29027510      -2.70356798      -4.29872125E-02  0.364815116    
  -2.29718018      -2.11834764      -6.15476221E-02  0.904217362    
  -4.63830328      -2.35756803      0.750582695      0.241902709    
  -3.58848667      -2.56514382      0.673806965     -0.149697527    
  -3.20426989      -2.96480560      0.222268447     -0.259636760    
  -3.46676874      -3.00259542       1.07727349     -0.713779330    
  -4.99616671      -1.76597881       1.38734472     -0.507983029    
  -3.97192311      -2.51559782       1.53357410      -1.14850903    
  -4.02799606      -2.29632258       1.11023915      -1.09218991    
  -1.74545169      -1.37145793       1.19143116     -0.570084095    
  -2.84912586      -1.19445562       1.19787657     -0.465899467    
  -1.93666959      -1.26797163      0.875810862     -0.392304420    
  -1.61159647      -1.89987969       1.24927628      0.511835456    
  -1.47665548      -1.90270877      0.952130795       8.10748041E-02
  0.249687672      -2.17869377       1.27079988       1.54018247    
 -0.617065728      -2.17011046       1.47018456       1.26868510    
   1.26404178      -2.53623748       1.83190393       1.76434541    
   2.96396065      -3.66236377       1.94548047       1.57649004    
   2.80521488      -4.89312410       3.26895714       1.02007043    
   2.87363529      -4.17175388       2.52153921       1.24944365    
  0.312259912      -3.51387739       1.02961230       1.12376249    
  0.580961585      -4.03099489      0.909635425       1.79145384    
   1.11293626      -4.53475285       1.17871714       1.04061604    
   1.54780483      -3.00126719      0.612076342       1.57360506    
 -0.110658288      -2.74303293      0.270685077       1.61476481    
 -0.798401773      -1.65372443     -0.588348031       2.36005449    
  -1.03403175     -0.906551003      -7.12777972E-02   3.20742512    
  -1.58615530      -2.48973560     -0.534835577       3.32602143    
 -0.823578358      -2.01492453      -1.20344305       2.99021554    
   1.86297297      -3.65890980     -0.627169251       3.35244751    
  0.851849675      -4.68148804     -0.696393013       2.65904570    
   1.29701614      -3.46675205      -2.11107302       3.50757670    
   1.88679886      -3.93217897      -2.06035018       2.93895102    
   3.98618078      -2.73230553     -0.188094601       3.34258342    
   4.27061510      -2.71016383      0.348576963       3.10882711    
   3.27721596      -2.77557349      0.219819576       2.44301987    
   2.83626056      -5.06867409      -1.35291433       1.92662644    
   2.43741179      -5.36926031      -1.46226323       1.25341725    
   1.53557789      -4.49775028      -1.22136688      0.920720994    
   1.11597490      -5.88990021      -1.54206502       2.12056303    
   1.47037458      -6.05985594      -1.43720627       3.06182075    
   1.84624720      -8.37992287      -1.07217848       3.21026683    
  0.600727916      -7.28473377      -1.57269621       1.17757964    
  -2.63477826      -6.00439930      -1.75879264     -0.299620152    
  -3.23283339      -7.64585209      -2.46555972     -0.993553877    
  -7.05319405      -5.99951553      -3.01251578      -1.64718819    
  -5.73971272      -6.64856815      -1.94389999     -0.832586527    
  -3.85012054      -7.62608767      -1.27694058     -0.354759485    
  -4.18661261      -6.64614773      -2.44052243     -0.971936941    
  -1.52602279      -8.65290833      -3.66154599     -0.213081986    
  -3.06079721      -8.98461151      -2.43692541     -0.593684912    
  -2.64153385      -8.02809811      -1.76488233     -0.669612169    
  -4.56997204      -7.63219833      -1.39660811     -0.458969116    
  -4.85149670      -6.21599579     -0.538294911      -1.55576420    
  -5.41395855      -6.84814310      0.378367335      -1.02352607    
  -4.65731287      -7.63391066       1.85017812      -2.03479266    
  -7.26668644      -7.29885864       3.06357241      -2.27670407    
  -7.43269968      -7.39604473       2.22899771      -2.43838286    
  -6.74533367      -8.33293629       2.26116276      -1.76154172    
  -5.10859489      -8.03644466       2.50200176      -1.74526167    
  -5.96591663      -7.32609749       2.49100423      -1.68328226    
  -1.51822042      -4.95005846       3.44971848      -1.90978026    
  -2.01380086      -5.90349197       2.89502430      -1.31277955    
  0.261038184      -5.81646013       3.77525091     -0.763894558    
   1.02002692      -5.70128822       4.80642319      0.123472840    
 -0.509201765      -4.77495813       4.07735014      0.512708902    
 -0.572887421      -5.09344339       5.74505615      0.324496031    
   1.54555619      -5.24968100       6.17595291       1.01755035    
   3.05067849      -4.29362440       6.82856798       1.12674618    
   4.31726170      -4.37022781       6.41475868       1.09871817    
   3.73862934      -4.19367599       5.74088144       1.21869540    
   3.37817812      -4.43276215       4.53661919       1.70936275    
   4.52504158      -6.10069561       4.90684557       1.69947696    
   5.27990103      -5.41317844       4.32407331      0.958511353    
   3.14431524      -7.13892746       3.54621077       1.40805566    
   2.04070330      -7.03350973       3.80306840      0.769350529    
   7.18305111E-02  -7.67379999       3.67083263      0.677897573    
  -5.14609671      -7.97926712       2.96225309       4.40954119E-02
  -5.10904026      -8.06009293       2.29248476      0.200009942    
  -3.17406511      -6.32555819       1.68837488     -0.364922434    
  -4.63364315      -7.91291332      0.588431239     -0.616082013    
  -3.31953573      -8.42115021      0.743914604     -0.189243287    
  -4.71178484      -7.62755203       2.17202640      0.635884047    
  -4.66044235      -6.88085461       2.91863966     -0.609207034    
  -3.26329112      -6.37830830       3.43187118     -0.599644482    
  -3.20596814      -7.16121387       4.68923616     -0.325950593    
  -2.12328959      -8.70710945       4.17097092     -0.798509419    
  -3.20087910      -9.52742100       4.23589706      -1.24579823    
  -1.31216002      -9.82740307       3.91370153      -1.41619337    
  -3.74200296      -11.2868080       3.20853329     -0.938339710    
  -4.26044750      -10.2241468      0.884248555     -0.396378815    
  -5.61512899      -7.84077692       1.80287695     -0.851721525    
  -4.91287518      -7.94630051       1.17560744      -1.03588331    
  -6.41415167      -10.6438065      0.605276704      0.832025528    
  -5.12054920      -10.5455637      0.388565570      0.723151326    
  -8.80285358      -10.7431583       1.07817602      0.998433828    
  -9.27317619      -7.44368219      0.529209733      0.390064716    
  -11.7402592      -8.17675972       2.24102068      -1.65426135E-02
  -9.07464886      -6.62579632       1.94040394      0.283332527    
  -7.92154455      -5.41129351      0.932447374     -0.786853075    
  -11.5053787      -5.81506252       2.09910059      -6.15263432E-02
  -13.9932623      -6.32832766       2.88474870      -1.80226266E-02
  -12.4909868      -7.12461615       2.69674110      0.388828933    
  -13.5955515      -5.46668816       2.36646891      0.432208240    
  -13.2208948      -3.95821905       1.14854836     -0.427379727    
  -10.1918507      -2.67868519       5.63747585E-02 -0.153561652    
  -12.3526630      -3.37108994       1.19516885      -1.38426971    
  -11.8873501      -4.82565975       2.45892096     -0.267630726    
  -10.1178837      -5.19356871     -0.621437550      0.456714332    
  -6.60552692      -7.77933407      -6.38228059E-02  0.456608385    
  -4.09690332      -5.23216105     -0.751614571      0.884854078    
  -1.88662076      -5.65159988       1.03486848      0.377458125    
  -3.31410980      -3.57351518       3.50601745      0.544638515    
  -8.07445049      -2.23784351       2.23438406       2.07168818    
  -4.00525761      -2.47402573       2.74580359       1.31224084    
  0.507076502     -0.256933630       3.97155809       2.06478834    
  -1.21135962      -1.91834784       4.04568100      0.744629502    
  -4.36508417      -3.16534472       5.48807669       1.35613000    
  -2.82192564      -3.87729692       3.82895064       1.75706100    
  0.241309881      -5.63554049       2.76954889       2.20679450    
   1.65972710E-02  -4.70501566       2.13566136       2.28741884    
   1.80220354      -1.25774276      0.926913857       3.14044309    
 -0.994918108      -1.18375874       1.58238471       4.58895445    
   2.10679007      -1.68788409       3.44290709       4.85582066    
   4.28781939      -2.92177916       3.82999587       4.15176105    
   5.86984825      -5.23595095       3.57777691       3.75024939    
   6.62321281      -4.73321819       1.77846813       3.81143093    
   7.60762596      -3.65019226       1.82287633       4.95268059    
   7.30505896      -3.43857908       1.89026046       3.28003573    
   6.73622847       1.06626105       4.77567387       3.17804217    
   6.10547638      -1.04933572       3.57660580       2.01835966    
   2.89646626      -4.31160498       3.46057510       1.76277542    
  -1.89324975      -5.18406200       4.59936428       1.17677140    
  -1.29878926      -2.84804821       2.42215872       1.96029544    
  0.847620249      -2.57056689       2.57273483       1.54611874    
  0.406240106      -2.68180966       4.17311621      0.790612698    
   1.20749307      -3.75974751       4.61403036       1.12921524    
   2.80732369      -1.62211752       4.09311152       2.12506700    
   8.44523525      -3.82145476       3.98772001       2.18595886    
   10.1292439      -3.30528331       3.05747318       1.54581976    
   9.85275269      -2.40963316       1.94355798       1.42745066    
   9.47763062      -1.15447593       2.83356667      0.693305373    
   4.10650635      0.457885802      0.490088075      0.269568712    
   3.49744368     -0.987387776       2.01167512     -0.430008799    
  0.552208185      -3.66542196       2.21455097       1.45740807E-02
   2.42848706      -5.73436260     -0.220335484     -0.322755158    
   5.30155277      -1.41830111      -1.47643101       1.15533853    
   6.09442759      -1.20618677      -3.05860281       1.08856285    
   6.62176800     -0.309686124      -4.11193943       2.96561790    
   8.89351368E-02  0.637373447      -4.05236959       2.85262299    
  -1.41252804      -1.45053494      -3.26998997       3.88916492    
  -9.92389107      0.417134821      -2.52031898       4.87503338    
  -10.3942547      -1.31543863      -2.95632505       3.92262650    
  -10.1274719      -5.39854813      -4.00044537       2.36769819    
  -7.90625858      -8.78927135      -4.42750454       1.51044011    
  -5.52067280      -9.72101688      -1.36615705       3.53171158    
  -3.67238617      -9.78317928     -0.347944945       3.01765561    
 -0.528521061      -9.84589577     -0.852604806       2.12678838    
  0.607385635      -7.13899136      -1.26977730       1.76376104    
   2.82499433      -7.07368946     -0.380835593      0.727779627    
  0.434766769      -8.40728664       1.91819346       1.38669348    
   1.13979149      -9.95148849       2.53374767       1.02536047    
  0.171566010      -6.71622467       3.22347212       1.27470899    
  -1.08296895      -2.36631870       2.81295633       1.26133108    
  -6.65934277       1.59764099       1.04180729      0.263069570    
  -16.4619141       1.12040162       1.33800995      0.323953271    
  -13.7638760      -1.27772450       1.85790443      0.660184562    
  -14.6006136       1.62463140       1.33210194      0.500435412    
  -14.8440857       2.20812106       1.54250193      0.769229770    
  -14.0193624     -0.212651491      0.877987504      -1.09257293    
  -12.7903461     -0.348657191       1.13348794     -0.869996309    
  -8.75087452      0.398203135       1.38244772      0.202349216    
  -17.7238445       1.20229793     -0.415809155     -0.227503687    
  -19.2704620     -0.844237208      -2.38826680      -2.12938595    
  -20.7183151      -2.38173103      -2.64750648      -2.45834827    
  -21.4576416     -0.752056241      -4.94291592      -1.21740663    
  -16.1763077      -3.78341389      -1.87877715      -9.43776071E-02
  -17.0804367      -1.62512374      -1.18169153      -1.54923964    
  -18.2101841      -4.38104677     -0.357556820      -1.94956040    
  -17.1699944      -4.01317596      0.916882634      -2.57910299    
  -19.2943630     -0.642150164       1.68089914      -1.54701281    
  -21.3681984      -2.63530326       1.60274053      -1.86234856    
  -20.3653030      -3.20034981      -1.03824997      -1.85881388    
  -23.3800011      -3.45030117      -2.40018070E-02  -6.38355017E-02
  -29.4668217      -2.24381971       1.45008850     -0.289150208    
  -30.3422565      -3.46628213       2.45392704     -0.554045558    
  -21.6717815      -3.16497040       3.22422242     -0.768809438    
  -18.3876438      -3.95559931       2.32413602      -1.22242212    
  -16.4184780      -2.27880716       1.06952798      -1.08481896    
  -19.6168156      -7.07001543     -0.466229439      -2.39322543    
  -25.8363667      -4.78685379     -0.357723892     -0.864829063    
  -30.4209633      -4.34621572     -0.896082878     -0.604818702    
  -47.3576431      -2.85903597       1.38436222      -2.78798962    
  -43.9605713      -5.08637428       1.43818641      -3.09404397    
  -46.1854248      -3.39573097       2.09613824      -2.81751251    
  -44.8437347      -5.51296186       3.03777742      -1.99037361    
  -45.5159721      -6.28793192       1.18197954      -5.64158261E-02
  -51.8504982      -6.89387226      0.356847197     -0.261907965    
  -54.9042244      -7.43990898       1.32908833     -0.824349165    
  -49.5978012      -6.67169571       1.57569981      -1.28133357    
  -54.6988297      -4.55369091      0.654859185     -0.549941301    
  -51.8190155      -5.95970631       7.14932680E-02 -0.782828689    
  -50.7209358      -3.90827656       1.57263112     -0.814944386    
  -48.8065224      -2.49903965       2.20664167      0.918716967    
  -47.3950233      -3.95322704       1.79443502       7.51537979E-02
  -51.7188339      -3.06252337       1.53795695      0.622677803    
  -52.1222878     -0.854842424      0.944944024       1.43028212    
  -45.2502632       1.54492736       3.08959866       1.28827667    
  -49.1183319       2.76630402     -0.494408756      0.394506395    
  -42.4399529       1.58231592       3.03596187       1.68391871    
  -49.3153648      0.835425019      0.849698305       1.69155240    
  -44.5754128       1.00271225     -0.362008154      0.272644520    
  -37.0267830     -0.910257280     -0.944288373      0.527263403    
  -38.9666748      0.679741859      -2.57199287       1.02923274    
  -38.0061607     -0.589023054      -1.77011287       1.63204789    
  -39.7722282      -5.38484001      -3.06638670     -0.342373580    
  -41.3468437      -4.21644354      -3.39520979      -2.48455667    
  -41.5182724      -5.63688183      -1.66999269      -2.24441290    
  -45.0110054      -2.21036243      -1.21768785     -0.499641895    
  -52.2128754      -2.29361987      -1.88148987      0.705282569    
  -57.9044418      -1.41178966      -7.60082603E-02   2.76152873    
  -60.6244583      -1.23188508     -0.682437599       2.67414021    
  -61.6567459      -2.38190222      0.618940353       2.21325612    
  -62.3875618      -2.19181061     -0.977630675       1.52224517    
  -60.8956909      -4.58501577      -2.11185861      -1.45000863    
  -64.6349411      -6.60267258     -0.506172180      0.197570160    
  -71.6919861      -10.3830700       1.44627404      0.873390675    
  -72.4624863      -11.5969296     -0.139011323      0.134142593    
  -68.1460419      -11.4628916     -0.610305667     -0.265409440    
  -72.7704773      -9.67796230      -2.24762392      0.382758737    
  -70.0437164      -14.0537434      -2.97897649       1.06044114    
  -73.4767532      -16.7380180      -2.19230986       2.38475919    
  -74.5258408      -18.8113403      -4.51248455       2.59471703    
  -72.4638138      -19.0233974      -2.88170409       2.71561837    
  -75.0130844      -16.9005337      -2.93392825       1.16701233    
  -72.2004623      -15.0213528      -5.10498190      0.917708158    
  -69.0811386      -15.4646463      -6.13644791       1.07125616    
  -63.4010544      -16.1404438      -6.16184711       3.88344073    
  -69.7448273      -13.7127876      -4.05274248       4.01501608    
  -68.2286987      -13.1569462      -5.21078682       3.75819516    
  -73.2361603      -14.2301464      -4.93035984       3.45049548    
  -76.9014664      -14.6105661      -3.76134276       1.01032507    
  -76.1516342      -16.7155342      -2.03259993      0.821258426    
  -81.3950653      -15.9818859      -1.95476723      0.400536537    
  -83.3985062      -19.6022339      -3.19641256       1.02163208    
  -81.2467346      -19.4407482      -5.45094347      0.833435774    
  -82.8370743      -21.8078499      -6.45882797       2.96578908    
  -79.7918243      -19.1682091      -5.50398874       1.76256692    
  -73.5970230      -18.9957924      -5.32399654       2.16033912    
  -71.2857819      -18.6164627      -3.66543269       3.80791092    
  -71.1526489      -16.1904945      -3.56363773       4.35786533    
  -64.0311203      -11.5069818      -3.24160862       2.64416647    
  -64.6410217      -9.74526501      -2.91404152       1.04516721    
  -69.0303345      -11.7293673       7.83889592E-02  0.555408597    
  -64.0845490      -18.1122761       2.17873573       2.27054381    
  -64.5550842      -18.3032570       2.69926000     -0.547668099    
  -62.9420471      -17.8248825       4.35653496      0.958332479    
  -68.6287003      -16.0228767       2.82451940      0.298908323    
  -63.6723557      -14.9685602       4.16939163       1.06355309    
  -71.2463837      -17.8131828       4.49920702      0.688845992    
  -73.2382507      -18.8995934       2.99123502      0.813845515    
  -71.2093124      -13.8121023       3.55205655       1.03505111    
  -69.0451965      -13.7585964       3.23885345      0.158557862    
  -65.8257828      -10.9580946       2.98323369      -2.32672393E-02
  -73.1960373      -11.1893835       5.01283407       1.69205284    
  -71.7020264      -11.6456947       7.27836990      0.638612270    
  -65.3403015      -12.0651455       7.27348566     -0.224847168    
  -72.4456863      -13.9020052       7.39242840      0.887333333    
  -71.4009705      -13.9344149       8.25836468      0.536984444    
  -70.6853867      -15.6012335       8.86432266      -1.20898485E-02
  -67.0320587      -15.2508860       6.52609825       1.32503819    
  -71.7225342      -14.9623919       8.80957222       2.44947374E-02
  -77.5270615      -13.2670631       10.8940477     -0.865834594    
  -80.5484238      -10.2198944       11.5898266     -0.617906213    
  -77.9430161      -11.9370089       8.81087971      -1.02934849    
  -71.7373199      -13.4395990       9.51174831     -0.391190588    
  -71.2518005      -14.0509214       9.43270111     -0.731014252    
  -77.8227844      -15.0707932       9.08160973      0.616696775    
  -82.2237549      -13.1417208       7.30972528     -0.272317827    
  -83.4540482      -10.9608145       6.79564571     -0.358801693    
  -82.6222839      -10.2153482       7.51279163     -0.627687335    
  -89.7191391      -7.81110382       6.29444027     -0.208084717    
  -84.8267899      -1.29862499       5.10464954       1.24071217    
  -81.3406906      -2.78789663       4.48581028       3.03575492    
  -81.0214539     -0.122872174       3.36173105       5.05832911    
  -78.5182800       1.37357247       5.20876408       3.18899083    
  -78.2256165      -1.67317057       4.66016388       2.04583621    
  -71.1409760     -0.729954243       4.50304270       2.73556972    
  -77.2776184     -0.629997492       4.87607479      0.990972996    
  -75.0764236      0.138584554       4.68137598      0.662458420    
  -80.3670273      -1.31831551       3.15134001       1.82702672    
  -77.4669113       2.31466913       2.62484670       2.25204086    
  -85.2437820       4.02403641       2.51230574       2.78765035    
  -82.6194229       7.55935478       2.73800921       2.74813843    
  -85.7719345       7.06758404       1.36152375       3.18321085    
  -83.5245667       6.55376768       1.05331504       2.16314101    
  -88.2357559       5.87989426       1.66147351       2.18029952    
  -88.8041229       6.60747957       1.00675726       1.77525401    
  -77.6522751       4.49423265      0.904155374       1.87312579    
  -73.9461365       5.90514326       1.36004078      0.599072576    
  -76.2395859       5.07376480       2.03067231       1.69511938    
  -77.7525787       8.43418980       1.40294278      0.355218381    
  -69.4216690       10.3559856      0.292327464     -0.109333158    
  -69.9965744       8.07843304      0.183981955     -0.759157240    
  -71.1276627       4.97241211      -2.77213383      -1.19335926    
  -66.2625427       5.14493179     -0.250312120      -1.76150990    
  -65.9336853       2.88009548      0.710475922     -0.350042850    
  -68.5666885       2.15586877      0.296336263      0.479435682    
  -78.1103516       3.95173073      0.328356564     -0.211916059    
  -89.3699036       2.58615184       2.06008434     -0.121862292    
  -100.615395       3.59836292       1.81005228      -2.29642844    
  -90.0060043       5.14692402       1.01360190      -2.14734268    
  -88.0203857       4.36026001       1.64191246      -1.40722120    
  -91.8189850       4.83402443       2.36380005      -2.05935884    
  -94.1292496       4.43302393       2.41898680      -1.56872249    
  -97.1468811       2.76986170       2.21191096     -0.411854446    
  -81.5135803       1.95503640       4.27619648      -9.78299081E-02
  -71.8420792       3.53010845       1.84367764     -0.464810252    
  -62.9505310       7.97885847       1.75510108      -5.57869375E-02
  -52.7351952       8.43859959      0.313784301      -1.01412082    
  -53.5651321       7.44117737       1.75656474     -0.494646400    
  -49.2908974       11.6260624       3.19285107      -1.37425661    
  -52.4888382       11.3827066       3.30332494      -2.30025005    
  -55.5574608       7.44602966       2.54095101      -1.61748767    
  -59.9139404       7.41370296       1.47771096      -1.08728111    
  -60.7302132       7.22138882       4.12994337      0.736666203    
  -59.7554855       8.31598282       2.00047874      0.268158257    
  -58.3837013       10.4008818       2.45222139       2.10954356    
  -59.0781479       5.60416508      0.855970800      0.600921214    
  -43.7390633       1.39975452      0.603457212       4.15439606E-02
  -40.7893753     -0.276016295       1.85572946       1.01881492    
  -36.6172371       2.23581195       1.33013463       3.46546102    
  -38.2222214       4.14680576      0.881268799       2.12944555    
  -40.5472908      -5.06026745E-02   1.28536558      0.682541609    
  -42.8066940      -2.42975235       2.29260063       1.96132374    
  -44.1057281      -3.05642271       2.50699592      0.664114714    
  -46.3613930     -0.905603707      0.527954161      0.168585688    
  -38.6814651       1.85891628       2.37868547       1.26970077    
  -25.6888046       2.42990208       4.17955399       1.07552028    
  -26.5268021       2.40079570       3.03925991       2.78550315    
  -27.6908875      0.679481506       3.98656797       1.95624089    
  -29.1457977     -0.874999225       2.26957011      0.396350116    
  -38.3879089      -2.96655226       2.48946309      0.230704635    
  -40.2767982      -6.59759617       3.77820992      0.226789534    
  -45.3654175      -8.68578243       4.01488400       2.15726280    
  -40.9002228      -9.01840878       2.83376694      0.723695278    
  -41.9670792      -10.4897728       2.66540956      0.564495325    
  -45.2237816      -7.80456638       2.10436130       1.04667640    
  -51.1056900      -8.08769989       1.74275863       1.75456369    
  -44.3276253      -12.1184530       1.59964371       3.88220525    
  -31.7129040      -8.89222336      -2.80569792E-02   2.53584957    
  -32.2338982      -5.16540623     -0.341229975       4.18825722    
  -28.4686413      -3.55425310       1.97292566E-02   3.66918182    
  -27.2118530      -4.08897305       1.01134801       3.38574862    
  -23.3726177      -2.68676853      0.595688581       2.20478034    
  -36.0886955      -4.28456163       1.86443663       2.13776302    
  -37.6465416      -10.0221424       2.99479866       2.39644718    
  -38.6421509      -9.17986965       2.25275087       1.86931062    
  -36.7752953      -7.27412891       2.33382082       1.50082147    
  -29.0078697     -0.781038642       1.51047587       3.28856707    
  -24.4939632      -1.74962497       1.32504094       3.13797855    
  -24.7521667      -2.53161240      0.219181836       4.12945175    
  -24.1054058      -8.35659504      0.941492319       3.38945222    
  -21.9948120      -6.28685427      0.543623209       3.32897854    
  -36.2889442      -3.66093016     -0.363275558       2.96724796    
  -30.8269653      -4.38891077      0.707308412       3.44407368    
  -23.5206547      -4.18240738      0.798654914       2.85427213    
  -29.4943695      -4.86810112     -0.590784609       2.73268127    
  -35.0714302      -2.05052853       1.81874633E-03   2.63693857    
  -51.6587677      -5.14161301       1.27564216      0.983971179    
  -47.8119698      -9.55139542       1.56313300       3.21119428E-02
  -55.5726471      -5.90228081       3.75495243      -5.16614318E-03
  -60.2119370      -1.58046651       3.86776495      -1.30462039    
  -55.7098770       1.95491958       3.32442212     -0.880156279    
  -62.7371292       1.27375507       2.88044453     -0.502744198    
  -74.4451523       4.11226702       3.54486966     -0.955890417    
  -67.6767044       2.93544650       5.95170641      0.937381625    
  -79.0858383       4.10060978       3.86837530       2.04777622    
  -81.1311188       1.54786515       5.20639420       1.63464761    
  -84.9848480       4.98846436       5.52619171       1.85054660    
  -93.4566956       7.48559952       4.33608437       2.14466763    
  -72.2332764       4.29582787       4.04120493       3.10232544    
  -68.5195084       2.09097791       4.34221935       2.36331654    
  -67.9557419       3.42644644       5.51821852       1.58462179    
  -61.9228745       1.80851197       5.11530209       1.49604201    
  -66.0013123      0.205703020       5.98950481       1.80394626    
  -65.0584412       1.92368579       6.80078554       1.01715100    
  -64.2981873      0.923895895       4.83998346     -0.649334848    
  -62.8148346       3.68301964       2.68712211     -0.122474879    
  -76.5672073       4.11632013       4.75289917      0.396997333    
  -69.6225510       1.57683611       3.10686636      -3.01535577E-02
  -67.1062622       1.64715588     -0.206070125      0.424304605    
  -70.8455200     -0.111887157       1.73120737       1.69397473    
  -61.4541054      -3.98918438       3.79510117     -0.662755847    
  -66.0450058      -5.31902170       3.15557241      -1.30708814    
  -69.8739395      0.442210078       2.35192204      -1.92716563    
  -84.1092072      0.158219874       4.23395920      -2.35986137    
  -83.5507431     -0.785634398       4.22581768     -0.783369124    
  -91.6249466      -4.14374161       3.00848150      -1.14891636    
  -96.8105698      0.439578354       5.81402540      -3.01024938    
  -96.0974121      -1.74884319       5.24338770      -2.75800204    
  -91.4004288      -2.39333010       6.18547583      -2.37072253    
  -100.716591      -2.44527483       3.51148462     -0.716854215    
  -116.650665     -0.249658108       3.27547693      -2.80959821    
  -113.501816      -3.28537560       1.71369028      -1.69096327    
  -112.948555       1.92522407      0.235644311      -3.29286528    
  -108.863976      0.657859564       3.08390594      -3.79076529    
  -108.462105      -3.87056065       1.89666474      -2.87353683    
  -111.212479      -5.37547302       2.47061491      -2.78381515    
  -100.615097     -0.255111098       3.91848135      -4.06620455    
  -90.5110245       2.72670507      0.804362297      -4.58608437    
  -83.6104507       2.71081400       2.06700277      -2.96168566    
  -80.7241821       2.72044802       3.17258906      -1.83143342    
  -80.5138016       8.50796413       5.09248400     -0.320652306    
  -77.1886520       7.35203934       5.54431772      -1.90214264    
  -80.2697906       7.25214386       6.20705318     -0.118452907    
  -79.9549179       5.87602472       4.17235470      0.170081645    
  -66.4464874     -0.182835579       5.86643696      -8.43622237E-02
  -64.1231766      0.852494597       7.55432463      -1.25493777    
  -65.4725189     -0.374865055       9.01588249     -0.268719971    
  -65.4071808      0.537944674       11.5017605      -1.04600251    
  -71.2766724       3.55629325       8.17056656      0.326170146    
  -60.4221573     -0.710069656       8.32127380      0.261506647    
  -58.8760910      -3.23375463E-02   6.23614788     -0.499543101    
  -71.4812164      -2.27083492       7.30788040     -0.143378347    
  -60.1654663       1.62639165       8.51744366      0.314994484    
  -51.8665543      -3.64347124       8.63969421       2.52056837    
  -54.6311188      -7.27924538       4.21548462       1.53365517    
  -50.8159714      -4.87714911       3.27011657       1.96592772    
  -43.2589035      -8.61286259       5.37500477       2.93157816    
  -45.1946716      -5.34293222       4.86865187       4.40516567    
  -28.9571705      -10.3711176       5.16039658       3.04884386    
  -31.9902687      -7.00936699       2.12944627       1.83828950    
  -26.1840000      -13.1778479       2.05799079       1.74017859    
  -30.4332657      -12.9113693     -0.225237727       3.07728338    
  -32.2997513      -14.3123302       3.16951966       2.36847186    
  -39.8402252      -13.8488874       3.90831494       6.07838333E-02
  -32.6884384      -18.3471012       1.85088623      -1.76755619    
  -44.6426697      -20.2361908       1.47683764       9.74474549E-02
  -45.3614883      -25.3869305       4.47489214       1.23474932    
  -39.1815720      -28.6558533      -5.35986423E-02   2.33521414    
  -36.0378036      -27.0574093      0.757501602       2.60667491    
  -42.5106659      -29.5733948       3.29700446       1.01240659    
  -43.5222626      -26.5788231       3.55540514       2.43260908    
  -51.0909424      -27.7984009       4.74306583       1.14714384    
  -40.0009918      -26.0731659       2.24188709       1.51739228    
  -37.2990036      -21.0688076       2.67968965       1.42911637    
  -40.2269897      -21.4804478       3.85057449       4.19113064    
  -38.7060928      -19.4549179       1.84393978       5.74451685    
  -41.3457260      -17.1588764       1.80154324       3.73589993    
  -51.5413742      -15.3018007       2.49995351       3.79979563    
  -50.0604553      -12.6572742       4.01692867       3.06483364    
  -55.5959015      -11.3460579       1.05166006       3.53636503    
  -57.6811676      -12.4963427      0.341005206       3.28858662    
  -58.5870056      -13.8673601       1.87198639       2.36286473    
  -59.0947418      -9.46036530      0.416495889       1.95729971    
  -66.6889038      -7.64231300      -1.13106585      0.300538003    
  -63.1658020      -5.39906025     -0.332649887       1.20522547    
  -55.9080162      -3.51449585       2.01675749      0.769297600    
  -46.4741478      -5.63576794     -0.130773842      0.130814970    
  -50.3594513      -3.78578186      0.489408821     -0.713643432    
  -53.1229744      -2.13498354       1.10887039     -0.434242874    
  -43.2229004       3.97237110       3.01712060       1.15743387    
  -34.3779526       7.68164587      0.620442510       1.23923481    
  -43.1833878       8.04875851     -0.973852754       1.12114561    
  -53.7918243       8.90284252     -0.449311584      0.312744439    
  -59.7474785       11.1961088     -0.963907838      -1.32838404    
  -71.6683807       8.13292599     -0.292691171      -1.57177067    
  -88.5328217       10.7934494       2.41642594E-02  -2.32915735    
  -103.540161       11.3730183     -0.508157670      -1.24287295    
  -97.0197525       11.0509377     -0.112807512      -1.43941355    
  -97.4152832       14.9496555       1.01484966      -1.31276333    
  -98.4564514       11.9438572       4.03783321      -1.84642029    
  -97.6094818       8.34244251       6.00976324     -0.920719504    
  -99.3747711       7.91035414       7.12655783      -2.35693240    
  -105.368820       4.30334759       6.84982109      -2.89820337    
  -115.795868       1.52412283       5.07535505      -3.13578129    
  -127.511032       2.83578038       4.99472189      -3.92070413    
  -131.121628       5.94680071       7.47475481     -0.514265060    
  -129.032471       12.3371859       3.99811578      0.583929420    
  -129.953827       6.44576454       4.66256714       1.29008031    
  -129.598801       7.21958637       4.13882446       1.83816266    
  -119.567535       4.84386444       5.17702675      0.864608407    
  -106.323578       3.44394398       2.92205977      0.368806779    
  -100.170685       6.93880415       1.06308401      0.311372876    
  -107.360374       6.82248878       2.46136165       1.02946055    
  -119.182358       1.21772110      0.832640946       1.66936040    
  -108.762451     -0.738726616       1.90389872       2.14044499    
  -86.4884338     -0.641533732       2.77404499       1.11642563    
  -88.4857483      -7.85467148       2.21707559       8.54323506E-02
  -89.6785126      -9.87415695       3.75818539      0.821399570    
  -93.6857452      -14.1895447       3.59932947     -0.966003239    
  -91.9839783      -12.2804766      0.128089994      -1.58805907    
  -98.5350952      -14.1856966      -1.15524328     -0.433249086    
  -94.9849091      -14.0928297     -0.654422522      -1.42384696    
  -99.5201187      -12.1201448      -1.67040873     -0.356136769    
  -82.2238007      -6.38900852      -4.21888733      0.624314070    
  -91.0022278      -3.06993198      -2.68010211       5.69415689E-02
  -103.013901      0.955705345      -4.37187195      0.727560341    
  -106.139122       1.86763942      -4.29684305     -0.270662427    
  -108.769730      -1.34888113      -7.38561344      -2.11516690    
  -121.095001      -1.33296132      -8.12945843      -3.20958090    
  -133.493622      -3.53902340      -6.64186573      -1.55491877    
  -146.727737      -4.77505875      -5.19825745       1.85110867E-02
  -142.135696      -7.80515957      -4.70753193       1.38748813    
  -156.601624      -10.2034893      -4.17403078       2.12074757    
  -149.473495      -13.5218430      -3.03208303       3.87260866    
  -155.361526      -13.1580334      -4.20535898       2.46041441    
  -161.093140      -11.4629307      -3.69099045       2.07874036    
  -152.267166      -12.5353117      -5.39135695       1.12704229    
  -158.783035      -9.03214073      -5.37930250      0.473475337    
  -154.193832      -10.6003103      -3.34129119      -1.24638665    
  -158.202576      -13.9667568       5.97723722E-02  -4.31404781    
  -150.979446      -11.8523712       2.70749855      -2.34808350    
  -152.651886      -11.2063332       3.03245211      -3.04060125    
  -164.299225      -8.52770233       3.65427613      -2.76302981    
  -162.008331      -7.61017561       4.12022781      -1.57728398    
  -145.700485      -10.8725605       2.27057457      0.205236882    
  -160.078247      -12.8506546       3.41269636       1.00945568    
  -167.118546      -12.6326485       2.59964514       1.24303412    
  -158.970108      -12.2403526       1.72075331E-02  0.485171586    
  -162.629211      -11.8086910      -1.81911707       8.34320635E-02
  -148.856308      -10.6550159      -1.44789064      0.477149814    
  -135.473434      -12.0876703       1.18923688      0.414874256    
  -135.245712      -8.98572350       3.11113071     -0.537770867    
  -139.704132      -8.15944004       1.95540619      -1.04453754    
  -138.159515      -12.2814617       3.28946209      -2.56946349    
  -138.366226      -12.4829664       7.13427782      -2.61937404    
  -133.871994      -10.5762148       6.84905148      -5.83057737    
  -132.305740      -12.9975615       4.14804029      -4.69055557    
  -147.136429      -8.47751045       1.66626298      -4.44718742    
  -148.060562      -10.6376200       2.50394130      -3.64231086    
  -148.325806      -7.79907799      0.525614619      -4.74915409    
  -152.021469      -5.88647556     -0.625338376      -7.07306910    
  -166.870499      -5.10021305     -0.353849411      -4.60303974    
  -169.272797      -12.0427876     -0.750109732      -4.42369747    
  -160.488663      -11.3247538      -1.92544138      -5.21542406    
  -170.529480      -10.7570992      -2.63240933      -3.68978024    
  -186.184570      -12.0954866      -1.34427226      -2.42887402    
  -172.616150      -11.4287186      -2.33220840      -3.24404955    
  -182.851776      -8.90537071      -2.02218485      -2.29527235    
  -188.314255      -11.1463232      -1.85677505      -2.26445413    
  -184.537598      -8.64497280      -4.07500648      -1.10594273    
  -195.101074      -12.7543125      -3.48340797      -1.59067905    
  -209.426193      -10.3633699      -3.24787164      -1.66471171    
  -205.595963      -10.6552925      -3.56356454      -2.36535382    
  -204.195511      -4.95495415      -1.07725835      -1.12137938    
  -202.829254      -3.77293062       1.77479303      -1.90061545    
  -199.752777      -3.35851979       1.42526317      -2.01293898    
  -194.176971      -3.30279922       4.04961586      -1.41739154    
  -184.206223      -5.88949203       4.45296478      0.291168988    
  -188.526764      -13.2090836       3.38177395       1.48435736    
  -189.916916      -17.2746925      0.549971223       2.87350655    
  -196.219467      -18.8487072      0.749676764       4.03623199    
  -191.890366      -23.1183681     -0.801703691       3.84948635    
  -178.673523      -18.3959484      -2.14696741       5.26189184    
  -180.807724      -16.4311600      -2.52752662       4.17996264    
  -172.381104      -16.0433941      -5.83329248       5.71750355    
  -177.164597      -19.6987572      -4.48691750       5.77496767    
  -177.151993      -18.4795685      -5.85672235       6.74475813    
  -182.975922      -24.2943382      -6.39067984       4.61718559    
  -192.596252      -23.8100567      -5.14894915       3.51782370    
  -203.351074      -24.8617935      -6.94497013       1.24820876    
  -210.947189      -21.1931057      -4.71074963      0.766526103    
  -223.825745      -22.4064350      -3.12623787       2.64013648    
  -222.595169      -25.5502148      -1.40905607       2.68941736    
  -220.101746      -23.7273216     -0.669190168     -0.313257992    
  -206.423416      -22.4662704     -0.653152883     -0.760362089    
  -213.762802      -26.8372345       1.60641098      -1.30459452    
  -193.351959      -29.9278851       4.22401237      -2.08108163    
  -190.746918      -28.2775383       1.78721368      -2.24549413    
  -183.274231      -31.5039711       2.89903593      -2.61625671    
  -185.807465      -32.8610306       2.54339886      -3.30359221    
  -170.434448      -33.6242104       1.78411257      -5.09994268    
  -167.637756      -33.6959953      0.617295444      -2.62735176    
  -170.159485      -32.1206436      -3.21820974E-02  -4.19153500    
  -182.307770      -24.6665535       2.74786448      -4.03781652    
  -172.494171      -22.4321709     -0.649773121      -2.23706841    
  -153.941711      -22.3227329      0.587362707      -4.19094467    
  -152.120361      -24.0272636      0.938602626      -2.25559711    
  -169.878540      -24.0493793       1.15540552      -3.07640076    
  -179.121201      -24.4606686     -0.752113938      -4.05949163    
  -179.441528      -20.7015724      -2.81789780      -4.60923243    
  -180.679245      -18.2693882      -2.43937016      -2.94914603    
  -181.824799      -11.7757549      -3.07891607      -2.14674592    
  -195.360306      -10.5275612      -3.99416900     -0.670024872    
  -194.911331      -12.9298840      -1.92774320      -1.45821059    
  -200.288498      -10.5446682     -0.455007106      -1.68344998    
  -213.749786      -8.43559456       1.41107297      -4.23970842    
  -205.107437      -5.26906157     -0.948363364      -2.91165209    
  -192.689240      -5.78830528      0.536105871      -1.62337589    
  -184.368469      -7.42560339       1.48876095      -9.90502238E-02
  -180.650574      -6.60123825     -0.632789254     -0.860666633    
  -187.028900      -13.0347481      -1.51035047     -0.543211520    
  -175.348495      -15.9528522      -1.28262985      0.231169045    
  -177.589172      -11.9163866      -1.93214357      0.103816912    
  -188.677231      -14.3979959       1.39211011      -1.07108104    
  -179.131989      -13.0166416       2.74271202      -1.36027503    
  -183.304337      -11.3531437       3.52450657      -1.43841398    
  -191.268600      -9.62019539       5.33022976     -0.298184216    
  -189.925995      -5.00241661       7.46986723      0.921758056    
  -184.533859      -9.03977394       6.42055035       2.05293894    
  -190.172134      -8.68713951       7.97375441       3.32799554    
  -211.071899      -11.7508965       4.26448059       5.48496389    
  -217.432083      -8.19372845       3.73161483       4.73610592    
  -205.996628      -5.10187626       4.45489979       3.91620207    
  -217.203323      -4.20695400       3.40060401       1.95957720    
  -221.623062      -8.08373260       4.42831898       1.80285227    
  -198.364075      -11.8936129       2.94322395       2.71874332    
  -186.867447      -10.7768126       3.92607594       1.79844594    
  -184.357758      -6.90700340       3.22257042       2.09947300    
  -183.681885      -3.61998653       4.12143517       2.92713881    
  -185.365112       1.57866037       4.90662766      -1.08862329    
  -188.233231      -5.32546806       1.31594348      -1.11022925    
  -172.383896      -3.12868977       1.44778347      -4.43382859E-02
  -167.801422      -7.74028206       2.16139412      0.292645872    
  -184.793732      -6.82540941       3.50290012      0.409388572    
  -187.046524      -6.07460785       5.57363892      -1.75562394    
  -189.942017      -3.94122887       2.50500011      -1.55992401    
  -192.984848      -2.62113094     -0.694247961     -0.995768368    
  -197.183594      -2.70753574      -3.22960091      -1.02443480    
  -192.332764      -13.7713633      -1.55711091     -0.431896776    
  -206.867950      -15.5972652     -0.529940665      -4.31689620E-02
  -215.223724      -14.0881805      -2.76037121      -1.48328865    
  -221.447174      -18.1566544      -4.04785275E-02  -1.95511246    
  -238.359192      -19.5328579      -2.89001274      -1.58729732    
  -223.300659      -20.7431469      -2.19211197      -2.06508112    
  -237.153351      -15.3912201       2.04074883     -0.462078869    
  -239.679749      -16.3993969     -0.916548431       2.08161640    
  -251.130096      -17.8639812       2.24421430       2.17318678    
  -247.425446      -20.8259258       1.13858378       1.19918275    
  -239.465851      -13.6222811       2.19008923       2.48988318    
  -252.947052      -10.7809696       1.93783104       1.73788691    
  -239.613434      -12.7434149      0.489254892      0.795961738    
  -226.566711      -11.9817009       2.40795398      0.687891722    
  -240.962296      -11.0080624       3.53369117     -0.347722173    
  -234.966690      -9.99519157       4.37914324      -9.19323564E-02
  -234.407654      -8.28557205       4.10139513       1.00948834    
  -256.908508      -11.9634628       4.17452049       1.99060750    
  -269.945679      -5.52630520       5.21926260      0.868167758    
  -286.409668      -4.79404163       6.96570301       1.30239773    
  -277.215271      -9.50541878       5.86909199       1.16795957    
  -258.274353      -7.14069843       5.85075140      0.416785926    
  -261.733948      -4.77571678       4.69903946      0.633441687    
  -251.983444      -12.0708275       3.22479153      0.256338596    
  -231.693771      -9.46916294       2.15196872      -1.64496255    
  -228.764038      -6.85425091       4.50752211      -1.55370712    
  -230.743210      -5.30604935       2.45274734     -0.460718840    
  -219.491776      -5.23617125       1.55233979       1.11705780    
  -214.096130      -5.65593147       4.02576876       3.18097067    
  -208.756500      -5.01943731       3.09820199       1.10484505    
  -219.474304      -7.96028805       2.51942229       1.38548064    
  -215.641388      -9.66773701       2.31849957     -0.384233147    
  -187.483795      -10.4539270       6.04935789     -0.395995229    
  -194.550888      -13.3369427       5.42339468      0.291994631    
  -211.348495      -10.2914219       4.06990147       1.98473144    
  -209.995895      -9.14364147       5.00377083     -0.398715168    
  -229.566559      -3.90581226       6.18264771       1.99973583E-02
  -210.680405      -8.55416107       2.25126576     -0.847040951    
  -172.860001      -6.01434088       5.74862194     -0.833650947    
  -166.625748      -5.94301128       1.44289315     -0.493214101    
  -170.798325      -5.83575010     -0.398809254       1.57124090    
  -182.978897      -3.32144094      -1.15572715     -0.465943307    
  -160.951050      -8.77502155      -1.58426070     -0.170994297    
  -162.935211      -5.79969311      -2.55383110     -0.525869966    
  -168.787231      -2.67802286      -1.21832430      -1.84722018    
  -166.108276      -1.92521715      -3.50268817      -1.10107517    
  -171.197510      0.344632983      -3.70328832     -0.547392726    
  -165.184464      -5.71446657     -0.959721923      0.845679998    
  -165.546402      -9.18159008       1.12342477      0.117929935    
  -166.524551      -11.6898603       2.38836551       5.29220700E-03
  -169.543732      -16.5008507       1.16443121       9.38293636E-02
  -155.859344      -10.0836449       2.69864154      -1.06614721    
  -151.232758      -11.5137444      0.974216342      -1.01335430    
  -142.581375      -11.9625340       2.53665209      0.407765716    
  -120.566032      -12.5681314       2.00098252      -1.10242510    
  -124.015045      -12.4901676     -0.165577471      -1.56347895    
  -122.695824      -8.08512878       2.54039764      0.623772383    
  -123.455986      -13.0067272       4.61937475      0.836233616    
  -135.855606      -11.8179827       1.12744856      0.951599777    
  -115.077400      -12.1635942       2.29292154       1.60743380    
  -112.564606      -16.5007763       2.68094206       3.12392330    
  -96.7283325      -17.1478882       1.11002004       1.95354950    
  -102.728394      -19.8089142       1.94290698       1.36608219    
  -84.3437119      -15.8804083      0.236512303       3.99825382    
  -101.146469      -12.7758141     -0.847610116       6.09637833    
  -89.8025513      -12.5437298       1.43789506       6.04723072    
  -98.4254990      -11.5954933      -1.80671787       4.69652367    
  -92.1997681      -12.6645641      -1.44455707       6.19998789    
  -99.5183716      -16.2472706      -2.70943332       5.33815336    
  -77.1327515      -14.5730543      -4.41962957       2.05969810    
  -85.9029694      -17.3180351      -3.48764563       3.36138320    
  -85.1677094      -14.8210440      -1.77014923       2.79692912    
  -76.1886673      -18.5028152      -2.71406174E-02   4.32725286    
  -77.5200043      -17.4666138      0.339349151       5.02506590    
  -76.1365433      -18.8349152      0.689859033       2.51336408    
  -80.3573227      -16.1589184      0.931269407       1.88885772    
  -71.3866348      -15.2444973      0.626961708       2.57594252    
  -73.0023041      -13.2445259      -2.49364638      0.918697119    
  -76.8432693      -10.9882584      -1.69107544       1.81001186    
  -70.2849808      -8.26794815       8.56884122E-02   1.72200847    
  -83.0308456      -9.36881638       2.19711065       1.23673987    
  -85.0222931      -11.3773069       2.59449911     -0.323908359    
  -75.4682083      -10.3590851       1.95355558       1.09428930    
  -65.9485931      -9.33008289       6.79269433E-03  0.175075650    
  -47.5632095      -9.84868717       2.82383013      0.722867727    
  -43.3496208      -13.7253704       3.04071450      0.441732317    
  -58.6357956      -11.6954212       2.15423417       2.04998040    
  -73.2785187      -8.98753166       4.35583735       3.38106298    
  -50.8624725      -1.14233577       4.74077940       5.50247240    
  -47.9743614      -1.07554567       2.32297397       4.36042976    
  -25.6585941      -3.20610523       3.18370390       2.85469103    
  -26.0931664      -4.17284870       2.01625204       3.99059367    
  -19.7860718       4.66646957       4.45391846       2.63686228    
  -31.9647675       2.75458550       4.88883686       2.07124519    
  -29.6884804       2.76454163       7.59798956      -4.92939353E-02
  -41.7370567       1.48651469       7.65817595       1.58925080    
  -47.1987686       5.12242985       2.45075345      -1.06953907    
  -51.6614952      -3.74088883      0.527195096      -1.57277048    
  -67.7050018      -6.18284893       1.82991767      -2.18231153    
  -67.1773224      -7.34883785     -0.947981358      0.658770978    
  -64.4204407      -7.71835613      -3.34540772      -2.40051150E-02
  -62.6854401      -9.55846882      -2.55834961       2.36936784    
  -74.4752045      -18.1132412      -1.07116616       3.57369924    
  -49.8366547      -19.3019409       2.26705480       3.61195326    
  -56.6738129      -15.5763731       4.09142303       3.21866226    
  -54.0984421      -16.3964539       2.44865561       3.38446045    
  -50.8664665      -5.30833483       2.00463510       1.54183149    
  -49.8673477      -9.15161037       2.87467170      -1.48436201    
  -42.1275406      -14.7644749      0.600627244      -3.51546669    
  -57.5376511      -7.18619728      -2.13770604      -5.19457102    
  -56.9554596      -6.09243584      -2.63412285      -4.22768641    
  -28.5282097      -7.44459534       1.12562656      -3.25081205    
  -29.7763481      -6.29009533       3.39099526      -2.44484878    
  -29.3298225      -7.78117466      0.188915700      -2.68478012    
  -24.7537422      -7.67381763       3.02323723      -4.82342482    
  -6.13615417      -8.86266232       3.65576124      -3.58446240    
   22.5926762      -6.42825937       3.76724887      -1.78919339    
   12.2108116      -7.46680737       6.98099327      -2.10727143    
   27.5819874      -10.9724903       6.18067741      -1.99495077    
   14.9993896      -9.84038067       7.13213634      -1.60375535    
   25.4029102      -10.0804930       5.87271976      -3.28581643    
   37.0296822      -10.8490868       7.25448942      -2.61767197    
   35.4088287      -7.00065994       4.46701717      -1.76801717    
   33.9392929      -5.50141144       4.21917009     -0.183906019    
   39.9791031      -5.31601715       1.81199455      0.313267410    
   28.3110065      -3.72703743       2.08132935      0.527157903    
   36.7826004      0.963345408     -0.215854526       2.75615406    
   30.7648106       1.56744909     -0.768573165       2.68462539    
   24.6590405     -0.841176271       2.27036476       3.02957964    
   25.3858585      0.555018902       3.57214975       4.04508924    
   7.12357712     -0.381597638       3.65250421       2.55831909    
   13.4874363       1.22386658       4.13614559       1.47801030    
   37.1062164      -1.53846657       5.38498831      0.901488900    
   21.5039825       1.69843304       6.55568600       3.44343138    
   21.2114182     -0.375928164       9.30133820       2.83823252    
   12.0292110      0.759493649       9.03846455       3.90924788    
   23.0350113     -0.686591387       7.85683966       5.13207102    
   39.5013733      -2.57471228       9.30410576       6.75645494    
   71.0645981      -3.28319001       8.71226597       5.94554043    
   81.5915375      -2.46541119       5.28316450       5.21841431    
   67.0280685      0.147201300       4.78433561       3.78606677    
   53.2660561       6.37084246E-02   5.99000025       2.29085732    
   67.9774323       3.00315475       5.44278765       4.52419472    
   71.4493103       4.96436167       2.30502892       4.18940735    
   77.5200119       1.63223636     -0.752632558       3.44205856    
   52.6307831      -1.11174726      -1.61579883       2.74701619    
   69.5550842      -1.53091955      -1.93724608       2.93321419    
   72.3466568      -10.6959763      -2.79933548       1.56477070    
   66.2577667      -14.5405979      -1.95265841      0.772590876    
   47.7525101      -12.7524719      0.108739763     -0.329206944    
   57.2836761      -19.0103512      -1.92150152     -0.764228225    
   54.4735985      -18.0552902      -2.58011007     -0.798195720    
   47.5866776      -13.9704313      -2.95045853      -1.37507343    
   47.5305176      -14.9727669     -0.674320579     -0.785925567    
   35.2890472      -12.1210213      -3.88957620      0.954542696    
   45.3013496      -11.8874130      -5.29361773      0.359090656    
   36.3430176      -13.9809990      -4.47311592       1.81037068    
   33.1511230      -13.7119856      -5.38473082       3.52385712    
   15.3930912      -9.83997917      -4.09426355       5.30358505    
  -6.30866241      -1.64219379      -1.88479769       5.32197714    
  -22.4202843       2.28496790      -3.18664050       3.87834597    
  -27.6638050      -3.36101437     -0.331799507       3.89035892    
   10.6936398      -6.62258434      -2.16027045      0.763835073    
   5.26267052      -4.57196140      0.686115444     -0.312388837    
   17.7700977      -5.73268461      -2.04787445       1.89106536    
   21.5861950      -9.38960743      0.508808672       2.43154454    
   48.7726440      -2.85017252     -0.932332456      -1.93170011E-02
   62.1877060      -1.16539931      -1.91658700      0.210858047    
   61.3008881      0.376489878      -4.79154015      -3.10339308    
   49.7410507       1.67642295      -5.44874859      -3.62714386    
   61.3486671      -4.16108513      -5.87602234      -2.38045955    
   58.6169434      -1.85647345      -5.63549423      -2.18300033    
   42.3704224       1.48077428      -6.76165438      -2.37624526    
   29.5488510      -1.28598738      -5.60620785      -1.59495497    
   19.3401642      -3.78154492      -4.93023777      -2.96770740    
   33.3637695     -0.957987070      -4.09351730      -3.93343782    
   20.1566906      -4.25817966      -2.99284458      -5.03317547    
   19.5340023      -3.76316214      -2.59526968      -4.94526339    
   4.52506828      0.117642403     -0.981434882      -5.26822186    
  -5.84556198       8.18468380     -0.610931635      -5.47739506    
  -2.07779121       3.10495234       1.96697116      -6.02258778    
   16.7642021       2.04959011       3.34134912      -4.83113813    
   7.65671349       2.17908955       1.74326825      -5.13274097    
   12.1861286     -0.632155895      0.802206337      -4.85523844    
   10.8176346       4.21522999      0.281420588      -4.18252087    
   11.4001255       3.31617641       1.56930161      -4.75531292    
   9.38711166       1.84188533      0.487413406      -5.30566502    
   5.74401855       5.72971964       2.69863033      -6.51320505    
  -19.8915749      0.761512518       7.64985800      -4.34618855    
  -40.9411240      -4.00308371E-02   7.56979275      -3.21388888    
  -54.2706985       1.57728004       5.90176868      -2.51672888    
  -42.3425293      -4.70146370       2.64392924      -3.95819926    
  -30.5238628      -8.66343594       1.55840063      -4.38867378    
  -35.3863106      -10.5624504      -2.24100304      -3.27830410    
  -43.9935303      -6.46238327      -2.65949440      -3.27466178    
  -38.6112213      -8.45984459       2.15821385      -3.13654423    
  -29.3197994      -7.24277830       3.73237610      -3.25986910    
  -24.9029942      -6.01570892       1.15652752      -2.43395734    
  -36.7295952      -8.67075539      0.163767338      -1.01611829    
  -46.7533798      -9.85615635      -1.10167611      -1.29058671    
  -28.0026512      -10.9006338       2.15587544      -1.08925366    
  -48.9491806      -17.6292305       5.60284662      0.194525689    
  -62.2765312      -12.6617441       5.89939308       1.13751066    
  -59.5801010      -12.9939985       6.69409657      0.552210152    
  -47.0273857      -13.1737957       7.47391605     -0.896462798    
  -28.7235374      -15.0347719       9.66016293      -1.31341207    
  -33.5274849      -22.1612854       8.43598366     -0.964048088    
  -23.0052147      -19.7558270       5.48578835       5.78062236E-02
  -5.10283089      -19.5913506       4.62242603     -0.716813445    
   8.32602310      -18.5895214       5.86968899      -1.41646075    
   30.2377357      -19.2667847       6.80517817      -1.69316041    
   19.2261009      -18.1657295       7.37593365      -2.26657677    
   11.2845173      -14.5215397       6.04410410      0.309964865    
   34.5788155      -11.9832420       4.38022757     -0.707190752    
   29.3556118      -17.4300480       5.38408184      0.703027129    
  -6.14352989      -13.6893692       3.66671252       1.52854288    
   7.14335060      -14.0929518       3.25198555       1.17080176    
   19.1613865      -10.0920630       2.18329144       1.55414295    
   47.0891571      -8.68225765       2.19955635       1.41826963    
   25.3474579      -6.59215450       1.24020600       2.05506611    
   20.6186295      -9.74265194      0.660926938       5.26440144    
   7.34613800      -14.2963352     -0.290024936       7.02455521    
   22.8691349      -8.55219936       1.44943285       6.25279617    
   33.0797882      -8.53032398       1.50497890       4.34055471    
   32.7115250      -9.16355133      0.471483469       2.85784578    
   39.5265961      -6.38231659       1.80233836      0.743969500    
   39.6791229      -5.86259985      -2.47498751      -1.22884297    
   46.1936569      -9.46390247     -0.656601191      -2.91023111    
   47.3904266      -10.8234854      -2.26383448     -0.855487883    
   19.5680733      -13.9201946      -5.09684134      -1.82508397    
   14.3596840      -14.4429836      -2.26073647     -0.653736234    
   51.3228645      -15.3402739      -4.98137093      0.656873345    
   58.7610703      -12.2201242      -2.05724740       1.78734004    
   61.0889702      -9.44026756      -3.90728164       2.00000143    
   83.3977051      -7.01131439      -4.49079132       1.52814341    
   77.1080399      -6.79261494      -1.63004684       1.36102951    
   65.7515564      -13.3354282      -4.42002964       2.58951020    
   76.6145859      -9.78544235      -6.00542498       3.99787617    
   92.7224350      -4.25582886      -4.61848640       5.08923388    
   111.617798      -3.94907188      -1.83636785       7.31417704    
   117.213593      -4.29137564     -0.491582513       6.65822124    
   92.2852631       1.90575242      -2.26531863       6.42821693    
   94.3394623       1.10792863      0.133968115       8.90191078    
   124.918396      0.530449152     -0.415357649       7.03374004    
   110.835579       1.90510571      0.983424664       4.63810349    
   69.0655823      0.750605106       3.30553675       5.76970863    
   46.4882240       1.59294283       5.28830910       3.11581659    
   58.4712944      0.149821281       2.72738719       2.39194179    
   47.9813614      -4.10207129       2.39078689       3.76434898    
   40.2363434      0.937761068       1.95316911       3.21391511    
   31.5415497       1.52542329      0.691369295       4.42281866    
   31.0379753       3.81329632       1.51974273       2.68873334    
   3.76335716      -1.14272642      0.168758273       1.21011758    
  -4.60512924      0.596032977       4.46185684       1.01420736    
  -2.72451591     -0.834797144       5.59278440      0.557995200    
   12.4023247      -8.48189926       4.69183731      0.560850263    
  -16.2139416      -2.46645856       1.04841554      -1.19616199    
  -15.1793251      0.401839018       1.92551386      -2.78036809    
  -16.1980305      -4.24368668       1.64495111      -2.87147713    
   8.64889145      -5.51394510      0.917053938     -0.870564461    
   5.40144539      -4.32210922      -2.75604820     -0.614737034    
  -5.51516342      -1.45060623      -2.42963004     -0.254420608    
   3.48127747       1.12369454      -1.92074668     -0.446027130    
  -9.92706299      -1.91400242      -2.49774456      0.397991359    
  -10.3734894       2.35119796      -2.41185427      0.791589975    
  -4.82756805     -0.384225368     -0.719261527       1.40433216    
  -21.9596748       3.64418387      -2.72154212       1.31778491    
  -34.1416168       4.88222933     -0.498596787      -1.07135892    
  -19.3734245       11.1702166     -0.698302925      0.129496709    
  -30.4077492       10.8657570      -2.85839343      -1.59998441    
  -12.1252327       8.62581158       3.87157679     -0.956076741    
   10.9075184       4.84961081      -1.62842274       5.74133247E-02
   6.54791451       4.98807907      -2.30402064       1.24194932    
  -16.8707924       3.70527411      -2.89215565      0.866671681    
  -8.02872086     -0.113471031      -4.27056503     -0.585634351    
   10.0728321      0.880198598      -4.98423624      0.312687218    
   1.70338821       4.08446980      -4.06251049      -3.70144653    
  -14.5330429      -1.10566044      -1.66956615      -3.03301358    
  -20.2258415      0.764524698      -3.15974522      -3.60214543    
  -34.3787804       2.14574671     -0.575795054      -3.63538361    
  -38.3184090     -0.736386061       1.78015637      -2.39557862    
  -48.7047539     -0.720251083       2.58255816      -3.85867071    
  -53.6395760      -3.41285920       2.78574491      -3.73168516    
  -41.6858559      -1.41338968      0.587567866      -2.56523037    
  -56.4848824       2.40839911      -3.39801764      -1.62645030    
  -58.8543739       6.77567863      -3.78972721      -1.87293279    
  -44.4664421       2.35786629     -0.245121777     -0.373885751    
  -67.3526611      -3.21781826      -1.34470963      0.375471085    
  -78.7864075      -1.98515534      -2.25628924     -0.312213004    
  -77.5561905      0.285699487      -4.28974485     -0.991099954    
  -67.7550507       2.85410452      -3.11269069      -1.47200441    
  -82.2756653       10.8648281      -2.90963125      0.751900196    
  -112.379433       9.30020428      -4.33617306       1.09824395    
  -127.912842       9.34177208      -3.83732224      0.194664717    
  -126.447243       10.9026451      -1.82250631      -1.47120881    
  -147.992584       9.96634579      0.680889606       2.64526200    
  -150.865829       5.22714043      -1.04252720       1.55301869    
  -140.458374       4.52348614      0.865300894       2.42212248    
  -150.253983       5.89755535     -0.212332994       1.99899793    
  -118.241882       6.36301899       1.01242077       2.79740572    
  -132.349976       8.58907700       3.02048230       1.17315471    
  -145.005188       10.0162535       2.53266668     -0.292155147    
  -162.144516       6.41094971       4.40993881      -2.45776772    
  -176.634384       5.20797443       3.00643921      -5.14032984    
  -170.381699       3.81214905       2.84475899      -5.06359196    
  -130.680756       6.18414497       2.42858624      -3.38247943    
  -133.760498       8.66975403      0.411201179      -1.68606484    
  -120.993469       9.20897293       2.04494905      -2.12745452    
  -122.973572       6.95378637       1.65902722      -2.53836966    
  -114.666611      0.200146914      -3.18253756      -2.83069587    
  -148.094803       3.87055659       3.04678583      -2.79859853    
  -150.984909       5.51280689       2.88187933     -0.394661456    
  -172.425735       11.6958008     -0.179875195      -1.33138752    
  -181.568710       5.89831829      -3.19766879     -0.697648108    
  -190.923019       8.48972702      -5.78311777      -3.21930742    
  -196.843414       9.94205856      -7.80115795      -3.34981847    
  -198.043320       6.54663897      -7.57639122      -3.51397896    
  -172.139771       6.21563911      -7.89200544      -1.92520046    
  -178.849335       4.01235962      -8.09466553      -3.04994392    
  -159.284760       3.27756405E-02  -6.14923906      -5.15631151    
  -167.919907      -4.36115694      -5.53102827      -4.63053560    
  -153.848450      -4.64256477      -5.42547131      -3.22836494    
  -156.868973       1.01882625      -5.22374105      -3.08665848    
  -125.213936      -7.32919407      -3.36451530      -1.80800104    
  -86.4753876      -5.87656879     -0.546978295      0.176318333    
