   0.00000000       0.00000000       0.00000000       0.00000000    
   1.00000000      0.948959947      0.900510013      0.849600017    
   1.99792004       1.87596989       1.76210999       1.62900996    
   2.99015999       2.78572011       2.57591009       2.36570001    
   3.99231982       3.67194986       3.33605003       3.04866004    
   4.97688007       4.54174995       4.07472992       3.67905998    
   5.97883987       5.36578035       4.78776979       4.26545000    
   6.95431995       6.17247057       5.46285963       4.83816004    
   7.94640017       6.97678041       6.09779072       5.35297966    
   8.94535923       7.75577068       6.71305990       5.84794998    
   9.94452095       8.51799965       7.31671953       6.30882978    
   10.9532804       9.27112007       7.88563061       6.72374010    
   11.9576797       9.99499130       8.36976051       7.14336967    
   12.9700804       10.6955376       8.85785007       7.51672983    
   14.0036402       11.4023705       9.38832951       7.89312983    
   15.0099192       12.0753994       9.86386013       8.21518040    
   15.9724007       12.7399597       10.3171196       8.55066013    
   16.9538403       13.3780212       10.7888308       8.84143829    
   17.9263611       13.9947805       11.2309885       9.12874031    
   18.9238377       14.6524000       11.6473885       9.43774986    
   19.8909588       15.2848387       12.0488100       9.71073055    
   20.9117622       15.8597708       12.4050789       9.99349976    
   21.8984795       16.3868408       12.7500296       10.2279701    
   22.8636017       16.9681606       13.0978003       10.4956303    
   23.8704414       17.5574093       13.4275694       10.7395887    
   24.8483219       18.0795002       13.7164478       10.9887381    
   25.8364010       18.6454983       14.1036205       11.2167883    
   26.8226376       19.1008587       14.4321795       11.3663301    
   27.8212395       19.5933552       14.7152605       11.5876093    
   28.8246422       20.0586891       15.0638094       11.8097506    
   29.8318005       20.6405296       15.3096399       11.9424696    
   30.8547192       21.1562214       15.6043186       12.1106806    
   31.8265972       21.6026497       15.8359299       12.2934179    
   32.8204803       22.1223812       16.1043587       12.4447203    
   33.7963181       22.5483513       16.3603401       12.6350689    
   34.8652000       22.9947395       16.6060810       12.7782679    
   35.8808746       23.3904819       16.9194508       12.9863091    
   36.8354378       23.8366966       17.1398888       13.1512108    
   37.8428841       24.2889957       17.3877106       13.2388191    
   38.8812828       24.7875977       17.6048851       13.3579493    
   39.8629608       25.2168388       17.8147144       13.4644899    
   40.8475914       25.6071129       18.0338173       13.6446381    
   41.8291664       26.0240726       18.2194901       13.7551785    
   42.7422371       26.4697094       18.4644451       13.8894796    
   43.7922783       26.9150124       18.7589397       13.9911690    
   44.7768021       27.3894691       18.9080009       14.1278496    
   45.7225647       27.7404289       19.0480385       14.3199081    
   46.7248001       28.1602287       19.2722111       14.4085598    
   47.7429199       28.4765415       19.4934578       14.5331802    
   48.7301636       28.7096901       19.6468430       14.6764288    
   49.7346764       29.1405544       19.8115921       14.7665596    
   50.8111153       29.4178696       19.9900494       14.8710709    
   51.8033180       29.7295151       20.1975498       14.9343920    
   52.7699242       30.1052399       20.3813477       15.0689716    
   53.7840805       30.4849110       20.5791798       15.1740484    
   54.8612785       30.8316402       20.7993393       15.2838793    
   55.8122826       31.1249771       20.9182186       15.4174604    
   56.8195953       31.3451786       21.0618820       15.4872017    
   57.8065224       31.6353283       21.2605362       15.6476793    
   58.8888054       31.9011497       21.4063625       15.7314787    
   59.8449516       32.1849098       21.6500931       15.7977190    
   60.8778458       32.4732285       21.7573032       15.8431683    
   61.8782425       32.7782021       21.9082184       15.9040184    
   62.8964806       33.0278931       21.9848175       15.9643183    
   63.8803253       33.2840271       22.1060467       16.0349426    
   64.8055954       33.4387054       22.2403431       16.1816597    
   65.8304901       33.7067223       22.3796005       16.2336197    
   66.8154373       33.9305649       22.5880814       16.3502083    
   67.8722076       34.2370377       22.7405396       16.5037022    
   68.8603287       34.5565796       22.8806515       16.5378590    
   69.8635941       34.8198013       22.9935226       16.6259251    
   70.8859863       35.0669594       23.1803780       16.7276306    
   71.9142838       35.2994995       23.2449589       16.8322296    
   72.8510361       35.5632172       23.3269176       16.9104786    
   73.7673950       35.9236450       23.3999863       16.9613571    
   74.8641663       36.1082191       23.5204563       17.1171494    
   75.9175949       36.3608513       23.6639538       17.1925602    
   76.9396744       36.5344315       23.8008327       17.1923485    
   77.9202347       36.8429527       23.9098358       17.2517891    
   78.9629593       37.1297569       23.9692154       17.3925991    
   79.8693924       37.3957977       24.0323772       17.5413151    
   80.7956772       37.7014694       24.1507988       17.5965786    
   81.7650681       37.9050179       24.3260498       17.6011505    
   82.8051147       38.1201019       24.4926872       17.7116165    
   83.7684860       38.3472519       24.6283836       17.7916279    
   84.8051910       38.4645386       24.7568817       17.8823471    
   85.7560577       38.6131096       24.8371620       17.8837414    
   86.7169571       38.7815094       25.0555019       17.9710083    
   87.7519913       39.0254898       25.2067261       17.9941578    
   88.6943970       39.2445755       25.3337154       18.0418091    
   89.6991577       39.4924278       25.2845440       18.1204281    
   90.7708054       39.7136574       25.3579731       18.1475391    
   91.7787476       39.8618164       25.3594093       18.1905193    
   92.7463837       40.0160675       25.4529572       18.2509079    
   93.7229538       40.1379318       25.6210327       18.3221684    
   94.7484894       40.4047127       25.6868076       18.3539257    
   95.6691208       40.6388397       25.7517090       18.3796749    
   96.6743164       40.8454361       25.8222618       18.5138569    
   97.6477127       41.1563873       25.9160957       18.5646687    
   98.6951904       41.4173775       26.0500259       18.6861534    
   99.6954880       41.5868263       26.0794888       18.7531071    
   100.725769       41.8107376       26.3050289       18.8346500    
   101.710289       42.0307732       26.3268452       18.9232903    
   102.731361       42.2813072       26.3857269       18.8879795    
   103.790123       42.3937149       26.4600582       18.8944702    
   104.806259       42.6305084       26.6053772       18.9631119    
   105.905487       42.8010864       26.7366486       18.9593086    
   106.893448       43.0698166       26.8413181       19.0494823    
   107.840111       43.2471275       26.8212471       19.1585960    
   108.962486       43.4358635       26.9419022       19.1015377    
   109.969872       43.5777931       26.9952106       19.1579971    
   111.075996       43.7365227       27.0447712       19.2028980    
   111.977989       43.9266129       27.1095085       19.2251816    
   112.968781       43.9486923       27.1408348       19.2967892    
   114.107231       44.0820045       27.2037849       19.3306313    
   115.163925       44.2009735       27.3035851       19.3699512    
   116.252892       44.5295143       27.3437233       19.3727417    
   117.064468       44.7913094       27.3259506       19.4569569    
   118.025078       44.9145927       27.3538895       19.5134296    
   119.032158       45.0650787       27.2367802       19.5815048    
   120.045677       45.3119736       27.4464493       19.6569977    
   121.007248       45.4723625       27.5295391       19.6560707    
   122.036972       45.7193031       27.6757298       19.6862068    
   123.029747       45.8898888       27.7618198       19.6949539    
   124.095093       46.0568047       27.9168797       19.8614788    
   124.960815       46.1555939       28.0211487       19.8946800    
   125.943321       46.2264137       28.0484715       19.9650593    
   126.859932       46.4461670       28.2434692       20.0014687    
   127.957558       46.5687675       28.3826141       20.0776482    
   128.904266       46.7301559       28.5076923       20.1112766    
   129.872787       46.8383865       28.6285896       20.0769100    
   130.964996       46.9110413       28.6161480       20.1635933    
   131.898758       47.0316811       28.7121906       20.2774620    
   132.864243       47.2490654       28.7526779       20.3385296    
   133.909531       47.3740845       28.8411026       20.4790287    
   135.018539       47.5098152       28.8947010       20.4733124    
   136.018173       47.6632881       28.9232464       20.4845371    
   137.009857       47.8486481       28.9188423       20.5142689    
   138.009598       48.0144653       29.1246643       20.5284004    
   138.917496       48.1560860       29.1052017       20.5362129    
   139.880386       48.1703911       29.1296005       20.5422516    
   141.010712       48.2324829       29.1830578       20.5871010    
   141.925278       48.4188690       29.2037277       20.6738987    
   142.874878       48.5537682       29.3219185       20.7531700    
   143.830261       48.7068787       29.4006844       20.7732639    
   144.706177       48.9321594       29.3392906       20.8218155    
   145.601196       49.0050354       29.4192219       20.7310600    
   146.688736       49.0090752       29.4557705       20.7015305    
   147.853867       49.1038780       29.4761581       20.7609901    
   148.956406       49.3393860       29.5356312       20.7791843    
   149.895386       49.3284988       29.5382481       20.8857288    
   150.907104       49.4840431       29.4649391       20.9618797    
   151.963272       49.6038666       29.5425186       21.0371437    
   152.895126       49.6085968       29.6565075       21.1251278    
   153.876831       49.7918282       29.7121010       21.1552620    
   154.923187       49.9032631       29.7866974       21.1477451    
   155.807053       50.1440849       29.8929691       21.2582512    
   156.810394       50.3086548       30.0007343       21.3862228    
   157.867859       50.4461327       29.9986897       21.3758106    
   158.826706       50.5435562       30.1276684       21.2891979    
   159.766647       50.7005997       30.2366810       21.2420692    
   160.831192       50.7486649       30.3232956       21.2550869    
   161.876617       50.9216537       30.3882103       21.3357677    
   162.887787       50.8942909       30.5220032       21.2776356    
   163.982468       50.9141312       30.6452770       21.3638802    
   164.999619       51.0160675       30.7097683       21.3543224    
   165.951782       51.1377678       30.6176777       21.4659901    
   166.888275       51.3907738       30.5855675       21.4622116    
   167.818436       51.5107155       30.6286964       21.5381260    
   168.770004       51.5192833       30.7016411       21.5296478    
   169.798462       51.6836624       30.7469902       21.6137409    
   170.749023       51.7210045       30.8783607       21.6215706    
   171.644592       51.8680305       31.0757828       21.7117882    
   172.755859       51.7893143       31.1177959       21.6744957    
   173.703506       51.8844719       31.2051697       21.6948109    
   174.703308       52.0358620       31.2876701       21.8366928    
   175.779083       52.1464119       31.3122425       21.8668537    
   176.803696       52.2691994       31.3193264       21.9097595    
   177.764420       52.5515862       31.3902683       21.9421787    
   178.928238       52.7291718       31.3255787       22.0533428    
   179.873840       52.7920113       31.4066467       22.0598850    
   180.902420       52.9350204       31.4689369       22.1730690    
   181.930725       53.0261879       31.4481506       22.1085186    
   183.093704       53.2710533       31.4621468       22.0713654    
   184.053207       53.5402222       31.5068073       22.1029892    
   185.123337       53.6840553       31.6286716       22.1529350    
   186.045914       53.7055969       31.7194347       22.2873802    
   186.972168       53.7587166       31.6701660       22.2996693    
   187.921555       53.7402000       31.7236099       22.3009415    
   188.932419       53.7841339       31.8364239       22.2913780    
   189.846069       53.7117195       31.8572483       22.3595352    
   190.956223       53.8769226       31.9094563       22.4088802    
   192.027542       54.1129379       31.9835300       22.4277744    
   193.075256       54.2436485       31.9472809       22.4394722    
   194.191605       54.4417458       32.0570412       22.3760815    
   195.238281       54.5598297       32.0695953       22.4989681    
   196.112717       54.6302376       32.0587044       22.6011848    
   196.972382       54.6029549       32.1176147       22.6364765    
   198.061172       54.7272911       32.1108971       22.6791000    
   199.089325       54.9246979       32.2174454       22.6290703    
   200.052383       54.9680862       32.2791252       22.6382961    
   201.033646       55.0399895       32.3162918       22.6403694    
   202.023758       55.0722427       32.4981232       22.5447426    
   203.004227       55.2320633       32.5126266       22.6508198    
   204.131027       55.2679672       32.5844231       22.6618042    
   205.041397       55.4042664       32.6955032       22.7006416    
   206.160202       55.3617477       32.6536827       22.7640553    
   207.024963       55.5870171       32.6035461       22.7918091    
   208.115479       55.7023544       32.6439362       22.9180164    
   209.194534       55.7249680       32.7285156       22.9267693    
   210.158142       55.9535942       32.5529671       22.8907528    
   211.289047       55.9425697       32.5674934       22.9130268    
   212.207199       56.1532097       32.6329308       22.8934765    
   213.164627       56.1529427       32.7000961       22.9212570    
   214.201157       56.3631020       32.7921295       22.8778076    
   215.088089       56.4271469       32.8248940       22.9282398    
   216.056076       56.3719597       32.9048729       22.8490715    
   217.175781       56.4344559       32.9020653       22.9222164    
   217.939880       56.4330368       32.9447289       22.9329548    
   218.979630       56.5497589       33.0163994       22.9582481    
   219.903809       56.5059700       32.9798927       22.9318676    
   221.034195       56.6106377       33.0523834       23.0279865    
   221.940842       56.6192131       32.9996796       22.9652576    
   222.900665       56.6931801       32.9390373       22.9507580    
   224.012131       56.7780838       32.9296455       23.1403370    
   225.055069       56.6971626       32.9235764       23.1205959    
   225.937485       56.9244690       33.1173172       23.2034874    
   226.976486       57.0544548       33.3400917       23.2139950    
   228.085129       57.1864624       33.4313698       23.3546963    
   229.099274       57.4284172       33.3907700       23.3398781    
   230.159042       57.5601730       33.4515839       23.3263016    
   231.104950       57.5957184       33.4045868       23.4561100    
   232.127090       57.7091789       33.5219116       23.5013294    
   233.202835       57.7945976       33.5598526       23.5659771    
   234.157639       57.9074974       33.6446495       23.4858952    
   235.095032       57.9818726       33.6944618       23.4998283    
   236.153503       57.9099998       33.6173897       23.5167122    
   237.100113       58.0504646       33.6354790       23.4710579    
   238.246979       58.2905922       33.6079216       23.5198250    
   239.140610       58.3396492       33.6497650       23.4922314    
   240.256653       58.3577728       33.7182732       23.5515022    
   241.198853       58.3967361       33.7090492       23.6266785    
   242.180679       58.3574600       33.6226959       23.7535686    
   243.176437       58.4552689       33.6985283       23.6968708    
   244.098969       58.6498070       33.7794189       23.8149471    
   245.035492       58.6936684       33.8613396       23.9269085    
   245.979630       58.8937721       33.8381271       23.9191895    
   247.059326       58.9580154       33.8937874       23.9846210    
   248.066467       58.9377632       33.9602470       23.9989491    
   249.078110       58.8903160       33.9884834       23.9574718    
   250.158569       59.1416702       33.9789619       23.8643913    
   251.155869       59.2389336       34.0133629       23.9357777    
   252.058731       59.3036842       34.1680984       23.9738293    
   253.068344       59.2754936       34.2509613       23.9610977    
   254.185379       59.3561363       34.3844223       24.0115032    
   255.262711       59.4661827       34.6450157       24.0443420    
   256.477295       59.5754166       34.6540413       23.9606800    
   257.548981       59.6326561       34.4980431       24.0622005    
   258.543671       59.7384987       34.5983162       24.0493279    
   259.547241       59.5845032       34.7107544       24.1647816    
   260.646301       59.7671967       34.8346138       24.2122879    
   261.860352       59.9451866       34.8652000       24.2454987    
   262.760376       60.0684967       34.7316322       24.2476845    
   263.917084       60.2816887       34.8337021       24.2988377    
   265.165527       60.4438324       34.8272934       24.3306179    
   266.284973       60.6527939       34.9713936       24.3118725    
   267.270569       60.6803741       34.9489899       24.3502083    
   268.323181       60.7736893       34.9547882       24.3687000    
   269.400665       60.7882843       34.8936005       24.3985291    
   270.441589       60.9473076       34.9349518       24.3283138    
   271.537567       60.9752045       34.8317146       24.3258801    
   272.327545       61.1716309       34.8581085       24.2709007    
   273.402710       61.2201920       34.8637238       24.3529873    
   274.515564       61.2631721       35.0402107       24.4535809    
   275.515442       61.2959976       35.2118607       24.5104637    
   276.650482       61.3677826       35.2376823       24.4332066    
   277.672791       61.3287468       35.3760986       24.4534626    
   278.709442       61.4056320       35.3251076       24.5090008    
   279.779297       61.4777908       35.3348808       24.4385128    
   280.841522       61.4495392       35.3702965       24.4952354    
   281.964539       61.3043709       35.4899712       24.5261517    
   282.960266       61.3871384       35.4871063       24.5393944    
   284.043640       61.3194885       35.5064392       24.5074692    
   284.809082       61.4351501       35.6432190       24.5474129    
   285.898895       61.3725815       35.7456436       24.6113300    
   286.846008       61.4501877       35.7608299       24.5761242    
   287.814117       61.5311470       35.7613144       24.7401371    
   288.758911       61.4661980       35.8878059       24.7319298    
   289.813965       61.6657791       35.9330711       24.7020130    
   290.934174       61.7343178       35.8503075       24.6936760    
   291.789734       61.6949310       35.8073616       24.6751518    
   292.901733       61.9211273       35.8214989       24.6548271    
   294.063782       61.9612808       35.8632393       24.6144505    
   295.081390       62.0462151       35.7261810       24.7467537    
   296.170471       62.1595955       35.7817001       24.9217739    
   297.204987       62.2554626       35.7495804       24.9189720    
   298.137939       62.1358719       35.8927155       24.9196281    
   298.941467       62.1335945       35.9400826       24.9737415    
   300.103333       62.3289146       36.0685349       25.0446606    
   301.050201       62.3755379       36.1012344       25.0089703    
   301.982025       62.4149895       35.9994812       25.0438728    
   302.966705       62.6549225       36.0589828       25.1647015    
   303.879639       62.7168579       35.9459991       25.0622330    
   304.931458       62.6497116       35.8601341       25.0618019    
   305.962311       62.7675209       35.9788208       25.1288586    
   307.013580       62.9000587       36.0088882       25.1063499    
   307.946228       62.9730034       36.0023727       25.0346584    
   308.831940       63.1294899       35.9572868       25.1735554    
   309.762878       63.1395531       35.9789314       25.1046162    
   310.725220       63.2587891       35.8652763       25.1723766    
   311.643463       63.1219292       35.9891281       25.1067371    
   312.418793       63.2585945       36.0999565       25.1716442    
   313.186066       63.3554382       36.2293549       25.1699734    
   314.135406       63.4495621       36.2014618       25.1812763    
   314.955597       63.5018311       36.1704025       25.1995811    
   315.987152       63.3904839       36.2389145       25.2835808    
   317.065186       63.3643265       36.2988853       25.2674885    
   317.963623       63.4731407       36.4403152       25.2459793    
   318.912415       63.6406975       36.4761734       25.2168579    
   319.994904       63.7352791       36.6312332       25.2321262    
   320.866486       63.9004822       36.6399727       25.2362499    
   321.843689       63.8254738       36.5837936       25.2238293    
   322.792145       63.7096825       36.5485268       25.2985325    
   323.835632       63.8336906       36.4641800       25.2631397    
   324.806274       63.8515129       36.5199585       25.3281956    
   325.949158       63.8496361       36.5950241       25.3077583    
   326.896210       63.8552055       36.5527420       25.3332748    
   327.895966       64.0370865       36.5516777       25.3843517    
   328.785126       64.1527786       36.6974564       25.3539581    
   329.739166       64.1200790       36.8546066       25.4630699    
   330.644745       64.2115631       36.8690567       25.4059677    
   331.577209       64.2901764       36.8625374       25.3482914    
   332.599548       64.2516708       36.9709206       25.3608093    
   333.721008       64.5061646       37.0328712       25.4703102    
   334.845337       64.4702988       37.0239563       25.5031490    
   335.771088       64.5625839       37.0128441       25.5267620    
   336.790863       64.5132675       36.9833298       25.4247723    
   337.937561       64.4564514       36.8677063       25.5741100    
   338.889923       64.4127808       36.7530937       25.6274986    
   339.966827       64.5144653       36.7502556       25.5995922    
   340.947693       64.5931168       36.7953377       25.7078571    
   341.945679       64.5789490       36.7943878       25.7356625    
   343.154327       64.5412292       36.7763405       25.8722649    
   344.123474       64.4811707       36.8587914       25.8155499    
   345.144012       64.4980240       37.0073471       25.7500210    
   346.247223       64.6225739       36.9374428       25.6616764    
   347.346802       64.7988815       36.9728546       25.6988010    
   348.471375       64.9563446       37.0402756       25.6542377    
   349.670380       65.2113647       37.0766983       25.6594620    
   350.738007       65.3381729       37.2943077       25.7177677    
   351.839478       65.4550095       37.3072929       25.8390560    
   352.926147       65.4238815       37.2337914       25.8558006    
   354.092041       65.5260086       37.3000107       25.7809296    
   355.338348       65.4340363       37.2886887       25.7880993    
   356.395752       65.6064453       37.2987556       25.7747898    
   357.434723       65.6577606       37.2886581       25.8217812    
   358.395355       65.7272568       37.2645798       25.8497276    
   359.480743       65.7794495       37.2805824       25.8964901    
   360.438690       65.9841156       37.3370819       25.8674889    
   361.399139       66.0726013       37.4112434       25.8329830    
   362.408386       66.2406158       37.3409691       25.8179111    
   363.425690       66.2932587       37.3724594       25.9533024    
   364.401978       66.2404709       37.4743309       26.0088310    
   365.329376       66.1506653       37.4524841       26.0337486    
   366.318665       66.0577698       37.3772087       26.0283928    
   367.489655       66.0762634       37.3710289       26.0777950    
   368.522217       66.3239059       37.4488182       26.0876179    
   369.424835       66.5528641       37.5443115       26.0611629    
   370.369354       66.4028931       37.5794792       26.2244225    
   371.253937       66.3482666       37.7244072       26.2801094    
   372.287170       66.3283386       37.7985458       26.3382072    
   373.295288       66.4026947       37.6768341       26.2726269    
   374.564911       66.4283066       37.7021980       26.3773918    
   375.597229       66.5830078       37.7707443       26.3235912    
   376.525208       66.6881409       37.7691765       26.2840195    
   377.677124       66.6411667       37.6610222       26.2913074    
   378.661621       66.7898026       37.7049179       26.3571892    
   379.567261       66.9476624       37.7258530       26.3989372    
   380.524109       67.0727768       37.7940216       26.3066978    
   381.658234       66.9700546       37.6792107       26.3036900    
   382.535980       67.0278625       37.7932587       26.3009968    
   383.777405       67.2719193       37.9003296       26.3372078    
   384.818909       67.3505020       37.9828186       26.2981701    
   385.649200       67.4169235       37.9926071       26.2382851    
   386.640442       67.3847198       38.0700493       26.2139111    
   387.456543       67.4597702       38.1271286       26.2330723    
   388.044525       67.5568314       38.0565376       26.1803474    
   388.865234       67.8759079       38.0065536       26.1853943    
   390.034668       67.9572449       38.1490211       26.2199516    
   391.063538       68.0289764       38.1357269       26.1815739    
   391.957397       67.8706360       38.1943893       26.2581997    
   392.897980       67.7397842       38.2331467       26.1476631    
   393.626343       67.8462753       38.2988396       26.2103443    
   394.854858       67.7317505       38.4035797       26.3106174    
   395.940399       67.8516159       38.3819389       26.3679218    
   396.874207       67.8396072       38.3570480       26.3258801    
   397.906006       67.9544144       38.3209534       26.3352413    
   398.855225       67.9395294       38.3938179       26.3896675    
   399.914673       68.0237656       38.3714409       26.4384174    
   401.010681       67.8533096       38.4960861       26.4146271    
   402.104736       67.9135132       38.6511421       26.4870491    
   403.040283       68.1276627       38.6483765       26.5227451    
   404.193207       68.1844406       38.4719505       26.6173000    
   405.065155       68.2903595       38.4571419       26.7049694    
   406.214447       68.3546906       38.5686226       26.6872177    
   407.249054       68.4114838       38.5169830       26.8159580    
   408.489471       68.4007339       38.6089516       26.7372322    
   409.608246       68.2361374       38.5027504       26.7582474    
   410.627625       68.4205627       38.6262627       26.7275028    
   411.755585       68.4922333       38.6296196       26.7402554    
   413.036041       68.4751968       38.6658554       26.7478905    
   414.098724       68.4323502       38.7134476       26.7942867    
   415.198517       68.4128265       38.6946373       26.8373013    
   416.258453       68.4152679       38.6267967       26.9398136    
   417.295166       68.5578537       38.7069054       26.9298878    
   418.515900       68.6786041       38.7222443       27.0872192    
   419.659576       68.6516495       38.7159462       26.9603329    
   420.573273       68.9155350       38.7763443       26.8834019    
   421.658051       68.9923859       38.7645493       26.9171028    
   422.690582       68.9473343       38.8803558       26.8764763    
   423.838715       68.9907913       38.7458916       26.8965225    
   424.992889       68.9378281       38.8342247       26.9957180    
   426.098846       68.9620743       38.8912125       27.0999527    
   427.172607       69.1323242       38.8201027       27.0046749    
   428.224640       69.1993713       38.7622108       27.0157356    
   429.014282       69.3032074       38.7141190       27.0662403    
   429.739227       69.2777405       38.6541557       27.1475582    
   430.566711       69.3975220       38.6689835       27.2034702    
   431.504364       69.3595428       38.6708984       27.1735268    
   432.582428       69.0894394       38.5576515       27.1747265    
   433.764740       69.0537949       38.6995544       27.2326527    
   434.826416       68.9445038       38.9973679       27.2130585    
   435.673370       69.0025940       38.8715172       26.9793701    
   436.684998       69.1328354       38.8448868       26.8395519    
   437.658081       68.9889526       38.7937431       26.8967915    
   438.529541       68.8578720       38.8728294       26.8551884    
   439.423615       68.8179245       39.1348267       26.8535690    
   440.540192       69.0361786       38.9753380       26.7886543    
   441.403290       69.1287308       39.0493774       26.7575531    
   442.653595       69.1751022       39.2242470       26.9570026    
   443.510529       69.3952026       39.2433739       27.0872593    
   444.461639       69.4820786       39.4013748       26.9208164    
   445.364014       69.6165543       39.4377708       26.8808289    
   446.175354       69.6018753       39.5269012       26.8970528    
   447.017029       69.7806625       39.4729919       26.8706818    
   448.063965       69.9569016       39.3583336       26.8828087    
   449.088654       70.0506973       39.4124832       26.9526768    
   449.992096       70.2500763       39.2950478       27.0639706    
   451.039673       70.3520660       39.4262352       27.1907787    
   452.028839       70.3660660       39.5243187       27.0758648    
   452.862701       70.3636398       39.6413536       27.1095886    
   453.857117       70.4039993       39.6162529       26.9985485    
   454.784119       70.5119095       39.7101402       27.0909576    
   455.739288       70.6111526       39.5999680       27.1865330    
   456.445312       70.6585312       39.5329437       27.1701374    
   457.392822       70.8264542       39.5310707       27.2157001    
   458.314117       71.0409851       39.4807968       27.3155403    
   459.563477       71.0328522       39.5732727       27.3082504    
   460.668274       71.0541382       39.7169762       27.3340492    
   461.347351       71.1907730       39.7123642       27.3633728    
   462.348602       71.2065430       39.6383858       27.3797359    
   463.176117       71.3961487       39.5119438       27.3014526    
   464.176849       71.5737152       39.6957855       27.3216972    
   465.183899       71.4423523       39.6850967       27.3246880    
   466.167633       71.3097305       39.7459679       27.2352581    
   467.221954       71.4137268       39.6982384       27.2557182    
   468.283875       71.6210938       39.7071304       27.3485966    
   469.535614       71.4240799       39.7032738       27.4009857    
   470.644104       71.4272461       39.7880630       27.5415974    
   471.786041       71.3213501       39.8468323       27.4991074    
   472.961426       71.2229996       39.7916222       27.4695740    
   473.993164       71.3229675       39.8217545       27.5936871    
   475.046539       71.3197098       39.8940926       27.5594120    
   476.098358       71.3365860       39.9149590       27.5971870    
   476.963379       71.2420044       39.9138451       27.5621529    
   478.000061       71.3782501       40.0573273       27.4984989    
   479.060394       71.3079300       39.9681625       27.4436359    
   480.127014       71.4508972       40.0287170       27.4275551    
   481.211853       71.6872482       40.0956268       27.5717850    
   482.037354       71.7557144       40.0973015       27.4560776    
   482.962952       71.6513977       40.1710510       27.4235783    
   484.278961       71.7486496       40.3257713       27.3630314    
   485.241089       71.7263184       40.3912315       27.4401340    
   486.141632       71.7092896       40.3450508       27.5355854    
   487.414459       71.7935791       40.2993126       27.5619831    
   488.411560       71.7604141       40.3099136       27.5870800    
   489.557312       71.7679520       40.2170143       27.6557465    
   490.695618       71.7971268       40.2909088       27.6114388    
   492.013306       71.7262955       40.1897736       27.5977592    
   493.114563       71.5802765       40.4107170       27.6553478    
   493.937500       71.4973297       40.2738380       27.7528000    
   494.631714       71.6047363       40.2216606       27.7076283    
   495.576813       71.6104889       40.1090927       27.6207047    
   496.671173       71.6617279       40.2131424       27.6132851    
   497.433411       71.7378006       40.3098106       27.5874786    
   498.511078       71.9680405       40.4005241       27.4129124    
   499.477386       72.0320282       40.4688797       27.5282879    
   500.649048       72.0373535       40.4283257       27.5743656    
   501.703094       72.1168442       40.5630341       27.6224442    
   502.863434       72.0517044       40.5091171       27.7053032    
   504.034943       72.2020493       40.6311646       27.8570671    
   505.075806       72.2332535       40.7287292       27.8616085    
   506.100739       72.3480988       40.7280731       28.0164471    
   507.164734       72.4490204       40.6313629       27.9880810    
   508.103638       72.5422516       40.5197296       28.0535526    
   509.001465       72.6207962       40.6244469       28.0212307    
   510.048248       72.5816956       40.4747849       28.0229931    
   511.223022       72.4795456       40.3863335       27.9626694    
   512.288391       72.4811096       40.5636101       28.0207005    
   513.412292       72.5750504       40.7300339       27.9643116    
   514.307983       72.5451660       40.5383797       28.0019684    
   515.030396       72.5957260       40.5687599       28.0431137    
   515.837708       72.5994034       40.6867027       27.9847622    
   516.803223       72.5495529       40.6756630       27.9130192    
   517.614197       72.6142883       40.6791763       28.0364990    
   518.465576       72.7029266       40.7821274       28.0741596    
   519.542236       72.6730423       40.8976631       28.0465527    
   520.105042       72.5982132       40.8612595       27.9854183    
   521.128906       72.5909500       40.7928047       28.0449085    
   522.120117       72.6274033       40.7019768       27.9655037    
   523.170959       72.5517654       40.7432175       28.0712624    
   523.871887       72.7161560       40.6473198       28.0338764    
   525.099365       72.7845917       40.6427383       28.0913734    
   526.209900       72.7613373       40.5223503       28.0207233    
   527.312561       72.8324738       40.5670471       27.9383087    
   528.512024       72.7894135       40.6032982       28.0640106    
   529.754639       72.6847229       40.5460587       28.0415859    
   530.733337       72.9514313       40.6000786       28.0471916    
   531.554260       73.0304260       40.5646172       28.1774368    
   532.432129       72.7246628       40.7888412       28.1498737    
   533.472046       72.7380219       40.7909203       28.1112175    
   534.676514       72.6508942       40.8580399       28.2257271    
   535.594849       72.6925964       40.9725647       28.2386856    
   536.625183       72.6645508       40.9730873       28.0347595    
   537.505981       72.5902863       40.9965858       27.9939613    
   538.740356       72.6579819       41.0517311       27.9884129    
   539.915833       72.5808182       41.0517159       28.0615540    
   540.780396       72.7462006       41.0046082       28.0755863    
   541.489868       72.8585587       40.9621811       28.0574760    
   542.772156       72.9964218       41.0070763       28.1274776    
   543.637085       73.0962372       41.0039024       28.0826759    
   544.439270       73.0771561       40.9748268       28.0958157    
   545.312988       72.9648514       41.0226746       28.1823978    
   546.175171       73.0493469       41.0412521       28.2113037    
   546.989380       73.1883011       40.9835320       28.2624416    
   547.898926       73.2395096       40.9568520       28.3391514    
   549.105774       73.2939377       40.9421577       28.3648453    
   550.422241       73.4414215       41.0268326       28.5435677    
   551.434448       73.4591293       41.0134888       28.4383202    
   552.515564       73.5313568       40.9813614       28.5471649    
   553.568787       73.6261673       41.0032845       28.4317284    
   554.622009       73.7145233       40.9211349       28.3628407    
   555.552429       73.7336807       41.0750656       28.3110790    
   556.474060       73.9481583       41.0405312       28.4203701    
   557.247559       74.1405106       41.1669579       28.4464397    
   558.102478       74.2477417       41.2213211       28.3199959    
   559.127747       74.1006317       41.4025230       28.3213463    
   560.044678       74.0264740       41.4351234       28.2481899    
   560.983215       74.2973633       41.5520058       28.2696571    
   561.879395       74.2824402       41.5333939       28.3340683    
   563.108093       74.2674332       41.5065308       28.2568474    
   564.014404       74.2359314       41.5298157       28.3896542    
   565.115417       74.2172165       41.6711845       28.4071693    
   566.248718       74.2513962       41.6560020       28.4369984    
   567.177246       74.3813705       41.6397285       28.4023018    
   568.015747       74.5197754       41.5896111       28.3670330    
   568.975830       74.5536194       41.4276505       28.3037109    
   570.134033       74.5261230       41.2948608       28.3587723    
   570.970520       74.5429230       41.3347778       28.3404770    
   571.950928       74.4300003       41.4101257       28.2803516    
   572.830078       74.4699936       41.3659363       28.3072186    
   573.578979       74.4287338       41.5276871       28.2463512    
   574.385620       74.4586182       41.5907097       28.3302917    
   575.602356       74.3753662       41.5619621       28.4907646    
   576.600281       74.5108871       41.6713028       28.5146465    
   577.783936       74.6450424       41.4841537       28.6244202    
   578.675232       74.5967407       41.5837250       28.5605698    
   579.950195       74.6701279       41.5793762       28.6291866    
   580.801575       74.5308380       41.6823654       28.5737095    
   581.856873       74.5548019       41.6905174       28.7192478    
   582.864990       74.5900650       41.5843391       28.7400951    
   583.759338       74.6330795       41.7312813       28.7426243    
   584.935913       74.6405411       41.6633415       28.7968178    
   585.764709       74.5508194       41.8297577       28.6994057    
   586.655518       74.5180435       41.9552994       28.7536678    
   587.650574       74.4704514       41.8873482       28.6468449    
   588.586548       74.3911972       41.9505920       28.5709152    
   589.552673       74.2855606       42.1226883       28.4505939    
   590.661438       74.2440033       42.0929489       28.3923302    
   591.538574       74.2546616       42.1834259       28.4081116    
   592.548218       74.4707794       42.0570602       28.5347309    
   593.517822       74.5764847       42.0824280       28.6180172    
   594.573547       74.6862488       42.0498123       28.5924854    
   595.164307       74.7236099       42.0570259       28.5747204    
   596.180298       74.7946701       41.9785957       28.5400906    
   597.269592       74.7012100       41.9261856       28.6236897    
   598.262268       74.5273056       41.9385834       28.7851982    
   599.221191       74.6835175       41.9852409       28.9221916    
   600.449097       75.0268478       41.9527168       28.9278488    
   601.308655       75.0712967       41.8939934       28.8874264    
   602.371643       74.9544907       41.8790321       28.8849392    
   603.525940       74.7504272       41.9693985       28.7921696    
   604.627197       74.8516464       42.1100349       28.8508701    
   605.845520       74.9554062       42.2208061       28.8645496    
   606.888855       75.0840683       42.3052330       28.6743889    
   607.718628       75.3136139       42.4415550       28.6697426    
   608.835999       75.4354935       42.5277672       28.6042137    
   609.833740       75.5069656       42.4684677       28.5989132    
   610.539734       75.6923218       42.4383774       28.7401199    
   611.492310       75.7662125       42.1924210       28.6445980    
   612.820251       75.9451981       42.2722130       28.8110104    
   613.783081       76.0315475       42.2995529       28.7136097    
   615.018616       76.1016846       42.2764854       28.6146507    
   615.626038       76.2900238       42.3346634       28.6663780    
   616.982544       76.3126907       42.5183144       28.6562767    
   617.902649       76.3167038       42.6896286       28.6618404    
   618.971558       76.3337708       42.5605698       28.7384167    
   619.624023       76.3138962       42.6375732       28.6676636    
   620.586060       76.5032196       42.7433586       28.7359161    
   621.653870       76.3075256       42.5421143       28.8442001    
   622.801270       76.1730270       42.6213684       28.8149242    
   623.852539       76.3453522       42.7351265       28.8789196    
   625.006836       76.3909378       42.6678200       28.9616127    
   626.023621       76.5096359       42.7153320       29.0645466    
   627.337585       76.2711563       42.7725601       29.0558186    
   628.518616       76.1846924       42.7607079       29.1444378    
   629.431702       76.4886398       42.8226929       29.0255756    
   630.818359       76.5735397       42.7963829       28.9886417    
   632.167786       76.6085587       42.8631401       29.0734596    
   632.945862       76.7327957       42.9215965       29.1475792    
   634.146118       76.6123199       42.8674622       29.0943813    
   635.204712       76.6615524       42.9213943       29.0038452    
   636.445251       76.8432999       42.8390923       29.1729717    
   637.412476       76.8476944       42.7656403       29.2424698    
   638.361633       76.7138138       42.7489204       29.1425762    
   639.350342       76.8682480       42.7388115       29.0905876    
   640.111084       76.8836899       42.6086349       29.2106609    
   641.044434       76.9113617       42.6109200       29.2537823    
   641.877808       76.7896194       42.5771637       29.2055988    
   642.781860       76.7628708       42.7491646       29.1840153    
   643.569336       76.9314651       42.6517639       29.2429295    
   644.322815       76.8627701       42.6783066       29.4369431    
   645.550232       77.0400391       42.8340378       29.4389133    
   646.722717       77.1523666       42.7017860       29.3502102    
   647.633667       77.2795334       42.6201935       29.3182297    
   648.645996       77.4612427       42.7991180       29.4470043    
   649.551025       77.6786652       42.9193077       29.5431118    
   650.538147       77.4728241       42.8444786       29.5599823    
   651.616333       77.6116714       42.7936821       29.4583054    
   652.398193       77.5926437       42.9385529       29.4927063    
   653.489990       77.5809021       42.8280487       29.4605217    
   654.672485       77.7011871       42.9053154       29.3538570    
   655.977173       77.8030930       42.8176231       29.2452221    
   657.017761       77.9646530       42.7568016       29.1206951    
   658.019958       78.0450363       42.8154907       29.1912136    
   659.120605       78.0160370       42.8144379       29.1731167    
   660.165588       78.0648499       42.6449394       29.2506409    
   661.156921       78.1396027       42.6267014       29.2653770    
   662.185486       78.3878021       42.6241226       29.3422794    
   663.534607       78.3520126       42.6531868       29.2660904    
   664.820984       78.2203445       42.7184868       29.3538132    
   665.697815       78.2212219       42.6308441       29.3214397    
   666.817566       78.1315460       42.7080078       29.2629261    
   667.726318       78.3033066       42.7017288       29.2860889    
   668.704041       78.2188034       42.8200874       29.2969990    
   669.456177       78.3138962       42.8162003       29.2123394    
   670.430298       78.1455765       42.8559341       29.3111286    
   671.459473       78.0578918       42.8430748       29.3930798    
   672.169800       77.9937973       42.9073296       29.4268780    
   673.434570       78.1847916       42.9741058       29.2697849    
   674.400696       78.2774506       43.0142670       29.3302670    
   675.536255       78.2561951       42.9743118       29.4306698    
   676.436401       78.2219696       42.9193764       29.3754711    
   677.544495       78.0995026       43.2030067       29.3691998    
   678.622314       78.1875229       43.3849792       29.3357830    
   679.902405       78.1058502       43.3270836       29.4109707    
   681.393494       77.9880600       43.1959190       29.4477215    
   682.446533       78.0203629       43.2022362       29.4327984    
   683.472351       77.9724350       43.2584801       29.4844913    
   684.598389       77.9584808       43.2390633       29.5460167    
   685.772705       77.8787460       43.2320709       29.5269394    
   686.650574       77.9203186       43.1702461       29.5674171    
   687.904907       78.1457672       43.2221680       29.5871372    
   688.936340       78.4377441       43.3001556       29.7422829    
   689.685791       78.3904648       43.1398392       29.6654415    
   690.467224       78.3593521       43.2903671       29.6756821    
   691.195740       78.4302521       43.2858429       29.5896606    
   692.037354       78.5724411       43.2538872       29.5096989    
   693.000122       78.5398941       43.2230263       29.5703812    
   694.159729       78.3264847       43.3341217       29.6156387    
   695.255371       78.1547623       43.3736992       29.6999111    
   695.955994       78.2558289       43.4400253       29.6037998    
   696.873413       78.1434479       43.3947868       29.5740910    
   697.872192       78.2430725       43.3087082       29.6696701    
   698.954590       78.4080887       43.3018303       29.7348595    
   700.168152       78.2796631       43.1938629       29.7015305    
   701.306152       78.2095947       43.1600876       29.7535114    
   702.630371       78.1168213       43.2676430       29.9001274    
   703.763916       78.2171173       43.4454651       29.8323135    
   705.045593       78.3673019       43.4508018       29.8684883    
   706.125916       78.3668365       43.4135590       29.8372746    
   707.005249       78.5784531       43.4133453       29.7746220    
   707.706421       78.5587997       43.3914032       29.8305569    
   708.810059       78.5936127       43.4111137       29.7876530    
   709.552795       78.8256989       43.4127388       29.8642960    
   710.822449       78.5398636       43.4946098       29.8006935    
   712.027466       78.6229935       43.4688377       29.8768921    
   713.263184       78.8185959       43.6521492       29.9645138    
   714.511902       78.9179764       43.8811531       29.8812237    
   715.442505       78.8504105       43.9070854       29.9005833    
   716.589478       78.8558197       43.8908844       29.9362946    
   717.472961       78.7849808       43.8515816       29.8579082    
   718.247253       78.7738647       43.9181252       29.8975315    
   719.275330       78.6419296       43.8999100       29.8071613    
   720.582886       78.7488937       43.9902878       29.7942905    
   721.229309       78.8795319       43.9832878       29.8134804    
   722.149719       78.7729111       43.8850288       29.8011551    
   723.130676       78.8608170       43.9635620       29.8146896    
   724.197205       79.0791473       43.9194183       29.8254528    
   725.443909       79.1211319       43.9189301       29.8417683    
   726.495789       78.9438705       44.0485420       29.9405899    
   727.351501       78.9472122       44.0242004       29.9565792    
   728.421082       79.1334686       44.1068497       29.9581776    
   729.200562       79.3046112       44.0063019       29.9906311    
   730.210510       79.1883545       43.9510117       29.8731403    
   731.402832       79.3438034       43.8552017       29.8232117    
   732.503052       79.1503754       43.8153191       29.8248768    
   733.341858       78.9421463       43.8803101       29.9001446    
   734.259033       78.9301605       43.9704399       29.8890057    
   735.144165       78.7468643       43.8162804       30.0177803    
   736.090942       78.8140182       43.8269577       30.0756760    
   737.416992       79.0053787       43.9725571       30.0677795    
   738.265076       78.9779587       44.0158043       30.0721092    
   739.101624       79.1007614       43.9895897       30.0298538    
   740.227966       79.4095612       44.0178413       30.2069302    
   741.443481       79.4993668       43.9228363       30.1185093    
   742.544678       79.4942856       43.9428902       30.0395546    
   743.742981       79.5096664       43.7449875       30.0898705    
   744.567078       79.5025101       43.6171074       30.1515598    
   745.547607       79.4796219       43.4307060       30.1888962    
   746.701416       79.6086273       43.5945358       29.9736652    
   747.683533       79.5492249       43.5008469       29.9958897    
   748.602905       79.5779037       43.5601654       30.1054153    
   749.458618       79.7945709       43.4722519       30.1643677    
   750.414490       79.8317337       43.5532951       30.2084084    
   751.303711       79.8909302       43.7940025       30.1389294    
   752.125305       79.9206848       43.8530769       30.2085495    
   753.126526       79.9611740       44.0251160       30.2133484    
   754.566956       80.0823746       44.0186234       30.2975407    
   755.478088       80.1455917       43.9810524       30.1376019    
   756.585938       80.0606155       44.0994148       30.1111450    
   757.548645       80.1267929       44.1394615       30.1516953    
   758.511475       80.2904205       44.1942520       30.1903381    
   759.579834       80.2074738       44.2558708       30.0855160    
   760.804626       80.3600159       44.3160782       30.1799831    
   761.704529       80.4567719       44.2361336       30.2248287    
   762.534668       80.5565338       44.2022285       30.3642197    
   763.524475       80.4232788       44.1176643       30.3514709    
   764.553101       80.2978363       44.1156235       30.2888355    
   765.652039       80.2955246       43.9780197       30.1001148    
   766.680542       80.4088745       44.0160370       30.1197739    
   767.510437       80.3344116       44.0214157       30.1359730    
   768.388367       80.3101654       44.0248108       30.2930012    
   769.147156       80.4538422       44.0143051       30.2856903    
   770.046875       80.5907364       43.9551811       30.4623032    
   771.026733       80.7212219       43.9611816       30.5369987    
   771.864319       80.8091431       43.9785767       30.4609318    
   772.894043       80.6141891       43.9707870       30.3559799    
   773.773926       80.5322876       43.9899445       30.3674603    
   774.687134       80.4491348       44.0721512       30.2080479    
   775.555298       80.6527557       43.9675140       30.1325951    
   776.394531       80.6224442       43.8897247       30.1143723    
   777.434875       80.8362427       43.9677505       30.2539291    
   778.649109       80.8504181       43.9136810       30.3692970    
   779.647888       80.7955704       43.9507828       30.3470688    
   780.610229       80.6422043       43.8959427       30.2304039    
   781.737183       80.7375336       44.0553818       30.1292820    
   782.653687       80.9165115       44.0658264       30.2857285    
   783.841064       80.9908524       44.1002007       30.2774811    
   784.978882       80.9120560       44.1390228       30.3556862    
   786.281128       80.7517776       44.1915398       30.3981667    
   787.321167       80.9437485       44.1362000       30.4274998    
   788.376526       80.6061096       44.1432533       30.3525124    
   789.258850       80.5564804       44.1286240       30.3672791    
   790.453308       80.5789413       44.1160812       30.4789963    
   791.080383       80.6804276       44.1695518       30.4007511    
   791.909546       80.5971146       44.0181808       30.4164104    
   792.922241       80.9797821       44.1125984       30.4290619    
   794.007751       80.8606873       44.0629463       30.5508041    
   794.892517       80.9545822       44.0424690       30.4954872    
   795.784241       81.1832657       43.9927025       30.4437637    
   796.977295       81.2188416       44.1908493       30.3060074    
   798.070190       81.4771347       44.2934265       30.4249401    
   798.793640       81.5953293       44.2376328       30.3978996    
   800.106812       81.7732697       44.2987862       30.4424553    
   801.228394       81.6918182       44.3476791       30.4705219    
   802.189758       81.7901230       44.5729790       30.4275188    
   803.289490       81.7608566       44.6222878       30.2980556    
   804.025330       81.7057266       44.6261520       30.4178333    
   804.662354       81.6106796       44.7000580       30.2655983    
   805.731750       81.7698288       44.6038322       30.3612404    
   806.992676       81.6106339       44.7404823       30.4436760    
   808.007629       81.7775269       44.6297150       30.4649506    
   808.967285       81.8633499       44.5504494       30.6464977    
   809.968811       81.7076797       44.5305328       30.7259274    
   810.989746       81.8629990       44.6285744       30.7709713    
   812.028687       81.9787140       44.7466316       30.7776375    
   813.333252       81.7751236       44.7935219       30.8916588    
   814.571777       81.6759338       44.8193321       30.6789703    
   815.364380       81.8330078       44.8484764       30.7574024    
   816.608093       81.8352966       44.9067802       30.7072201    
   817.947632       81.8683777       44.9115829       30.7453461    
   818.943848       81.6265488       44.7691040       30.7037468    
   819.631287       81.6146774       44.7100067       30.6710835    
   820.443665       81.7558746       44.7207756       30.8515301    
   821.403442       81.7128067       44.7058868       30.8912716    
   822.423340       81.6162109       44.7521667       30.9171391    
   823.302490       81.5310822       44.8562126       30.8769817    
   824.199219       81.4593887       44.9080467       30.8933239    
   825.151978       81.6110916       45.1402817       30.7936935    
   826.145325       81.6378098       45.0212288       30.7287064    
   827.156982       81.5881271       45.1235809       30.8495426    
   828.423218       81.5945282       45.0400238       30.8863926    
   829.270142       81.6426773       44.9322968       30.9253616    
   830.287842       81.7469940       44.9711266       30.9156132    
   831.298035       81.7973175       44.8375397       30.9133606    
   832.281372       82.0281677       44.8813629       30.9747448    
   833.070374       81.8648376       44.8750114       30.9269791    
   833.720520       81.8593445       44.8351021       30.9782696    
   834.946411       82.0112762       44.7491150       31.0636806    
   835.398743       82.0329819       44.7135162       31.0428791    
   836.456299       82.2060394       44.9218941       31.0024509    
   837.397095       82.2377548       44.9520149       31.0291901    
   838.438232       82.0676651       44.9549255       31.1461506    
   839.658752       81.9693451       44.9212837       31.3125458    
   840.655212       82.1814880       44.9031143       31.1939507    
   841.522644       82.0758514       44.9534760       31.1849804    
   842.296326       82.0589828       45.0765343       31.0850906    
   843.466309       81.9693298       45.2120438       31.1069660    
   844.545044       81.9327393       45.0938950       31.0910530    
   845.805237       81.8877869       45.2331657       31.0090446    
   846.680298       81.7522583       45.1762543       30.9908924    
   847.785889       81.8267593       45.1444321       31.0077477    
   848.690796       81.8764877       45.1678200       31.0569782    
   849.516846       81.7518616       45.0213928       30.8695526    
   850.414185       81.6284561       45.0423088       30.8845196    
   851.365295       81.4364395       45.1761284       30.8435059    
   852.430725       81.5136337       45.2066612       30.8939018    
   853.619873       81.4951553       45.4223938       30.7878094    
   854.745117       81.4599228       45.5089226       30.8691826    
   856.091858       81.4092789       45.5363960       30.7565670    
   857.486206       81.3661499       45.5581665       30.7505074    
   858.566345       81.3768387       45.4760857       30.7513809    
   859.616882       81.3802032       45.5842667       30.6445751    
   860.732971       81.5692978       45.5009155       30.5372219    
   861.971313       81.4353943       45.4025497       30.5989552    
   862.527039       81.1891708       45.5321846       30.6663532    
   863.768372       81.5055237       45.4192009       30.8072910    
   864.664612       81.6135941       45.5111771       30.7622223    
   865.693665       81.5784988       45.4390068       30.6486340    
   867.099854       81.5260162       45.5815506       30.7369652    
   867.793823       81.7182312       45.6024818       30.7710915    
   868.843384       81.8891373       45.4285889       30.8411617    
   869.763367       81.9344940       45.5307884       30.8512669    
   870.524902       81.9598541       45.6907997       30.9307747    
   871.227234       82.2178650       45.5812950       30.9418316    
   872.009583       82.2250290       45.5730972       30.9515476    
   873.195068       82.2214508       45.4818993       30.9940510    
   874.405151       82.0609055       45.4074593       31.0732059    
   875.347046       82.1153946       45.3479385       30.9956226    
   876.267883       82.0613022       45.3139076       31.1582165    
   877.335876       82.0784912       45.5049973       31.1738091    
   878.195374       82.2643204       45.5000114       31.1298580    
   879.266663       82.1703262       45.5087242       31.0830231    
   880.196106       82.3408966       45.4819832       31.1848030    
   880.819763       82.2252502       45.4866791       31.2740898    
   882.070862       82.3415375       45.5419350       31.2232590    
   883.166504       82.3230209       45.6091194       31.1748886    
   884.405273       82.2001343       45.6607018       31.1653023    
   885.393188       82.0962219       45.7342110       31.1247253    
   886.127075       82.4430237       45.8656883       31.1815948    
   887.247925       82.4934998       45.8562012       31.0690460    
   888.140747       82.6325455       45.9729233       30.9985046    
   888.927917       82.5142441       46.1049767       31.0565357    
   889.988098       82.6040573       46.0507622       31.1493893    
   890.768127       82.7303619       45.9269485       31.1015511    
   891.875671       82.6684952       46.1193085       31.1258640    
   892.997864       82.7672577       46.0396957       31.1713657    
   894.321045       82.8024216       46.0249596       31.0800495    
   895.166260       82.6248932       45.8398514       31.1494427    
   896.107849       82.8375092       45.8391724       31.1748886    
   897.031738       82.9500427       45.7518044       31.1658821    
   897.982239       82.9105453       45.7164803       31.1822224    
   898.825256       82.9682846       45.8232574       31.1060658    
   899.675110       82.9907684       45.7380791       31.1842060    
   900.468323       82.8842163       45.7155304       31.2861595    
   901.345459       82.8351746       45.6997070       31.3257771    
   902.090698       82.8056946       45.6609802       31.2225685    
   903.343445       83.0090103       45.8045731       31.2725582    
   904.277344       83.1929932       45.8466568       31.3207722    
   905.374634       83.2683411       45.8872528       31.3042278    
   906.614441       83.2001343       45.8532448       31.3857193    
   907.624878       82.8752747       45.8632355       31.3594189    
   908.641541       82.9153900       46.0596657       31.2948437    
   909.437622       83.1161346       46.0930786       31.3266754    
   910.383972       83.0133057       46.0382271       31.3061371    
   911.223999       83.2355728       46.1456032       31.2133102    
   912.131470       83.3983536       46.0871925       31.1652946    
   913.233032       83.5605621       46.2148476       31.1698895    
   914.276123       83.6179504       46.2780228       31.2627411    
   914.977966       83.7092667       46.3226433       31.1555309    
   915.970947       83.6127090       46.0315895       31.1399040    
   917.275513       83.6092606       46.0856247       31.2088070    
   919.014526       83.7236404       46.1173820       31.3259201    
   920.278870       83.5244446       46.2311440       31.2947483    
   921.544312       83.5982285       46.1172905       31.3398132    
   922.231750       83.7086868       46.2389908       31.3375092    
   922.937195       83.7233124       46.3019104       31.3257656    
   923.853333       83.8117828       46.4225807       31.3457718    
   924.715698       84.0876999       46.3826942       31.3719330    
   925.891541       84.1460953       46.5156441       31.3038273    
   926.926880       84.2083206       46.5154381       31.2435284    
   928.080383       84.1701126       46.6487312       31.1355972    
   928.769897       83.8280640       46.7165718       31.2520847    
   929.917969       83.6793823       46.8478203       31.2028294    
   930.887512       83.6434174       46.9531708       31.0757313    
   931.516907       83.6689453       46.6773796       31.0636711    
   932.404297       83.5689392       46.5585213       31.1018562    
   933.281067       83.8010330       46.4680061       31.0735435    
   934.366394       83.8012924       46.5160255       31.0403996    
   935.608459       83.9567719       46.5718880       30.9819603    
   936.851685       84.0105362       46.5479774       30.9433708    
   937.857361       83.9212189       46.6868324       30.9093170    
   939.072021       83.8438034       46.6312752       31.1182270    
   940.059021       83.8490295       46.5666237       31.1526394    
   941.106140       84.0116806       46.3498688       31.2794495    
   942.083801       83.9179153       46.4176407       31.4828358    
   942.972412       83.9449158       46.3539200       31.4543381    
   944.297180       83.9572220       46.5021667       31.4069271    
   945.213684       84.0153198       46.6658134       31.4587708    
   946.533508       84.1095428       46.5527306       31.5000591    
   947.538940       84.1397781       46.6438141       31.3721409    
   948.670959       84.1473465       46.7037926       31.4006081    
   949.802795       84.3035278       46.6190453       31.5096531    
   950.583191       84.5862961       46.4986343       31.4227009    
   951.338196       84.6642990       46.4693298       31.3786983    
   952.137695       84.4633102       46.4599762       31.4027004    
   952.863770       84.4426117       46.4761353       31.3701477    
   954.147644       84.5281982       46.6416206       31.3415089    
   954.885925       84.5511627       46.5925865       31.4452953    
   955.714050       84.5525665       46.5182381       31.5005264    
   956.545776       84.5223312       46.5832024       31.5453701    
   957.898621       84.4383850       46.3759842       31.4690075    
   959.107056       84.5229797       46.4230461       31.5378151    
   960.052917       84.4906006       46.3776627       31.5395317    
   960.896484       84.5213470       46.3566360       31.5748138    
   962.200684       84.5179367       46.2585907       31.3607826    
   963.154724       84.6281281       46.3381157       31.3752842    
   964.240967       84.7432327       46.3416443       31.4891415    
   965.204834       84.5777588       46.1906166       31.3532734    
   966.519043       84.5409927       46.1919861       31.4629421    
   967.210327       84.5417252       46.3106079       31.3132458    
   968.382874       84.7279739       46.3723831       31.3072090    
   969.236267       84.8115463       46.3860283       31.3837280    
   969.993835       84.8318329       46.4012642       31.4614754    
   971.036499       84.9272079       46.5043907       31.6778717    
   972.185181       84.8453293       46.4805794       31.6042194    
   973.408081       84.7901764       46.7235527       31.5866699    
   974.434631       84.8125305       46.8824730       31.5971222    
   975.130981       84.9145584       46.9714890       31.5573578    
   976.307861       85.0119705       47.1495972       31.4962883    
   977.307068       85.1977234       47.1590843       31.5759029    
   978.136292       85.0803757       46.9914398       31.5604591    
   979.125427       84.9966736       47.0335083       31.6155605    
   980.122070       85.2337036       46.7970390       31.4691067    
   981.393616       85.2999573       46.8948746       31.5881405    
   982.541931       85.4816666       46.9357834       31.7844105    
   983.299561       85.7758636       46.9784889       31.7386417    
   984.453552       85.8579941       47.0931244       31.7453537    
   985.173096       85.6021042       47.1836243       31.7023869    
   986.145874       85.5691071       47.1269760       31.6773453    
   987.198059       85.4702606       46.9982529       31.6871681    
   988.413696       85.4819794       47.0418320       31.6902428    
   989.100525       85.4890594       47.1944466       31.6408520    
   990.227539       85.6788940       47.3616867       31.5474682    
   991.230957       85.8545837       47.2161217       31.4669209    
   992.101257       85.7080231       47.2745018       31.4911747    
   993.023376       85.4688950       47.2625542       31.4670620    
   993.847290       85.4586868       47.2943573       31.6059475    
   994.905640       85.5309067       47.2018433       31.6490479    
   995.372986       85.5187683       47.1733017       31.7333889    
   996.442139       85.5882263       47.0160637       31.8237343    
   997.445618       85.6488953       47.0532265       31.8599396    
   998.515381       85.5905609       47.1324921       31.9683495    
   999.503845       85.4054031       47.0892487       31.8533554    
   1000.51636       85.3558807       47.0620689       31.8156242    
   1001.37610       85.4565659       47.1456947       31.8928280    
   1002.59448       85.4804382       47.0084877       31.6907578    
   1003.61316       85.7109528       46.7859306       31.6582928    
   1004.63782       85.7883530       46.7951355       31.6103210    
