   0.00000000       0.00000000       0.00000000       0.00000000    
  -3.80009413E-04   3.84998322E-03  -4.49985266E-04   2.18001008E-03
  -7.38000870E-03   7.16999173E-03   1.12998486E-03   1.20002031E-03
  -8.55997205E-03   4.14004922E-03  -9.99569893E-05   8.09982419E-04
  -8.95994902E-03   7.50996172E-03  -4.45996225E-03  -5.01002371E-03
  -7.89995492E-03   1.50009990E-03  -5.07006049E-03  -8.95000994E-03
  -1.24199465E-02   4.47003171E-03  -8.17998871E-03  -2.90001184E-03
  -9.77995992E-03   4.61004302E-03  -1.35003403E-03  -2.44002976E-03
  -1.01200715E-02   1.04995258E-03  -1.33998320E-03   2.08997773E-03
  -1.23999137E-02   3.02003697E-03   1.39967073E-04   3.98995401E-03
  -1.54599752E-02   6.68010348E-03   4.01008362E-03   3.86004546E-03
  -1.51599785E-02   6.50988985E-03   4.11003968E-03   6.76006963E-03
  -1.22999996E-02   1.74010172E-03  -9.49910143E-04   1.27998320E-03
  -1.14600342E-02   6.06005080E-03  -8.39951157E-04   3.72997858E-03
  -1.21999811E-02   4.81997523E-03   4.40058036E-04  -1.37998478E-03
  -1.35999117E-02   6.35002367E-03  -4.92990902E-03   4.70029190E-04
  -1.22599481E-02   8.31994973E-03  -2.12007295E-03   3.69999348E-03
  -1.25198755E-02   7.55985081E-03  -3.53004527E-03   1.00536417E-05
  -7.73991505E-03   1.34700229E-02  -4.81997943E-03  -1.79997250E-03
  -9.44006629E-03   1.13400044E-02  -1.26599018E-02   4.39007673E-03
  -1.31198838E-02   1.13598891E-02  -1.42199118E-02   2.83004390E-03
  -1.10799689E-02   1.48499310E-02  -9.45992209E-03   4.72001871E-03
  -1.32800238E-02   1.49900522E-02  -7.52013037E-03   6.54006982E-03
  -1.39402039E-02   1.73599422E-02  -4.52000601E-03   7.43999705E-03
  -1.30998231E-02   1.11999726E-02  -7.12005841E-03   4.88995248E-03
  -1.42201092E-02   6.16020570E-03  -8.17009434E-03   1.55999977E-03
  -1.25801219E-02   8.69986881E-03  -9.99940094E-04   5.79000125E-03
  -1.37598449E-02   1.07497927E-02  -5.10061334E-04   5.04004722E-03
  -1.15798349E-02   1.10900151E-02   4.92999796E-03   8.49997252E-03
  -7.53995776E-03   6.58996589E-03   5.03990287E-03   3.02001415E-03
  -1.08200191E-02   1.08798053E-02   7.15000136E-03   3.58006731E-03
  -5.73985092E-03   8.22995603E-03   1.04899565E-02   2.98005738E-03
  -8.50002188E-03   7.42009189E-03   9.49000381E-03   7.09996698E-03
  -9.53014661E-03   2.30005896E-03   3.81013588E-03   7.99004827E-03
  -8.43003858E-03   1.12835551E-07  -2.75989994E-03   4.42000339E-03
  -8.88971612E-03   6.00009179E-03  -1.05000159E-03   7.11000618E-03
  -8.09007417E-03   6.58992212E-03  -1.34995161E-03   6.59994967E-03
  -4.74999426E-03   5.28000155E-03  -1.24996388E-03   3.74002405E-03
  -2.80991616E-03   6.05998049E-03  -5.99995069E-03  -3.90002993E-03
  -3.42994044E-03   9.35992692E-03   1.68991263E-03  -1.17994763E-03
  -7.08992593E-03   5.86008513E-03  -7.47001776E-03  -2.76002707E-03
  -5.93024911E-03   1.03100268E-02  -4.01001656E-03   2.15000263E-03
  -9.45010781E-03   1.42900199E-02  -7.63003808E-03  -1.16003840E-03
  -1.31898113E-02   1.26399370E-02  -9.24990233E-03  -4.58004605E-03
  -1.18499007E-02   6.15993747E-03  -5.65001555E-03  -2.41004094E-03
  -8.35020002E-03   4.60997364E-03  -5.90006402E-03  -2.42000376E-03
  -1.16697922E-02   1.83014036E-03  -6.64000865E-03  -5.40996389E-03
  -9.33001656E-03  -9.30197304E-04  -1.31900497E-02  -4.47996473E-03
  -1.20099727E-02   4.03990597E-03  -1.86900515E-02  -4.61994950E-03
  -1.49501022E-02   9.33989603E-03  -1.58299021E-02  -5.44002140E-03
  -1.85297038E-02   6.82988949E-03  -1.22500323E-02  -8.44003446E-03
  -2.19696611E-02   8.19999352E-03  -3.93994292E-03  -3.03003844E-03
  -2.01700851E-02   1.00398287E-02  -4.22991998E-03   3.36999656E-03
  -2.12099906E-02   1.38600506E-02  -2.65000574E-03   3.74000403E-03
  -2.66099144E-02   1.24501316E-02   1.94005412E-03   4.95000556E-03
  -2.95703169E-02   1.38499681E-02   5.25001530E-03   6.02005841E-03
  -2.77300309E-02   1.28900846E-02   2.93988967E-03   7.49000721E-03
  -1.96097977E-02   1.40299890E-02  -7.09981075E-04   5.79995243E-03
  -1.86499320E-02   1.74697712E-02   2.95003015E-03   4.62997472E-03
  -1.72901880E-02   1.85399838E-02   3.92997218E-03   8.98000225E-03
  -1.86100639E-02   1.89599004E-02  -3.99921555E-04   5.52992988E-03
  -2.24102084E-02   1.13497796E-02   5.03999414E-03  -2.30997615E-03
  -2.03101169E-02   8.22984893E-03   1.44800581E-02   3.10023082E-04
  -1.85498204E-02   3.40075640E-04   1.24999490E-02   1.96000747E-03
  -1.87497996E-02   2.22991686E-03   1.60799660E-02   1.93006615E-03
  -2.07696576E-02  -3.18025891E-03   7.62991980E-03  -2.24996242E-03
  -2.08897982E-02  -1.43010344E-03   6.64991979E-03  -1.92000391E-03
  -1.61898751E-02  -1.09200608E-02   1.26500120E-02   2.96994857E-03
  -1.95299834E-02  -1.19400350E-02   9.80999600E-03   6.57998072E-03
  -1.23098232E-02  -1.11097340E-02   8.00996181E-03   3.60994274E-03
  -1.13100614E-02  -8.82994384E-03   8.37997627E-03   7.66994245E-03
  -1.06898872E-02  -1.16499765E-02   9.51014739E-03   5.48998127E-03
  -1.22100813E-02  -7.24000065E-03   5.94018167E-03   3.18002095E-03
  -1.33103142E-02  -3.22991493E-03   1.14100622E-02  -3.29992909E-04
  -1.70103014E-02  -4.65007126E-03   3.56010394E-03   2.09996273E-04
  -1.60099361E-02  -9.59990453E-03  -6.98006945E-03   1.04991533E-03
  -2.13698596E-02  -1.12698758E-02  -1.53900106E-02  -8.00299167E-05
  -1.56299584E-02  -1.10900607E-02  -1.26699721E-02  -4.42994945E-03
  -1.62097104E-02  -1.20499842E-02  -1.31599950E-02  -5.32996189E-03
  -1.51601052E-02  -1.06099965E-02  -1.25699509E-02  -5.64999459E-03
  -1.56600308E-02  -1.48601141E-02  -1.29600242E-02  -2.36001774E-03
  -7.78002897E-03  -1.19400062E-02  -1.64198335E-02  -8.45992845E-03
  -8.54001287E-03  -5.93006285E-03  -1.64700169E-02  -1.83994847E-03
  -1.01401452E-02  -8.48008599E-03  -1.32200252E-02  -3.66996159E-03
  -1.18000302E-02  -1.44899227E-02  -1.46099841E-02  -3.48992716E-03
  -6.15960965E-03  -1.18000945E-02  -1.13500645E-02  -4.90013510E-04
  -2.10031983E-03  -1.43000558E-02  -9.31002852E-03  -2.22003600E-03
  -3.88006144E-03  -1.33999838E-02  -1.13800727E-02  -5.60063985E-04
  -7.06015900E-03  -1.05998823E-02  -1.08199902E-02   1.78006873E-03
  -8.46021995E-03  -6.87003043E-03  -1.24001084E-03   2.98001198E-03
  -9.16007254E-03  -5.52979903E-03   3.63008515E-03   3.36009497E-03
  -1.19798928E-02   1.86004292E-03  -3.60104226E-04   6.02002256E-03
  -9.68024135E-03   3.70991603E-03   1.94004329E-03   6.15997659E-03
  -9.17985477E-03   2.54003284E-03  -1.89812272E-04   2.94005033E-03
  -9.28007625E-03   3.30998353E-03  -3.28991190E-03   6.74992800E-03
  -7.46038044E-03   2.57996889E-03  -2.82989419E-03   9.57995933E-03
  -1.22802844E-02  -3.78999580E-03   2.89923308E-04   1.06300125E-02
  -1.36803277E-02  -1.06800068E-02   6.89988723E-03   1.10100396E-02
  -1.25202835E-02  -1.05899191E-02   2.42997054E-03   1.26599530E-02
  -1.30402576E-02  -8.43001902E-03  -6.18002657E-03   5.51008759E-03
  -1.69603061E-02  -1.45300040E-02  -1.19400518E-02   6.55992841E-03
  -1.62600800E-02  -1.86601169E-02  -9.53997299E-03   1.07500488E-02
  -1.52396923E-02  -1.71799585E-02  -6.35997998E-03   8.76000244E-03
  -1.87001023E-02  -1.11201033E-02  -4.70997393E-03   8.96994490E-03
  -1.88000519E-02  -6.58003008E-03  -2.64010392E-03   6.19996199E-03
  -1.13003198E-02  -4.26004082E-03  -6.09997706E-03   8.10994860E-03
  -1.45800263E-02  -8.05006362E-03  -1.01199709E-02   2.68999441E-03
  -1.59603730E-02  -3.05991503E-03  -1.65200531E-02   5.39989676E-03
  -1.27400253E-02  -6.98998477E-03  -1.57600753E-02   7.71998102E-03
  -1.56993866E-02  -4.10988554E-03  -1.18100187E-02   1.73998869E-03
  -1.23596750E-02   3.90010799E-04  -4.06005606E-03  -8.27994104E-03
  -1.40601872E-02  -5.07007027E-03  -7.69884675E-04  -1.07800495E-02
  -1.45399440E-02  -1.21899620E-02  -3.56007880E-03  -1.16499681E-02
  -1.57798994E-02  -1.46100326E-02   1.19996816E-03  -2.47002533E-03
  -1.55001311E-02  -1.39000360E-02  -7.70019717E-04  -5.88998571E-03
  -1.37797724E-02  -1.18700573E-02   7.48000666E-03  -4.28994605E-03
  -9.21962038E-03  -1.05000408E-02   8.76003504E-03   2.98998016E-03
  -1.28600253E-02  -1.56999379E-02   1.52299954E-02   8.09998251E-03
  -1.35601135E-02  -1.38401045E-02   1.12799741E-02   3.57999932E-03
  -1.63601395E-02  -2.10999474E-02   1.13299862E-02   3.42998561E-03
  -1.34807639E-02  -1.89998299E-02   6.29986404E-03   5.99998701E-03
  -5.90000115E-03  -1.88699383E-02   8.69963551E-04   6.07996248E-03
  -1.94038195E-03  -1.97700188E-02  -4.54006437E-03   1.04899490E-02
  -1.78036885E-03  -2.40097716E-02  -8.03003274E-03   9.39997286E-03
  -3.24003818E-03  -3.03799435E-02  -4.49959101E-04   5.85000636E-03
  -3.95908952E-03  -3.17099281E-02  -4.16995818E-03   8.84009060E-03
  -2.72046239E-03  -3.49798910E-02  -2.25987146E-03   4.42990987E-03
  -2.74000620E-03  -3.59899104E-02   5.87997911E-03   2.03000568E-03
   4.00076213E-04  -3.09399348E-02   6.82999985E-03  -2.99997308E-04
   3.93982418E-03  -2.39700917E-02   4.18999558E-03  -9.38003045E-03
   8.70008115E-03  -2.79697701E-02   3.51007702E-03  -9.24000517E-03
   4.63990308E-03  -2.96400562E-02   7.21999118E-03  -1.39499959E-02
   5.69972210E-03  -2.27599628E-02   1.17699113E-02  -9.95003525E-03
   1.93993177E-03  -2.38598585E-02   1.32700028E-02  -1.05000250E-02
   3.14030051E-03  -1.98699776E-02   1.79600101E-02  -1.27499243E-02
  -3.08053591E-03  -1.55099258E-02   1.81400590E-02  -1.24600492E-02
  -5.05985413E-03  -1.50999734E-02   1.35199847E-02  -1.50000891E-02
  -6.71954686E-03  -9.33013484E-03   1.86600555E-02  -2.26004003E-03
  -2.73981714E-03  -8.56994558E-03   1.48600498E-02   5.59979409E-04
  -4.41955822E-03  -1.05199609E-02   8.22987780E-03  -1.59989140E-04
  -6.71990495E-03  -1.61992363E-03   7.73008214E-03   4.58992878E-03
  -1.03595173E-02  -4.16014716E-03   1.22498674E-02   4.63998411E-03
  -1.19802877E-02   5.54993749E-03   1.45000080E-02   3.34003591E-03
  -1.15205813E-02   8.50002631E-04   2.16200184E-02   5.71996672E-03
  -8.15965235E-03  -4.86986432E-03   1.75100360E-02   8.10009078E-04
  -6.72005489E-03   1.65983173E-03   1.98700596E-02   5.98999765E-03
  -5.77969244E-03   7.84999970E-03   1.31199080E-02   6.19002245E-03
  -4.43948200E-03   3.67003167E-03   6.97993208E-03   5.90008858E-04
  -8.40191438E-04  -2.78991018E-03   7.18996208E-03  -3.37000983E-03
  -1.26063661E-03   1.17014372E-03   8.01003352E-03   1.91006227E-03
  -5.99265681E-04   3.88001185E-03   9.27999523E-03   2.39998824E-03
  -5.56004141E-03   9.29995673E-04   1.04005146E-03   1.16400151E-02
  -9.90002323E-03   3.30992416E-03   8.85998085E-03   4.54000104E-03
  -7.67968176E-03   6.53014984E-03   8.20997357E-03   9.97407187E-06
  -1.23004410E-02   4.95001068E-03   9.73996706E-03  -1.19000254E-03
  -1.48796402E-02  -1.63990341E-03   3.75001016E-03   5.97005431E-03
  -2.47800313E-02  -6.29940652E-04   5.69998194E-03   1.41399913E-02
  -2.61800550E-02  -6.54011359E-03   4.99993050E-03   7.52005400E-03
  -1.80606451E-02  -1.23200426E-02   3.44005483E-03   1.03500346E-02
  -1.75199844E-02  -1.72901582E-02   1.71005388E-03   9.20006447E-03
  -1.79797299E-02  -1.86399631E-02   2.52002128E-03   6.14998257E-03
  -1.54799148E-02  -1.30897770E-02   3.26009165E-03   6.96998928E-03
  -1.87794026E-02  -7.50008551E-03   4.50998917E-03   7.37002911E-03
  -1.79798715E-02  -4.54010395E-03   5.69003355E-03   4.78004385E-03
  -1.23598771E-02  -4.37014084E-03   3.57995369E-03  -2.12998781E-03
  -1.35201672E-02  -3.68002057E-03   1.89959435E-04  -8.00048874E-05
  -6.49970025E-03  -5.82984183E-03  -8.40005372E-03  -1.00041507E-04
  -2.89990380E-03  -3.56007181E-03  -3.40000913E-03   1.98997068E-03
  -4.51975316E-03  -4.18996764E-03  -8.12004600E-03   4.31004260E-03
  -2.65989359E-03  -1.21497288E-02  -4.86006867E-03   6.81997649E-03
   1.15978671E-03  -1.53600788E-02  -3.92000936E-03   3.39006190E-03
   1.92071660E-03  -1.32399360E-02  -7.11007137E-03   1.18100010E-02
   2.17963522E-03  -1.29398685E-02  -8.97002500E-03   1.69900339E-02
  -3.66072496E-03  -1.38601204E-02  -1.17299836E-02   2.31700800E-02
  -9.49966814E-03  -1.74899381E-02  -1.00299371E-02   1.81800239E-02
  -9.01977438E-03  -1.41399186E-02  -8.74010473E-03   1.88599825E-02
  -1.04996683E-02  -1.39700687E-02  -2.53004953E-03   2.29400042E-02
  -1.26602519E-02  -1.74399894E-02   1.25004514E-03   1.29600260E-02
  -1.06005706E-02  -1.46100773E-02  -7.49999797E-03   1.25400582E-02
  -1.06208222E-02  -7.33998464E-03  -5.60984388E-03   1.60500295E-02
  -9.85919032E-03  -9.55997035E-03  -5.06002270E-03   1.78100262E-02
  -1.22807370E-02  -1.20600695E-02  -3.23006231E-03   1.93099864E-02
  -1.10797761E-02  -1.00501282E-02   1.68999378E-03   1.91300623E-02
  -1.42802335E-02  -5.18974708E-03   4.29950538E-04   1.80299971E-02
  -1.37601504E-02   5.60192042E-04   7.53003731E-03   1.82500388E-02
  -6.12005359E-03  -6.45987969E-03   5.00983419E-03   2.23499779E-02
  -8.65955371E-03  -2.82985903E-03   1.31999971E-02   1.29200257E-02
  -5.65901538E-03  -3.63014638E-03   1.28100617E-02   6.56007463E-03
  -2.12062453E-03  -5.60993748E-03   1.70899592E-02   2.77998927E-03
  -3.26055638E-03  -6.64990069E-03   1.91000700E-02   4.45998367E-03
  -3.09945340E-03  -6.48980029E-03   1.28999595E-02   1.08600231E-02
  -4.97976551E-03  -5.08970628E-03   1.18300123E-02   1.20000227E-03
  -6.50009885E-03   1.12002180E-03   4.94006602E-03   4.00026853E-04
  -1.03813065E-02  -2.63985945E-03   6.67995028E-03  -9.19941696E-04
  -1.32397646E-02   2.40015914E-03   1.16600581E-02   7.75003945E-03
  -1.23797171E-02  -6.66002324E-03   1.06699504E-02   6.34998409E-03
  -1.55399889E-02  -6.94994628E-03   1.46400891E-02  -1.18005101E-03
  -1.00202328E-02  -9.14033689E-03   1.44800730E-02   3.01001477E-03
  -9.77992825E-03  -2.66007520E-03   1.75999999E-02   1.12600243E-02
  -6.89969491E-03  -2.42007477E-03   1.45799583E-02   1.29600782E-02
  -1.00397589E-02  -1.23007782E-03   1.76799875E-02   9.94992070E-03
  -8.21989588E-03  -1.47993967E-03   8.27003084E-03   2.52999784E-03
  -9.10005346E-03  -4.94019222E-03   1.22200539E-02   1.58999360E-03
  -7.17997272E-03  -1.11600300E-02   9.61006526E-03   1.65000802E-03
  -5.94025617E-03  -1.51399877E-02   5.72999567E-03   3.30006168E-03
  -8.44027940E-03  -1.10699227E-02   7.47990049E-03   1.10012275E-04
  -9.21939686E-03  -1.18299732E-02   7.67990388E-03   6.69975707E-04
  -8.39956105E-03  -1.18900612E-02   1.01100476E-02  -2.53003906E-03
  -6.54025935E-03  -1.36299841E-02   6.83997665E-03  -2.78003211E-03
  -3.64082307E-03  -7.40993628E-03  -2.20002956E-03  -2.88997684E-03
  -4.41969419E-03  -5.42001380E-03   1.18998415E-03  -4.64004325E-03
  -7.06059299E-03  -4.04994283E-03   8.09995178E-03  -2.80000991E-03
  -3.96049675E-03  -5.88006899E-03   6.41995296E-03  -2.78003188E-03
  -4.65915678E-03  -8.36997665E-03   1.06299445E-02  -5.50006563E-03
  -2.98000197E-03   1.22996839E-03   8.96996818E-03  -6.52003381E-03
   1.56020152E-03   2.24012346E-03   4.98001697E-03  -4.73998906E-03
   3.00000003E-03   5.61005063E-03   2.12989654E-03  -3.55997868E-03
   2.77946843E-03   8.81992467E-03   1.15999463E-03  -2.35998654E-03
   1.39337673E-04   5.47994208E-03   2.02999683E-03  -1.42995769E-03
   1.24042656E-03   4.81024757E-03   3.99005041E-03  -5.25002601E-03
  -3.39204969E-04   5.78000536E-03   2.31008185E-03  -5.27999969E-03
  -4.20078635E-04   8.23991839E-03   3.08001926E-03  -4.34002886E-03
  -3.66074964E-03   9.00012534E-03  -4.87994868E-03  -7.34005123E-03
  -6.34017959E-03   9.78997815E-03  -5.50009729E-03  -1.93995750E-03
  -4.25996818E-03   7.69992499E-03  -3.40065744E-04   3.08004627E-03
  -2.86029512E-03   7.68017629E-03  -7.59002566E-03  -4.08994406E-03
  -5.46011701E-03   5.50183118E-04  -3.52003984E-03  -8.79951636E-04
  -7.68021122E-03  -4.99008130E-03  -9.65986215E-03  -8.20996612E-03
  -6.92084804E-03  -3.29009793E-03  -1.37700075E-02  -1.05799558E-02
  -5.96095528E-03   9.00992472E-03  -1.42800193E-02  -2.91997381E-03
  -4.43978887E-03   6.60010893E-03  -1.39900371E-02  -9.70007014E-03
  -5.08022215E-03   4.18012030E-03  -1.21200131E-02  -7.55996490E-03
  -8.83969665E-03   1.05998060E-02  -9.73999687E-03  -6.73993304E-03
  -1.50411697E-02   9.98018216E-03  -2.40074442E-04  -3.29999556E-03
  -1.67205594E-02   9.44002625E-03   1.09009841E-03  -2.81003723E-03
  -1.84197500E-02   1.36298630E-02   6.19000010E-03  -1.81996613E-03
  -1.79005191E-02   4.81000915E-03   6.58999477E-03   7.99868722E-05
  -1.13795791E-02   2.03990471E-03   5.66003751E-03  -4.99001425E-03
  -8.63888115E-03   5.43989800E-03   1.75993855E-03  -6.75000856E-03
  -4.33996040E-03   7.81014422E-03   3.17000132E-03  -1.44005776E-03
  -3.12050828E-03   9.20982938E-03   9.56006814E-03  -5.69999451E-03
  -2.82160286E-03   1.62601173E-02   9.54005122E-03  -4.47004382E-03
  -3.27969273E-03   1.68499667E-02   8.02996475E-03   3.50028160E-04
  -6.44086115E-03   1.04001863E-02   1.06399525E-02  -6.75006257E-03
  -8.25902447E-03   9.32003930E-03   5.96010033E-03  -7.22996099E-03
  -8.90082587E-03   1.04299048E-02   1.13000283E-02  -8.69999174E-03
  -7.91985821E-03   7.77994934E-03   1.73299592E-02  -6.94006961E-03
  -4.28934488E-03   7.36995973E-03   1.69899706E-02  -2.13997229E-03
  -3.77020682E-03   1.47501603E-02   2.07600165E-02   2.28004274E-03
  -6.83034258E-03   1.43401409E-02   1.77499037E-02   2.21002777E-03
  -8.45080242E-03   1.51099470E-02   1.24400491E-02  -2.32005026E-03
  -5.75026684E-03   1.03100650E-02   1.09600229E-02  -6.76001189E-03
  -6.99051982E-03   1.24099366E-02   1.05399927E-02  -1.48099763E-02
  -4.34935978E-03   1.07900910E-02   1.17499772E-02  -1.58599839E-02
  -6.41063647E-03   7.96024129E-03   1.60099864E-02  -6.90001622E-03
   3.03024054E-03   6.11996138E-03   1.78899709E-02  -6.32003276E-03
   3.50980554E-03   6.54006377E-03   1.24500794E-02  -3.27000814E-03
   6.50302449E-04   4.65968065E-03   7.29994522E-03  -2.29989339E-04
   1.11029227E-03   7.59972376E-04   3.73003981E-03   4.92000999E-03
  -1.63124129E-03  -2.93985708E-03  -3.90002434E-03   8.80995113E-03
  -3.03117745E-03   5.69976924E-04  -3.70003469E-03   8.63002334E-03
  -5.19085210E-03  -1.20090379E-04  -5.59000112E-03   7.60016090E-04
  -1.54301971E-02  -6.51015854E-03  -1.03001138E-02   9.48002934E-03
  -1.46495830E-02  -1.07099134E-02  -1.27400123E-02   1.12500433E-02
  -1.27508305E-02  -1.21100331E-02  -1.05701266E-02   9.30997264E-03
  -1.42103592E-02  -9.36980359E-03  -5.26001677E-03   1.00200204E-02
  -1.97895523E-02  -8.71014595E-03  -3.05996579E-03   1.33299641E-02
  -1.95708852E-02  -8.88990145E-03   2.46004178E-03   4.52000368E-03
  -2.37705298E-02  -5.68026723E-03   9.69973684E-04   5.31001808E-03
  -2.83114333E-02  -7.96000473E-03   9.31003224E-03   3.71996220E-03
  -2.46304963E-02  -3.43006686E-03   5.98000642E-03   3.45005002E-03
  -2.25906558E-02  -3.51994648E-03   8.58996715E-03   1.91003480E-03
  -2.34312061E-02  -3.83017072E-03   6.52993424E-03  -5.72999101E-03
  -2.63098236E-02  -1.08004815E-03   1.70084255E-04   1.19992605E-04
  -2.87698321E-02  -1.57993671E-03   1.03010633E-03   3.73003585E-03
  -2.49705538E-02  -3.43012973E-03   1.44010666E-03   2.96006002E-03
  -2.25495305E-02   4.34004702E-03  -5.62999863E-03   2.75008613E-03
  -2.19302215E-02   1.99999055E-03  -3.63990059E-03   1.63002487E-03
  -1.99706145E-02  -6.19961764E-04  -3.98996705E-03  -1.07999681E-03
  -1.44706098E-02  -4.70996043E-03  -8.87016300E-03  -2.26998376E-03
  -1.43100396E-02  -8.46993271E-03  -1.87400468E-02  -3.07010394E-03
  -1.06707485E-02  -1.66009495E-03  -1.95800439E-02  -2.93996255E-03
  -5.71003370E-03  -1.44974445E-03  -1.35500422E-02  -5.60007151E-03
  -7.75123527E-03  -1.41002424E-03  -1.62899010E-02  -5.75994933E-03
  -5.13018854E-03  -1.02002430E-03  -1.45499771E-02  -6.56003319E-03
  -3.69820918E-04   5.00099617E-04  -1.16601288E-02  -5.15997829E-03
   2.06934218E-03   5.53006167E-03  -6.54001627E-03  -7.17001641E-03
   2.82866880E-03  -1.57985277E-03  -8.25998187E-03  -8.30003293E-04
   3.06960731E-03  -7.53995683E-03  -3.68002662E-03  -2.31002853E-03
   1.06299752E-02  -3.31020216E-03  -3.90011398E-03  -3.48999561E-03
   1.54892998E-02   3.25995497E-03  -8.92000366E-03   1.42997550E-03
   1.72500890E-02   7.30083906E-04  -1.39899869E-02   5.10005793E-03
   1.48300994E-02   2.66988762E-03  -8.23993143E-03   3.66001623E-03
   1.71795059E-02   1.19300811E-02  -2.46003270E-03   1.13300355E-02
   1.61398761E-02   1.36101609E-02  -1.72994367E-03   5.90995420E-03
   1.59007162E-02   9.57008079E-03  -5.11002680E-03   7.89995887E-04
   1.70600563E-02   1.14099961E-02  -4.29995707E-04  -1.30048662E-04
   1.67003442E-02   1.43001331E-02   2.70998734E-03  -8.00484850E-05
   1.72398128E-02   1.03899762E-02  -5.29918936E-04  -3.07002407E-03
   1.56801883E-02   1.46098621E-02   3.59001616E-03  -6.61998335E-03
   1.80785563E-02   1.46598862E-02   6.44995505E-03  -1.45199895E-02
   2.44399495E-02   1.55699020E-02   7.04993168E-03  -1.22800032E-02
   2.87195425E-02   1.34399375E-02   1.19013258E-03  -1.21900365E-02
   2.83194352E-02   1.13000404E-02  -3.89995897E-04  -4.02005157E-03
   2.66200993E-02   3.93992756E-03   5.31005859E-03  -3.47999134E-03
   2.49400698E-02   5.46013424E-03   3.86003358E-03  -5.73008554E-03
   1.96994022E-02   1.00999465E-02   1.84200853E-02   2.15998897E-03
   1.27794789E-02   1.78985996E-03   2.29000635E-02  -6.83004875E-03
   1.09794447E-02  -1.70001993E-04   2.41700392E-02  -3.16005247E-03
   1.41194640E-02  -1.01996702E-03   2.77600624E-02  -2.46997201E-03
   1.55799063E-02  -4.81999479E-03   1.68801025E-02   2.75998865E-03
   1.38381626E-02  -4.40061267E-04   1.97498947E-02   4.15991526E-03
   1.70794558E-02  -2.78009078E-03   2.26598587E-02  -1.80011586E-04
   1.91005692E-02  -2.00245588E-04   2.13300474E-02  -3.31999571E-03
   1.89184230E-02  -1.18004042E-03   2.96299737E-02  -4.63999249E-03
   1.71000473E-02  -7.40126008E-04   2.02900246E-02  -2.82005849E-03
   1.82802919E-02   3.21007613E-03   2.10899953E-02  -7.18990900E-03
   1.75796375E-02   5.73007204E-03   1.73099916E-02  -7.76999490E-03
   2.13604476E-02   7.08018709E-03   1.89100876E-02  -4.89991065E-03
   2.20608208E-02   6.58986950E-03   2.17998605E-02  -3.86003545E-03
   2.12601554E-02   5.36020426E-03   1.70500670E-02  -8.24999437E-03
   1.90402567E-02   6.19004434E-03   1.86799560E-02  -1.52599923E-02
   2.02795938E-02   1.31901158E-02   2.03100424E-02  -9.83003434E-03
   1.66790076E-02   8.63982737E-03   1.38201173E-02  -7.83004425E-03
   1.40804825E-02   8.49002879E-03   1.90400314E-02  -7.00003188E-03
   1.68198310E-02   8.04002862E-03   1.70099791E-02  -8.89001973E-03
   1.99010000E-02   6.38994854E-03   1.55700855E-02  -9.69992485E-03
   2.16406099E-02   9.29996185E-03   1.40799750E-02  -7.07000913E-03
   1.98188666E-02   1.73099041E-02   1.65500343E-02  -4.12999373E-03
   1.72994547E-02   2.04000417E-02   1.09500559E-02  -1.40499081E-02
   1.90196149E-02   1.94001440E-02   1.02800131E-02  -7.74002355E-03
   1.65798459E-02   2.27799639E-02   1.25399111E-02  -1.67999964E-03
   1.39399236E-02   1.66399963E-02   9.48003493E-03   6.60045887E-04
   1.35992672E-02   1.96900386E-02   8.88004061E-03  -5.54995984E-03
   1.36407837E-02   1.57301910E-02   5.74998930E-03  -7.47002149E-03
   1.33408736E-02   1.73698477E-02  -2.45003216E-03  -1.27999345E-03
   1.37600973E-02   1.26899779E-02   5.60004381E-04  -1.02800047E-02
   1.24003114E-02   1.67598873E-02   3.55005730E-03  -9.77999438E-03
   1.13809332E-02   1.89700313E-02   3.38005577E-03  -1.83899477E-02
   1.19200470E-02   8.30989890E-03  -4.27002506E-03  -1.75799485E-02
   9.74065531E-03   7.01010879E-03  -6.58997986E-03  -1.38900010E-02
   6.65995199E-03  -2.75011268E-03  -1.57007226E-03  -7.07996963E-03
   3.87951010E-03  -4.60990425E-03  -5.44007961E-03  -6.36004098E-03
  -1.99956051E-03  -8.45001359E-03  -4.08004457E-03  -7.76000554E-03
  -4.53997916E-03  -5.92990452E-03   3.74991773E-03  -1.13400416E-02
  -1.60070346E-03  -2.87004677E-03   1.02800149E-02  -1.03099868E-02
  -2.99962261E-03  -4.03004978E-03   9.30027745E-04   6.99982455E-04
  -4.52110637E-03  -6.50063273E-04   7.09008984E-03   5.90992859E-03
  -9.70081519E-03   1.41995307E-03   5.30002639E-03  -1.35006243E-03
  -1.58602092E-02  -5.00999670E-03   5.64997410E-03   3.75998253E-03
  -1.77204441E-02  -2.10003834E-03   3.59996193E-04   9.42006987E-03
  -1.26798972E-02  -9.04995203E-03  -8.10037658E-04   8.91997665E-03
  -5.68217412E-03  -1.69900786E-02  -1.86009228E-03   5.33999642E-03
  -6.13944419E-03  -9.80992708E-03   3.95009294E-03   6.41001714E-03
  -4.35936544E-03  -2.50998256E-03   4.97998949E-03   8.96009244E-03
  -1.07407589E-02  -1.83993613E-03   6.73994934E-03   7.41990702E-03
  -8.42123665E-03  -6.82990160E-03   5.90080163E-04   6.29001996E-03
  -6.32037828E-03  -4.13990533E-03   2.27000308E-03   3.98992747E-03
  -1.48993237E-02  -7.46983103E-03   3.48994485E-03   1.33005425E-03
  -1.59198958E-02  -1.19498288E-02   3.95000493E-03   1.53004518E-03
  -8.50083772E-03  -8.43002088E-03  -3.80035781E-04  -3.00044718E-04
  -7.27990502E-03  -1.20300958E-02   5.79990633E-03   1.50006067E-03
  -6.94076857E-03  -1.39000788E-02   8.33004992E-03  -2.57000397E-03
  -2.59974645E-03  -1.47399055E-02   1.31499032E-02  -6.57001603E-03
  -3.30145424E-03  -1.30800251E-02   1.34800654E-02  -8.44009407E-03
   5.89993829E-03  -9.03007668E-03   1.71699878E-02  -2.05007289E-03
   5.53959841E-03  -1.58498995E-02   1.70500595E-02  -3.62003455E-03
   6.61969976E-03  -1.48500130E-02   1.46400817E-02   4.13994119E-03
   1.06053217E-03  -1.18800336E-02   1.49499662E-02   6.64998172E-03
  -3.58086918E-03  -9.10994411E-03   5.70004852E-03   1.40699856E-02
  -3.73936468E-03  -1.19201224E-02   5.31996740E-03   8.56000185E-03
  -5.73890237E-03  -4.80038754E-04   1.23099228E-02   1.12300562E-02
  -7.00494682E-04  -6.42994605E-03   5.31004276E-03   5.92003530E-03
  -4.19971673E-03  -1.14400834E-02   4.04990232E-03   1.09499609E-02
  -4.11955826E-03  -1.17198555E-02   2.17005471E-03   1.48400171E-02
  -2.00323062E-04  -9.01016593E-03   1.45000126E-03   1.32199870E-02
   9.00144340E-04  -6.34010741E-03   7.71998055E-03   1.18700117E-02
  -3.28098540E-03   5.76992752E-03   8.11003614E-03   8.36001989E-03
  -3.66042508E-03   7.97010120E-03   5.29001933E-03   8.50995444E-03
  -6.66015409E-03  -1.41998113E-03   5.76994708E-03   1.13999601E-02
  -7.23962439E-03  -1.37998350E-03  -3.78989428E-03   8.53001513E-03
  -3.37992352E-03  -1.03799868E-02  -8.20003450E-03   7.80047616E-04
   3.51961330E-03  -6.33998215E-03  -1.04899583E-02   1.59001409E-03
   2.57829274E-03  -8.33999086E-03  -6.95003662E-03  -4.54005646E-03
   4.39998182E-03  -7.76003581E-03  -8.16005375E-03  -7.76993949E-03
   7.74144754E-03   3.99907236E-04  -5.65010402E-03  -6.42000837E-03
   4.70090006E-03   5.70029020E-04  -3.47993057E-03  -8.48998036E-03
   4.00123838E-03  -1.55990000E-03   4.33004927E-03  -1.38899293E-02
   6.41946169E-03  -4.81986813E-03  -1.19956065E-04  -1.33899655E-02
   1.24398423E-02  -5.90999285E-03   4.65992605E-03  -1.09900245E-02
   1.29990056E-02  -3.53993662E-03  -1.90004834E-03  -1.24700190E-02
   1.99201386E-02  -1.56990218E-03  -1.15998192E-02  -6.08994765E-03
   1.84400678E-02   3.93998483E-03  -1.10799922E-02  -8.04993231E-03
   1.87618695E-02   7.27989804E-03  -1.38099445E-02  -7.07992446E-03
   1.72596443E-02   1.40100308E-02  -9.49000567E-03  -6.14001043E-03
   1.79005191E-02   1.91899482E-02  -6.00994239E-03  -8.00003670E-03
   2.06197780E-02   1.57600772E-02  -9.39875434E-04  -5.93000744E-03
   2.01388150E-02   1.90600064E-02  -2.97998777E-03  -8.71999748E-03
   1.81592777E-02   2.18800157E-02  -2.49999110E-03  -9.98998620E-03
   1.61403548E-02   2.26600245E-02  -4.98998398E-03  -8.23005009E-03
   1.85994469E-02   2.17902102E-02  -5.89007186E-03  -8.22997373E-03
   2.48407647E-02   1.94402765E-02  -4.25997842E-03  -1.43899815E-02
   2.67604198E-02   9.62014217E-03   6.99952594E-04  -1.06499763E-02
   2.49606296E-02   6.68992242E-03  -1.87005475E-03  -1.02993799E-03
   2.72203386E-02  -3.60180682E-04  -2.22003413E-03   3.70022259E-04
   2.88789868E-02  -3.37002240E-03   1.32013345E-03  -1.29000109E-03
   3.15000080E-02   8.30042292E-04   4.81989607E-03   2.95998016E-03
   3.09593063E-02  -2.37011770E-03   3.90005764E-03   3.71999829E-03
   3.71815339E-02  -3.40997800E-03   4.40991530E-03   7.97000155E-03
   3.88584509E-02  -6.16002409E-03   2.31997296E-03   7.22000375E-03
   3.86605673E-02  -9.42012481E-03  -2.29998538E-03   1.02799507E-02
   3.22196260E-02  -6.13982230E-03  -3.10154312E-04   8.72001518E-03
   3.38184126E-02  -1.40199251E-02  -3.36005422E-03   1.21300071E-02
   3.58207896E-02  -1.08801732E-02  -8.63989443E-03   8.83992389E-03
   3.08416020E-02  -8.61013215E-03  -1.99935414E-04   6.87997742E-03
   3.47210839E-02  -9.86012910E-03  -7.27995764E-03   1.15700047E-02
   3.92175727E-02  -1.31500307E-02  -1.06599918E-02   7.24005047E-03
   3.75792198E-02  -1.78100243E-02  -1.05798813E-02   2.69000093E-03
   3.72197740E-02  -1.61700156E-02  -4.04998334E-03   4.38996544E-03
   3.94410938E-02  -2.37197243E-02  -5.02994470E-03   3.52997473E-03
   3.77409719E-02  -1.56898852E-02  -1.19001570E-03   3.78004415E-03
   3.49799655E-02  -9.98995546E-03  -4.23005782E-03   5.20006288E-03
   3.78799252E-02  -7.74991326E-03  -1.17994158E-03  -5.59989654E-04
   4.30601388E-02   1.39001897E-03   2.28999881E-03  -1.15996483E-03
   4.33219969E-02  -2.41995929E-03   6.20996254E-03  -3.47993989E-03
   3.97791751E-02  -9.91000887E-03   6.43010344E-03  -2.95004668E-03
   4.12589237E-02  -1.27399405E-02   5.56009822E-03  -5.76005736E-03
   4.07400019E-02  -4.45993943E-03   8.60117259E-04  -4.36002715E-03
   4.06408012E-02  -5.73988259E-03   2.24004453E-03  -9.02004726E-03
   4.38813232E-02  -1.09600686E-02   2.30014179E-04  -1.05199683E-02
   4.25191559E-02  -1.12100095E-02  -4.01013670E-03  -1.19099747E-02
   4.02400047E-02  -5.57005359E-03  -3.13991518E-03  -7.62008410E-03
   4.31799069E-02  -9.41991154E-03  -5.98998880E-03  -7.73000671E-03
   3.62789817E-02  -8.39010347E-03  -6.92002755E-03  -5.21001453E-03
   3.73201258E-02  -1.26011297E-03  -4.54006391E-03  -9.09961760E-04
   3.68210822E-02   2.59988871E-03  -6.74993126E-03  -3.28001054E-03
   3.60791273E-02   4.97001596E-03  -6.08999375E-03  -6.41001435E-03
   3.57604548E-02   5.24000172E-03   1.37011951E-03  -9.12003033E-03
   3.63583118E-02  -1.14985381E-03   3.53999436E-03  -7.55007379E-03
   3.16612720E-02  -8.96008778E-03   3.43990885E-03  -3.77002172E-03
   2.94789951E-02  -1.20500391E-02  -1.95999769E-03   2.43006460E-03
   3.30991969E-02  -5.20991115E-03   2.11992627E-03   3.30992835E-03
   3.13775800E-02  -7.11983629E-03   6.10990170E-03  -2.30005919E-03
   3.15592401E-02  -2.47005606E-03   2.29994580E-03  -1.90011197E-04
   3.63993980E-02  -8.79946398E-04   2.38005491E-03  -7.90045829E-04
   3.93408611E-02  -2.47994834E-03  -1.34991645E-03  -6.83996081E-03
   3.82597931E-02   3.96012422E-03  -1.20000611E-03  -8.32999218E-03
   3.75398174E-02   6.38005836E-03   1.82007346E-03  -5.07002836E-03
   3.69593091E-02   6.27989508E-03   3.26997228E-03  -7.05002435E-03
   3.61209549E-02   6.48026261E-03   4.61000158E-03  -9.43003502E-03
   3.83408107E-02   5.73011162E-03  -8.00703128E-05  -3.50009627E-03
   4.50804867E-02   1.31999911E-03  -2.79942091E-04  -3.94000113E-03
   4.36971933E-02  -1.75002241E-03  -3.84993292E-03  -5.17998077E-03
   4.58605662E-02  -1.97997992E-03  -8.14997125E-03  -1.12199476E-02
   4.89803776E-02   5.69920230E-04  -9.20009520E-03  -1.23500377E-02
   4.73391749E-02   2.57995212E-03  -1.20100342E-02  -1.17199859E-02
   5.12194820E-02   3.05014709E-03  -6.71002641E-03  -6.17995858E-03
   5.53385317E-02   1.22001516E-02  -4.10999823E-03   9.99934855E-06
   5.72997667E-02   1.32998964E-02  -2.16009910E-03  -5.49992663E-04
   5.37993610E-02   1.05100563E-02  -1.36008579E-03  -7.39001250E-03
   5.28992079E-02   1.86298732E-02   2.44992459E-03  -1.15299867E-02
   5.62002286E-02   2.31000669E-02  -4.35003033E-03  -9.10000037E-03
   6.05789758E-02   2.33198144E-02  -8.75005592E-03  -4.99001378E-03
   5.99596947E-02   1.60801131E-02  -3.05006746E-03  -1.65004923E-03
   5.27801961E-02   2.09700111E-02  -6.09996356E-03  -8.60014989E-04
   5.59793636E-02   2.11697686E-02  -1.15500884E-02  -2.07003718E-03
   5.45006059E-02   2.26598550E-02  -8.38005729E-03  -4.84004617E-03
   5.77000566E-02   2.35198177E-02  -3.95997800E-03  -4.42004343E-03
   5.92792220E-02   2.20200494E-02   2.19000503E-03  -2.00061710E-04
   6.36982620E-02   1.81599651E-02   3.88993463E-03   6.40000100E-04
   6.10994622E-02   1.27300406E-02   7.09968968E-04  -1.03005883E-03
   5.98596856E-02   6.23004232E-03   3.60996672E-03  -1.73001515E-03
   5.70380539E-02   2.79944041E-04   1.01699727E-02  -2.50015786E-04
   5.75590655E-02  -1.01298839E-02   1.30700441E-02  -2.12999783E-03
   5.95377907E-02  -7.91992992E-03   1.17799034E-02  -7.40044343E-04
   5.25210910E-02  -2.48993654E-03   8.51994194E-03  -3.21004866E-03
   5.21381311E-02   1.90002471E-03   1.41700935E-02  -3.19001381E-03
   4.90193516E-02  -3.76986549E-03   1.63600501E-02  -2.38002976E-03
   4.90382798E-02  -9.02017672E-03   2.21800655E-02  -8.80994275E-03
   5.19585125E-02  -2.27013160E-03   1.81699693E-02  -1.26300119E-02
   5.37788160E-02  -2.27984367E-03   2.46700216E-02  -8.78006127E-03
   5.39002009E-02   2.14989460E-03   2.42799688E-02  -2.86002154E-03
   5.78192472E-02   3.79984791E-04   2.42400095E-02   2.40994291E-03
   5.75585663E-02   4.27998416E-03   1.80099979E-02   6.30020630E-04
   5.50990701E-02   4.99982620E-03   1.93199869E-02   1.50992244E-03
   5.53008579E-02   8.57001729E-03   1.52700543E-02  -1.64998870E-03
   5.51788062E-02   5.83016500E-03   1.27598774E-02   4.78003221E-03
   5.81405275E-02   3.50984326E-03   7.07012881E-03   2.20995839E-03
   5.90798147E-02   1.12498477E-02  -5.19950408E-04   9.38995276E-03
   6.35214821E-02   1.00202300E-02  -1.32002891E-03   5.48997289E-03
   7.29566738E-02   5.89993363E-03  -9.60004050E-04   2.57003331E-03
   7.18585178E-02   1.21400040E-02  -3.02003743E-03   8.99954757E-04
   7.08998591E-02   1.10399043E-02   5.79899875E-04   3.67000792E-03
   7.24420920E-02   3.46996565E-03   2.39946516E-04   1.13500152E-02
   7.57981092E-02   8.16003699E-03  -2.35003233E-03   1.21600442E-02
   8.20396990E-02   1.52001092E-02  -6.30986877E-03   1.33700231E-02
   8.71199295E-02   1.68100446E-02   3.49920650E-04   1.19899698E-02
   8.32201615E-02   1.59902219E-02   4.56990441E-03   4.83996933E-03
   8.29370096E-02   1.73899140E-02   2.43996829E-03   3.54001694E-03
   7.95584172E-02   2.47599743E-02   6.68006949E-03   4.44005150E-03
   8.05413947E-02   2.16098484E-02   7.85994343E-03   5.88996988E-03
   8.55199695E-02   1.69500560E-02   5.75995352E-03   8.17000028E-03
   8.74989405E-02   2.49700714E-02   2.95001012E-03   1.05800107E-02
   8.64186287E-02   2.08498556E-02  -7.34005123E-03   7.80011714E-03
   8.82390514E-02   1.64101925E-02  -6.70000259E-03   6.01001736E-03
   8.70996341E-02   2.20999867E-02  -1.56995037E-03   1.23499958E-02
   8.90389904E-02   2.76398100E-02  -6.17999397E-03   6.41003810E-03
   9.15189907E-02   2.20800713E-02  -7.33004231E-03   4.24000295E-03
   8.80999789E-02   2.18700431E-02  -3.56001593E-03   9.00055689E-04
   9.22786817E-02   1.91401187E-02  -7.44992401E-03  -2.65994132E-03
   9.30802971E-02   9.60008241E-03  -2.17002793E-03  -1.53005205E-03
   8.72399881E-02   2.61996081E-03  -3.54002416E-03  -3.52004706E-03
   8.80780667E-02   1.83008041E-03  -6.34996593E-03  -1.07003248E-03
   8.91407654E-02  -5.66000817E-03  -7.41008343E-03   2.31002527E-03
   9.39803049E-02  -6.94997516E-03  -1.77799668E-02   3.06004263E-03
   9.93207842E-02  -1.77500714E-02  -1.77100804E-02  -1.89997419E-03
   9.85398293E-02  -1.33400485E-02  -2.07400285E-02  -3.66001832E-03
  0.102779791      -1.36900200E-02  -2.04401314E-02  -2.55000684E-03
   9.94389802E-02  -9.22981091E-03  -2.31401175E-02  -1.71006238E-03
   9.84190479E-02  -1.27000501E-02  -1.93599723E-02  -1.10399211E-02
   9.79382619E-02  -1.58099290E-02  -1.51898619E-02  -7.43003935E-03
  0.101559699      -1.36300297E-02  -1.57399662E-02  -5.20001631E-03
  0.101779774      -2.14400254E-02  -7.55010406E-03  -5.28000807E-03
   9.89212319E-02  -1.13400808E-02  -3.71999224E-03  -7.66002014E-03
   9.55174491E-02  -1.10798609E-02   5.60005079E-04  -8.73992871E-03
   9.77386385E-02  -9.28000081E-03   1.57012150E-03  -1.41200097E-02
  0.102159455      -1.51298828E-02  -3.26990802E-03  -1.28300013E-02
  0.101483241      -7.76990410E-03   5.89969684E-04  -1.07299574E-02
  0.101338454      -1.39299007E-02  -3.80004029E-04  -2.23000511E-03
   9.71001983E-02  -1.63700785E-02  -4.38990863E-03  -1.01999275E-03
   9.71163511E-02  -2.09300425E-02   7.39968033E-04   2.29002791E-03
   9.60004255E-02  -1.27901090E-02   6.90994086E-03   3.48994508E-03
  0.101278678      -4.04004846E-03   6.93997322E-03   5.65992901E-03
   9.70015600E-02   1.69829902E-04   1.09900879E-02   7.33009912E-03
   9.92202759E-02  -8.71995091E-03   8.62997305E-03   8.19938665E-04
   9.58583131E-02  -1.57099962E-02   6.03009481E-03   3.47000500E-03
   9.82401446E-02  -2.00099275E-02   2.81997211E-03   6.12996379E-03
  0.100879528      -1.81698985E-02   3.13989283E-03   9.10996739E-03
  0.101501420      -1.49500025E-02   2.32998142E-03   7.70000974E-03
  0.101602748      -1.00198453E-02  -3.84997600E-03   7.55995978E-03
   9.60411951E-02  -3.51990666E-03  -3.93006951E-03   4.61004116E-03
   9.32014510E-02  -1.54998293E-03  -2.78990529E-03   1.00006897E-03
   8.94585624E-02  -7.27016525E-03   9.10073402E-04  -2.35994300E-03
   9.33600664E-02  -4.92007099E-03   5.94010670E-03  -3.82001209E-03
   9.91012529E-02  -1.42399194E-02   4.23003687E-03  -5.21000847E-03
   9.83201787E-02  -1.95201598E-02  -3.49980168E-04  -6.19995268E-03
   9.81987119E-02  -2.03499682E-02   1.05299251E-02  -1.64003228E-03
   9.92806703E-02  -1.78500228E-02   7.47001125E-03   6.43999735E-03
   9.70385671E-02  -9.25003458E-03   5.69002656E-03   6.06999220E-03
   9.74976793E-02  -1.35298176E-02   4.15010890E-03   1.12700127E-02
   9.04183611E-02  -1.42001435E-02  -9.42004099E-03   1.34000154E-02
   8.56622607E-02  -8.28986894E-03  -7.19000772E-03   9.66999214E-03
   8.53186548E-02  -1.72200743E-02   1.11013267E-03   1.34100113E-02
   8.29383805E-02  -2.50198524E-02   1.16993487E-03   1.17399646E-02
   8.50411505E-02  -2.52401438E-02  -1.58004556E-03   1.02399662E-02
   8.35623890E-02  -1.99901890E-02  -3.36006982E-03   8.18001200E-03
   8.64985436E-02  -1.31798815E-02  -5.12995757E-03   2.86005274E-03
   8.70595425E-02  -3.42996209E-03  -2.70005688E-03   7.21004279E-03
   8.76415893E-02  -1.71016180E-03  -3.70997749E-03   1.10099968E-02
   8.91005695E-02  -5.76990703E-03   2.30998499E-03   1.03199920E-02
   9.34788659E-02   8.43988173E-03   9.66004282E-03   7.20064039E-04
   9.51406509E-02   4.59953560E-04   1.33900307E-02   3.39953753E-04
  0.100239225      -5.93012013E-03   1.05499933E-02   3.43999849E-03
  0.105240062      -4.02974337E-03   1.11899488E-02  -6.80009602E-04
  0.102020442       3.51999723E-03   1.22199925E-02  -5.00997901E-03
   9.93176624E-02   2.09969265E-04   6.78002089E-03  -1.03400368E-02
   9.86799896E-02   1.89998280E-03   3.83989327E-03  -3.56999924E-03
  0.100816093      -8.96999985E-03   1.60000788E-03  -6.63001137E-03
  0.102499828      -7.10994983E-03   1.40010414E-03  -1.07996550E-03
  0.108397849      -8.79003853E-03   3.73009546E-03   3.71994474E-03
  0.112298451      -7.45010143E-03  -6.69978501E-04   1.77000614E-03
  0.108958818      -1.24701625E-02  -1.18900435E-02   4.20002034E-03
  0.104539670      -2.13199332E-02  -1.06100487E-02  -3.12997075E-03
   9.74196345E-02  -3.00600715E-02  -9.85991769E-03   3.19002732E-03
   9.51384827E-02  -3.25199030E-02  -1.06499372E-02   5.25997672E-03
   9.60809365E-02  -3.54199186E-02  -1.53999487E-02   4.19007894E-03
   9.19177309E-02  -3.26999836E-02  -1.33500705E-02   1.34997745E-03
   9.68990922E-02  -2.74399817E-02  -1.41499322E-02   4.99924819E-04
   9.82209891E-02  -3.12001146E-02  -1.16799111E-02  -1.10011606E-04
  0.103440255      -3.22598964E-02  -1.20600602E-02   5.13005070E-03
  0.103499144      -3.11399996E-02  -2.05999054E-03   1.08003092E-03
  0.107162006      -2.62600873E-02  -2.16014381E-03  -5.97996451E-03
  0.111122444      -3.00499983E-02  -4.14994452E-03  -3.31998989E-03
  0.110178158      -2.68199872E-02  -5.89005835E-03  -1.04987773E-03
  0.113179803      -1.83199141E-02  -7.89003167E-03   3.33009497E-03
  0.114378460      -1.16899768E-02  -1.24201123E-02   6.67001680E-03
  0.117319621      -1.05698472E-02  -8.33997782E-03   5.06996736E-03
  0.116420493      -1.32400291E-02  -1.83990202E-03   1.84998615E-03
  0.116579488      -1.60800051E-02  -6.28996128E-03  -6.99990313E-04
  0.116457932      -1.71499383E-02  -5.72001049E-03   9.49985115E-04
  0.114482246      -1.45200677E-02   1.85998005E-03   2.70052755E-04
  0.114578024      -1.55799743E-02   3.16005619E-03   9.44995601E-03
  0.111361749      -1.63000654E-02   3.16985650E-03   6.93995971E-03
  0.111041285      -1.46100540E-02   2.62002670E-03   8.27992335E-03
  0.114440717      -1.19100604E-02   5.50996466E-03   6.73997076E-03
  0.117499575      -1.04499813E-02   1.24001887E-03   5.24998736E-03
  0.118442193      -1.80900712E-02  -5.12994034E-03   4.29001031E-03
  0.120577760      -2.12099720E-02  -3.10120580E-04   1.19989552E-03
  0.127400517      -2.03499459E-02  -2.57996283E-03   7.92001560E-03
  0.122339152      -1.56598371E-02  -4.89966827E-04   7.30003836E-03
  0.117381543      -1.46598555E-02  -4.15999070E-03   1.59099437E-02
  0.113199897      -1.54399332E-02  -6.74000289E-03   1.70699731E-02
  0.114837617      -1.50998030E-02  -1.04100564E-02   1.03700291E-02
  0.111341551      -1.46203078E-02  -3.41984374E-03   1.19399559E-02
  0.113377184      -1.76501218E-02  -2.03999714E-03   8.85005668E-03
  0.111237392      -2.00699605E-02  -8.21999367E-03   2.52995593E-03
  0.111899041      -3.04700434E-02  -1.77001767E-03   5.83999511E-03
  0.114500627      -3.19099128E-02  -8.29909521E-04   2.34996970E-03
  0.114517927      -2.90298294E-02  -4.68005612E-03   7.40019954E-04
  0.109701894      -2.92899292E-02  -5.87996701E-03  -7.90026621E-04
  0.108959109      -2.91198585E-02  -6.60002884E-03  -4.89997817E-03
  0.110857382      -2.45701205E-02  -2.80999672E-03  -6.41000457E-03
  0.113660626      -3.18100229E-02  -6.48000231E-03  -5.28997742E-03
  0.108958974      -3.56800072E-02  -7.70001719E-03   1.29002018E-03
  0.107299887      -3.95800434E-02  -3.01998947E-03  -5.08995960E-03
  0.106779657      -3.45099866E-02   2.51004426E-03  -5.04992157E-03
  0.108678684      -3.33501399E-02  -8.90996493E-03  -1.35990616E-03
  0.109441049      -2.79399827E-02  -6.32009655E-03  -2.97000143E-03
  0.111460470      -2.17199530E-02  -8.20006337E-03  -2.13997858E-03
  0.111279503      -2.06400268E-02  -6.01000851E-03   2.90006772E-03
  0.116678484      -1.60899088E-02  -6.59000175E-03  -4.28997912E-03
  0.117259517      -1.82800759E-02  -1.03199836E-02  -1.71003689E-03
  0.113558441      -1.75601058E-02  -1.66101810E-02  -1.86001160E-03
  0.105018348      -2.17499994E-02  -9.79007408E-03  -2.08001351E-03
  0.104820684      -2.78500151E-02  -8.14995263E-03  -1.61003112E-03
  0.105740406      -2.69400440E-02  -1.39198964E-02  -1.65008532E-03
  0.102701172      -2.29900591E-02  -1.95299089E-02  -7.00002536E-03
   9.97411162E-02  -2.74000093E-02  -1.69599112E-02  -6.08997326E-03
  0.101339012      -2.81301048E-02  -1.11399638E-02  -5.17004309E-03
  0.102759808      -2.70799212E-02  -1.09299216E-02  -4.28001815E-03
  0.108257957      -2.22099815E-02  -1.09100668E-02  -1.10100321E-02
  0.106016792      -2.38500517E-02  -1.81299914E-02  -8.55003111E-03
  0.101599611      -2.23200750E-02  -1.91600583E-02  -3.02999141E-03
  0.105160311      -1.89701635E-02  -1.10000614E-02  -2.80011620E-04
  0.104697987      -1.93899330E-02  -9.81006306E-03  -5.59999095E-03
  0.103441268      -2.29001567E-02  -6.59996364E-03  -2.26002210E-03
  0.104900703      -2.71299202E-02   5.59974695E-04  -5.02995914E-03
  0.101640157      -2.47600488E-02  -3.31991725E-03  -1.19300075E-02
  0.101440355      -2.43699905E-02  -8.85002501E-03  -6.60997815E-03
  0.102460414      -1.96501072E-02  -1.33698862E-02  -9.14995186E-03
  0.104861699      -1.57499425E-02  -1.11899069E-02  -3.02001345E-03
  0.102661006      -1.06300851E-02  -1.00900754E-02  -2.33003404E-03
  0.105599843      -2.96985172E-03  -1.02699557E-02   1.03005848E-03
  0.102700055       2.60022492E-03  -1.32700549E-02   3.23004997E-03
  0.105740368       6.79007173E-03  -1.23999016E-02   8.88995547E-03
  0.108318709       4.47002752E-03  -1.00400113E-02   3.91994789E-03
  0.117000744       1.29098641E-02  -9.98995639E-03   7.63001526E-03
  0.117281221       1.46502694E-02  -9.01005603E-03   2.94004497E-03
  0.118938886       1.57699566E-02  -5.44000464E-03   7.67003186E-03
  0.120380268       9.04023089E-03  -2.74996366E-03   4.50001936E-03
  0.117701478       6.04997016E-03   3.59894009E-04   1.94001617E-03
  0.117780104      -3.23996786E-03  -3.59994406E-03   6.42998936E-03
  0.116940260      -4.73004952E-03  -1.26993842E-03   4.29998152E-04
  0.118078858      -2.48006359E-03   3.30998446E-03   4.45000827E-03
  0.120140463      -2.50214041E-04   3.77997477E-03   8.10001884E-03
  0.124400012       7.26006832E-03   4.48999694E-03   1.17699765E-02
  0.123161480       5.56001673E-03   2.70996219E-03   1.39199449E-02
  0.122380942      -1.54013233E-03  -1.96998799E-03   7.74000771E-03
  0.121299200      -1.17200296E-02  -1.67003181E-03   8.56000744E-03
  0.122618660      -1.03501128E-02  -5.71002625E-03   1.41999824E-02
  0.119339913      -9.77997296E-03  -1.81006989E-03   1.39800487E-02
  0.122400776      -8.27004574E-03  -8.70991684E-03   8.66998360E-03
  0.119181469      -7.85006210E-03  -1.60599425E-02   5.40003704E-04
  0.113538273      -1.34999268E-02  -5.77997137E-03   7.95998890E-03
  0.120119773      -1.45199606E-02  -4.83996468E-03  -1.14991562E-03
  0.122380018      -1.63599923E-02  -3.58002866E-03  -4.73995786E-03
  0.117441386      -1.12198610E-02  -1.78995053E-03  -4.76007257E-03
  0.115717240      -1.01600681E-02   1.79997715E-03  -3.60002043E-03
  0.115518965      -1.80298649E-02   9.00374143E-05   3.44998459E-03
  0.119159564      -1.44900503E-02  -3.20007699E-03   5.98003156E-03
  0.120922238      -7.84016959E-03   3.59999062E-03   1.77999015E-03
  0.122278109      -6.46991516E-03   5.70007833E-03  -4.41002147E-03
  0.121338867      -6.60996232E-03   8.15993734E-03  -9.10001807E-03
  0.122316740      -1.09899528E-02   3.04988306E-03  -1.02100102E-02
  0.121641017      -1.15300650E-02   3.75990104E-03  -1.13700144E-02
  0.121336959      -9.81998071E-03   6.90014102E-03  -1.00300023E-02
  0.118400775      -3.43984552E-03   4.53002378E-03  -1.05200130E-02
  0.116838031      -9.40053957E-04   1.57993927E-03  -8.18004552E-03
  0.115960993      -6.47997949E-03  -2.57010083E-03  -7.43995234E-03
  0.119260892       2.33996566E-03   2.38988665E-03  -7.72999972E-03
  0.114297308      -2.25996412E-03   2.93004536E-03  -3.43003962E-03
  0.112818100      -1.52988289E-03  -2.31991010E-03   5.01997350E-03
  0.114680722      -4.19850985E-04  -8.13006051E-03   1.20051569E-04
  0.116680637       5.20997774E-03  -7.64994370E-03  -1.57999096E-03
  0.109959349       5.21993684E-03  -6.80994289E-03  -6.14000252E-03
  0.109859414       1.45000340E-02  -9.95997712E-03   2.52998364E-03
  0.104480982       1.05401026E-02  -4.80004866E-03   4.22995910E-03
  0.104719698       1.42399268E-02  -9.45992116E-03   2.89996999E-04
  0.106262334       1.55300731E-02  -1.18100038E-02   3.27994744E-03
  0.103860699       1.75499413E-02  -1.54100629E-02  -4.37999517E-03
  0.103860542       1.40000908E-02  -1.78298727E-02  -3.83003615E-03
  0.101259418       1.65198073E-02  -2.12899707E-02  -4.00000159E-03
  0.105559170       1.86399836E-02  -2.02200022E-02  -3.41002084E-03
   9.91596058E-02   2.37199999E-02  -1.53699042E-02  -2.79979780E-04
   9.90808606E-02   2.51099262E-02  -2.14499943E-02  -5.09991776E-04
  0.102459311       3.20900828E-02  -2.17899438E-02   7.09936721E-04
  0.103820980       3.47201526E-02  -1.80300511E-02  -2.70000775E-04
   9.74010378E-02   3.57701294E-02  -2.14300398E-02  -5.85998595E-03
   9.78014544E-02   3.94299366E-02  -2.27999575E-02  -8.66000820E-03
   9.64412391E-02   3.61301862E-02  -2.79500615E-02  -1.94006367E-03
   9.95204076E-02   3.25700901E-02  -2.76200064E-02  -7.99938571E-05
   9.62806195E-02   2.95798108E-02  -2.88500506E-02   5.61999995E-03
   9.67033133E-02   2.63598971E-02  -2.29099449E-02  -4.25995793E-03
   9.29969400E-02   2.75699422E-02  -2.09600199E-02  -3.29001341E-03
   9.32595879E-02   2.88399253E-02  -1.75099894E-02  -1.84003660E-03
   9.76386219E-02   2.90199574E-02  -1.39899254E-02  -8.26001726E-03
   9.98200998E-02   2.71997489E-02  -1.59500651E-02  -5.66001469E-03
   9.92994606E-02   2.38898266E-02  -2.02500634E-02  -4.91999229E-03
   9.52997729E-02   1.71900950E-02  -1.66900586E-02  -4.64000041E-03
   9.93189141E-02   1.23397792E-02  -1.07100513E-02  -7.78000988E-03
   9.42180753E-02   1.34301521E-02   4.00923309E-05  -3.49989394E-04
   9.60595906E-02   1.00498954E-02  -3.23011074E-03  -2.96996045E-03
   9.89435837E-02   1.40700703E-02   1.72994030E-03   4.62990534E-03
   9.98790860E-02   1.10698594E-02   6.50002738E-04   7.47999316E-03
   9.80243534E-02   1.00600077E-02  -3.41000734E-03   5.50995581E-03
   9.25016701E-02   8.81017465E-03  -5.64000010E-03   6.72001485E-03
   8.95602033E-02   6.89011440E-03  -8.71993601E-03   1.51799759E-02
   8.55393708E-02   9.70055466E-04   3.29977862E-04   1.39499288E-02
   8.45382884E-02   2.90024705E-04   4.76993155E-03   7.56998500E-03
   8.32596943E-02   4.24014404E-03   4.21997439E-03   4.49000951E-03
   8.09004456E-02   4.43004258E-03   4.12001647E-03   3.66001506E-03
   8.13994184E-02   3.78003833E-03   5.29011944E-03   3.43988673E-03
   8.14222172E-02   9.52992495E-03   6.16998551E-03   2.24002451E-03
   8.64776149E-02   1.41001353E-02  -1.73012796E-03   3.36994464E-03
   8.28616619E-02   8.60069122E-04  -4.53998195E-03   7.56993517E-03
   8.13393071E-02   8.80992692E-03  -4.52004839E-03   3.30002367E-04
   8.07181895E-02   1.35298315E-02  -1.80998049E-03  -1.34003826E-03
   7.82588497E-02   1.78999919E-02   6.60994370E-03  -5.14004752E-03
   7.91600570E-02   2.44899597E-02   5.35997562E-03  -4.21004882E-03
   7.66803920E-02   2.88298577E-02   2.94999103E-03   3.24002630E-03
   7.60595575E-02   3.58000696E-02  -2.07010750E-03   1.71995279E-03
   7.52006471E-02   3.16599198E-02  -7.95004517E-03   2.97002122E-03
   7.89022669E-02   2.73701213E-02  -5.67001058E-03   2.34001805E-03
   7.66597167E-02   2.31599882E-02  -5.90007612E-03  -7.69969309E-04
   7.51025230E-02   2.19700262E-02  -6.48000743E-03  -6.33996353E-03
   7.62791410E-02   1.41900536E-02  -6.27004309E-03  -4.38993052E-03
   7.50444159E-02   1.44199803E-02  -2.00060604E-05   3.06002120E-03
   7.24203512E-02   1.60800125E-02   1.24000141E-03   5.04002720E-03
   7.61845261E-02   1.55901434E-02  -1.68005435E-03  -2.25999486E-03
   7.56016672E-02   1.86501369E-02   1.31003174E-03   4.35998850E-03
   8.04210901E-02   1.69899017E-02   8.64995550E-03   8.16999003E-03
   7.76197687E-02   1.95498765E-02  -3.68992263E-03   3.59919242E-04
   7.13006556E-02   1.04901288E-02  -1.24999322E-02  -4.24999977E-03
   6.76405579E-02   2.44986732E-03  -6.83994964E-03  -5.03003737E-03
   6.74226880E-02  -3.78985261E-03  -3.99998017E-03   3.99934797E-05
   6.58577085E-02   1.51002314E-03   1.76003715E-03  -7.75004737E-03
   7.43016228E-02   1.80008053E-03   4.06013243E-03  -7.07997242E-03
   7.51407295E-02  -6.22982299E-03   5.46993222E-03  -6.99001271E-03
   7.65615329E-02  -5.01016853E-03  -5.70038217E-04  -5.60007105E-03
   7.63600543E-02  -7.07996916E-03   9.00034676E-04  -8.89991934E-04
   7.49811605E-02  -6.90006698E-03   8.41997936E-03  -1.67001341E-03
   7.48418570E-02  -2.05996772E-03   1.74992136E-03   4.61001787E-03
   7.50832707E-02  -3.22001521E-03  -2.17992812E-03   1.75993657E-03
   7.39597753E-02  -5.67996223E-03   4.39876108E-04   6.71999110E-03
   7.68010169E-02  -1.54980842E-03   2.20996770E-03   7.94997346E-03
   8.41203630E-02  -1.07998191E-03   7.84009043E-03   9.80002340E-03
   8.37813839E-02  -2.72005168E-03   8.58992990E-03   1.10999523E-02
   8.84401575E-02  -3.22996057E-03   1.40299108E-02   9.00433806E-05
   8.76995474E-02   2.16024090E-03   1.13699920E-02   3.79000744E-03
   8.45013931E-02   1.95017247E-03   5.07995533E-03  -9.99965006E-04
   8.29810351E-02   5.85984625E-03   1.54994091E-03   2.85004033E-03
   8.32812786E-02   1.01101156E-02  -8.20002332E-03   4.79955110E-04
   8.21625814E-02   5.33992797E-03  -9.34987515E-03   6.64998125E-03
   8.37007314E-02   2.44005490E-03  -1.43998154E-02   7.16000050E-03
   8.28008875E-02   4.02001478E-03  -1.27198873E-02   6.42003678E-03
   8.32011774E-02   2.90989876E-03  -1.19003013E-03   1.35001470E-03
   8.75432342E-02  -6.90029119E-04   2.79835484E-04   3.00003449E-03
   8.36593285E-02  -1.93996634E-03   1.06001564E-03   2.19997368E-03
   7.79015049E-02  -4.42007743E-03   3.89923720E-04  -1.33001443E-03
   8.17803890E-02  -5.78015484E-03  -4.02012607E-03  -4.59997496E-03
   8.06414634E-02  -2.53997464E-03  -6.42994419E-03  -3.44992685E-03
   7.85214230E-02   4.89931728E-04  -3.37010203E-03  -6.65002223E-03
   8.08193609E-02  -1.17007457E-03   8.00000224E-03  -4.37004166E-03
   7.42191300E-02  -1.82019675E-03   3.05996090E-03   2.68001854E-03
   7.56000206E-02  -1.53995119E-03   3.67988762E-03  -6.10000629E-04
   7.45101199E-02   9.79953911E-04   5.94999455E-03   4.92994254E-03
   7.29902163E-02   1.59006449E-03   9.04009584E-03   7.05002947E-03
   7.39099458E-02   1.05801821E-02   1.22701451E-02   2.26000580E-03
   7.66273290E-02   1.04600508E-02   1.00398678E-02  -2.50001717E-03
   7.54505768E-02   1.22300889E-02   7.87994731E-03   1.15996157E-03
   7.35915825E-02   8.88993032E-03   7.69995293E-03  -2.17002560E-03
   6.76093474E-02  -1.23990246E-03   1.50400531E-02  -2.16998998E-03
   6.40897378E-02   7.94996135E-03   1.51399877E-02   3.20002227E-03
   6.08286597E-02   4.06999327E-03   1.43600004E-02   3.94004351E-03
   6.50269315E-02  -6.70046196E-04   7.88000505E-03   3.31997126E-03
   6.46879449E-02  -5.21989726E-03   8.61996505E-03   1.00046425E-04
   6.31934106E-02  -4.85009467E-03   9.34998691E-03   5.86998044E-03
   6.17909618E-02  -5.27986605E-03   2.72008171E-03   6.11993158E-03
   6.03477769E-02  -4.22986923E-03   1.34099899E-02   8.05993006E-03
   5.53322025E-02  -3.85020697E-03   1.52499741E-02   1.07599981E-02
   5.81711009E-02  -6.31003361E-03   1.33499950E-02   1.79599617E-02
   5.48498333E-02  -4.30985261E-03   9.33995377E-03   1.88700370E-02
   5.77110201E-02   8.00066977E-04   1.41700041E-02   1.91699602E-02
   5.76096438E-02   1.85000035E-03   1.43300397E-02   6.14001369E-03
   6.22317679E-02   1.55201200E-02   2.58700028E-02   7.98001699E-03
   6.35292381E-02   9.31991450E-03   2.22399235E-02   4.93998919E-03
   6.15300052E-02   1.00092089E-04   1.66799538E-02   3.91995953E-03
   6.19287640E-02   3.87994247E-03   1.60200391E-02   3.92989861E-03
   5.90537116E-02   5.80012752E-03   1.90499760E-02   3.02999537E-03
   5.88303767E-02  -2.93994928E-03   6.31997595E-03   2.13997997E-03
   5.42708859E-02  -1.17101334E-02   2.86011118E-03  -2.49000918E-03
   5.81296571E-02  -8.78984202E-03  -2.02998007E-03  -2.04000575E-03
   6.18524887E-02  -7.80007895E-03  -5.39894565E-04   5.20072295E-04
   6.32497892E-02  -1.66201144E-02  -2.59002252E-03   1.54997921E-03
   6.12717718E-02  -1.84100922E-02  -2.75998027E-03  -3.05999373E-03
   6.11717775E-02  -1.13000777E-02  -5.64997224E-03  -8.50993861E-03
   5.87724783E-02  -1.54298544E-02  -5.56999398E-03  -9.55000427E-03
   6.35299832E-02  -1.80402044E-02  -1.01800114E-02  -7.66999414E-03
   6.81912675E-02  -1.52701093E-02  -1.52800577E-02  -1.23700052E-02
   7.38886595E-02  -1.73700936E-02  -9.66996141E-03  -1.07900267E-02
   7.34078065E-02  -1.33799231E-02  -7.99010880E-03  -1.47400210E-02
   7.39100352E-02  -5.41003095E-03  -7.94994179E-03  -8.72005709E-03
   7.13480562E-02  -5.08989161E-03  -6.43004943E-03  -1.16899647E-02
   7.47514963E-02  -6.16983185E-03  -8.33010674E-03  -1.98799614E-02
   7.04705566E-02  -4.15990502E-03  -8.28997418E-03  -1.57000497E-02
   6.98713511E-02  -5.16006444E-03  -7.12010683E-03  -1.06800757E-02
   6.56893849E-02  -3.71986581E-03  -1.33100795E-02  -1.19399596E-02
   6.64499551E-02   2.04987591E-03  -2.11800653E-02  -4.57000174E-03
   6.38321340E-02   2.15005572E-03  -2.15200521E-02  -9.20049322E-04
   6.55699447E-02   6.59988401E-03  -2.09301207E-02   7.69978331E-04
   6.41893074E-02   6.67005870E-03  -2.08998881E-02   9.47004464E-03
   6.40481934E-02   8.75004940E-03  -1.97099894E-02   7.40993582E-03
   6.30493760E-02   1.03100333E-02  -1.65000856E-02   8.26005824E-03
   5.96702434E-02   1.09400610E-02  -9.57005471E-03   7.68996961E-03
   6.23120964E-02   1.15990627E-03  -5.72007056E-03   1.15899788E-02
   5.73860891E-02  -1.49899046E-04  -1.37799643E-02   1.24499202E-02
   5.73127978E-02  -4.26978990E-03  -1.21401167E-02   1.13100372E-02
   5.46915196E-02   2.08982104E-03  -1.19099710E-02   7.01998919E-03
   5.18693700E-02   6.58015627E-03  -9.04992223E-03   1.25400266E-02
   5.09290211E-02   5.77982981E-03  -8.91995057E-03   9.89997201E-03
   5.21086752E-02   5.91011811E-03  -8.79972242E-04   1.50899617E-02
   4.91105989E-02   3.33988294E-03   4.38007247E-03   1.39799556E-02
   4.60495315E-02  -1.99989462E-03   6.51998352E-03   1.37099996E-02
   4.70090955E-02   2.48981686E-03  -7.90022255E-04   1.21599669E-02
   4.40692157E-02   3.94001603E-03  -2.38001510E-03   1.62000153E-02
   3.89502682E-02   8.92027188E-03  -7.60997878E-03   1.62599757E-02
   3.71102244E-02   9.13006067E-03  -1.79900397E-02   1.79499798E-02
   3.58324349E-02   9.51003004E-03  -1.65199116E-02   1.63799897E-02
   3.23505886E-02   1.14099244E-02  -1.01800440E-02   1.41000338E-02
   3.04894280E-02   4.95020347E-03  -4.00993694E-03   1.31599763E-02
   3.51707637E-02  -8.90049036E-04  -7.18008447E-03   1.12005323E-03
   3.61298360E-02   2.48011085E-03  -3.73996189E-03  -2.75006960E-03
   3.37688364E-02   5.51007967E-03  -1.90013758E-04  -2.17003934E-03
   3.66700068E-02   6.74999040E-03   5.18992217E-03  -1.16001023E-03
   3.47508788E-02   2.84994440E-03   8.66998453E-03  -5.76997316E-03
   3.81109752E-02   2.92981090E-03   1.35599924E-02  -1.02500124E-02
   4.15910520E-02   5.04994160E-03   1.54299643E-02  -7.60001596E-03
   3.99676040E-02   6.02006866E-03   1.57099757E-02  -9.13006254E-03
   3.55528668E-02  -2.99936888E-04   6.18012203E-03  -1.04499990E-02
   3.40707563E-02  -1.15002051E-03   3.69011983E-03  -9.11004189E-03
   2.71113310E-02  -5.32994280E-03  -3.52000957E-03  -5.60000213E-03
   3.19508836E-02  -1.39011955E-03  -1.38008303E-03  -3.11002973E-03
   3.63299288E-02   3.39997793E-03   1.35011331E-03  -2.35000160E-03
   3.74931619E-02   1.72999431E-03  -4.49008960E-03   6.09997136E-04
   4.18262407E-02  -3.19974497E-04  -1.07003632E-03  -7.01998128E-03
   4.36902009E-02   2.07011378E-03  -1.61013089E-03  -3.75001598E-03
   4.51705903E-02   3.08010075E-03  -3.31001519E-03  -1.51998154E-03
   4.10312936E-02   3.05010471E-03   1.56004704E-03   1.35009305E-03
   4.45126630E-02   4.20003897E-03   3.75007396E-03   4.95001441E-03
   4.46297675E-02   8.79996922E-03  -5.04994346E-03   6.71005016E-03
   4.68321815E-02   1.40201328E-02  -2.92990706E-03   2.39006127E-03
   4.82931696E-02   1.89200528E-02  -6.77989377E-03   3.20004276E-03
   4.70506698E-02   2.24199872E-02  -9.26999282E-03   4.54006298E-03
   4.55907956E-02   2.28998866E-02  -1.70100722E-02   9.86992847E-03
   4.31077741E-02   2.03999337E-02  -1.81899574E-02   1.19700013E-02
   4.00695093E-02   1.35400118E-02  -1.90299507E-02   1.36400070E-02
   3.67464647E-02   1.11000082E-02  -2.45599989E-02   9.41000879E-03
   4.07292210E-02   1.04989635E-03  -2.10799389E-02   2.57998658E-03
   4.14908491E-02   4.38994123E-03  -2.28800420E-02   2.60997307E-03
   3.86913717E-02  -3.60098376E-04  -2.34599654E-02   3.94001650E-03
   3.84696163E-02   4.35006199E-03  -2.28100065E-02   6.91995537E-03
   3.68276872E-02  -2.49933306E-04  -1.66000500E-02   6.81995228E-03
   4.20487188E-02  -3.82993137E-03  -1.35399485E-02   8.02003313E-03
   4.01329994E-02   3.77005315E-03  -1.12100458E-02   3.83001100E-03
   3.96112241E-02   4.04000795E-03  -1.40200462E-02   8.32005218E-03
   3.65079008E-02   1.56992977E-03  -9.88004915E-03   4.13998216E-03
   3.92275117E-02   6.29006885E-03  -4.18994157E-03  -2.50039448E-04
   3.82502638E-02   1.91989739E-03  -2.95997364E-03   2.85001611E-03
   3.35902199E-02   2.59003928E-03  -2.94011715E-03  -5.19001717E-03
   3.51099744E-02   5.22001460E-03  -3.05004162E-03  -9.35989618E-03
   3.67094874E-02   4.50004637E-03  -6.49995450E-03  -3.81001132E-03
   3.77515741E-02   1.48698539E-02  -5.22996997E-03  -9.58003104E-03
   3.94716971E-02   1.38699850E-02  -1.25798816E-02  -1.00299548E-02
   3.50684412E-02   1.23100448E-02  -5.46001503E-03  -6.93998113E-03
   3.55104245E-02   1.30599216E-02  -5.37997810E-03  -5.99995907E-03
   3.93120535E-02   1.10301580E-02  -6.63002348E-03  -1.99996331E-03
   3.92878987E-02   1.56498868E-02  -5.68993250E-03  -3.33004468E-03
   3.85720469E-02   1.65198408E-02  -5.18996362E-03  -6.00034953E-04
   3.72303948E-02   1.55999865E-02   5.89908392E-04   1.68994965E-03
   4.05891463E-02   1.62500218E-02   3.59922706E-04  -2.19998439E-03
   4.02501859E-02   6.22001244E-03  -3.36006656E-03  -1.92994904E-03
   3.73134539E-02   5.83996577E-03  -2.29977202E-04  -3.80000006E-03
   4.00512964E-02   1.09300790E-02   3.00523679E-05  -7.10001914E-03
   3.07067782E-02   8.18989240E-03  -1.67006592E-03  -5.91998175E-03
   3.01874913E-02  -3.29851289E-04  -7.43002957E-03   3.36000440E-03
   3.11503690E-02   8.70222226E-04  -4.12993878E-03   4.74004028E-03
   2.96681821E-02   2.23973277E-03  -4.53996891E-03   1.37994334E-03
   2.52529010E-02   9.40070197E-04  -1.01900771E-02  -2.71001784E-03
   2.67318524E-02  -1.61006418E-03  -4.23008762E-03   1.19000638E-03
   2.54938919E-02  -1.03006163E-03  -7.59996893E-03   1.17999420E-03
   2.80264635E-02  -1.17100338E-02  -1.08099561E-02  -2.16999580E-03
   2.45292149E-02  -2.92013981E-03  -1.20399911E-02  -1.67002645E-03
   2.43301541E-02   2.69013643E-03  -1.35099450E-02   1.97004015E-03
   2.82118525E-02   2.10121623E-04  -1.53299067E-02  -7.09001301E-03
   2.92877704E-02   8.22020415E-03  -1.59600452E-02  -8.39955988E-04
   2.78325267E-02   9.17999633E-03  -1.76599380E-02   8.70036893E-04
   2.53311414E-02   1.11199263E-02  -1.98299065E-02  -2.90999212E-03
   2.39127073E-02   3.89973586E-03  -1.59598738E-02   6.78993808E-03
   2.43894570E-02   1.84001110E-03  -1.68399382E-02   2.59996974E-03
   1.89502183E-02   1.27979333E-03  -1.43901119E-02   6.36996375E-03
   2.35316604E-02   1.87992770E-03  -1.09299803E-02   7.33999209E-03
   2.17304938E-02  -2.74008582E-03  -1.14900088E-02   1.41997053E-03
   2.40909047E-02   7.89928366E-04  -7.66008580E-03  -3.80995614E-03
   2.25899071E-02  -2.60998518E-03  -8.12999718E-03  -2.85000145E-03
   1.71502624E-02  -8.05991236E-03  -4.91000386E-03  -5.68001019E-03
   2.54090149E-02  -4.96996846E-03  -1.19300047E-02  -7.32005946E-03
   2.43293997E-02  -4.96003078E-03  -2.40110036E-04  -1.15002261E-03
   2.44909786E-02  -6.82986714E-03  -5.17008500E-03   1.49997044E-03
   2.12731864E-02  -4.00008820E-03  -1.56199019E-02   1.61999569E-03
   2.61493362E-02   2.80996086E-03  -1.30499061E-02  -2.75000697E-03
   2.83882767E-02   5.03993407E-03  -1.14900265E-02  -3.36005446E-03
   2.48087477E-02   8.79993942E-03  -7.84003828E-03  -3.50000756E-03
   3.16305794E-02   3.86995543E-03  -5.57003263E-03  -6.53002597E-03
   3.20109054E-02   2.54012016E-03  -5.49992500E-03  -8.99001025E-03
   2.96104588E-02   4.30009374E-03  -2.68003321E-03  -2.13994854E-03
   3.72733772E-02   2.10008165E-03   2.96998955E-03  -5.03997505E-03
   4.02489230E-02  -9.10078408E-04  -4.50002588E-03  -8.86998139E-03
   4.05910946E-02  -4.99206653E-05  -3.53994896E-03  -3.22994962E-03
   4.60292213E-02   2.00999621E-03  -2.81992974E-03  -4.40997630E-03
   4.31919061E-02   6.75999932E-03  -8.37997347E-03  -3.97999724E-03
   4.10083421E-02   1.41008233E-03  -6.19001035E-03  -5.13002276E-03
   3.79491076E-02  -3.15999473E-03  -3.90008348E-03  -3.72001575E-03
   3.70893888E-02   8.17982387E-03  -1.11100581E-02  -5.99001348E-03
   3.36319581E-02   4.13998403E-03  -1.61699094E-02  -5.00996644E-03
   3.34713012E-02   4.02988214E-03  -1.92201287E-02  -6.71001896E-03
   3.29923891E-02   3.20007955E-03  -1.93699729E-02  -1.60399657E-02
   3.61496136E-02  -3.30010429E-04  -2.00300962E-02  -1.94100998E-02
   4.30270135E-02  -8.48008879E-03  -1.30400499E-02  -1.93500370E-02
   3.83309722E-02  -7.67017156E-03  -1.10400263E-02  -1.39899645E-02
   3.72920819E-02  -6.42996561E-03  -1.83200650E-02  -1.07100233E-02
   3.74714695E-02  -4.46001254E-03  -9.48004611E-03  -1.42500158E-02
   4.03085984E-02   7.49800238E-04  -7.36006023E-03  -1.14800222E-02
   3.96322235E-02   7.30034080E-04   6.60146470E-04  -1.08699724E-02
   3.62286717E-02  -1.74001802E-03   2.91013415E-03  -1.86199546E-02
   3.45075503E-02  -8.19990411E-03   6.73001958E-03  -1.33399544E-02
   3.72708626E-02  -8.10041500E-04  -2.78001139E-03  -1.43700521E-02
   3.82879600E-02  -7.12013943E-03  -1.37200020E-02  -4.48999926E-03
   3.58508304E-02  -1.03199631E-02  -1.53100919E-02  -2.27998430E-03
   3.32913511E-02  -1.28498869E-02  -1.68799330E-02   1.11100217E-02
   3.56505737E-02  -5.79985790E-03  -2.11499743E-02   1.02399951E-02
   3.26915123E-02  -1.81999686E-03  -2.21400540E-02   2.44995533E-03
   3.29296961E-02  -1.05901929E-02  -1.80900246E-02   8.59998632E-03
   3.22317965E-02  -5.89989405E-03  -1.85099058E-02   1.21300220E-02
   3.54689956E-02  -1.58700831E-02  -5.80011075E-03   5.77997789E-03
   3.79514918E-02  -2.30798516E-02  -4.92991833E-03  -4.01998824E-03
   3.86102498E-02  -2.14499310E-02  -2.08992139E-03  -5.75988367E-03
   3.97477821E-02  -2.19099857E-02   3.99978744E-04  -6.37996336E-03
   3.69510092E-02  -1.84201971E-02   2.03012070E-03  -7.30023719E-04
   3.75490636E-02  -2.42199656E-02   7.48998765E-03   3.72004346E-03
   3.63881439E-02  -1.77398976E-02   5.72006358E-03   3.39995720E-03
   3.15932631E-02  -1.82400495E-02   5.62007492E-03  -2.06998992E-03
   2.83320732E-02  -1.92901716E-02   5.65993832E-03  -1.32000842E-03
   3.02681159E-02  -2.37400308E-02   7.95986410E-03  -1.83996907E-03
   3.79121713E-02  -1.61396842E-02   2.72991112E-03   2.55998038E-03
   3.81499752E-02  -1.04100090E-02   4.58008703E-03   2.54000677E-03
   4.00098525E-02  -7.80985598E-03  -5.20031550E-04   3.01002595E-03
   4.08893675E-02  -5.53990761E-03  -2.51008105E-03   6.22993335E-03
   3.91921625E-02  -8.10995512E-03   4.60002339E-03   6.26997743E-03
   3.52266170E-02  -9.63014457E-03   5.38995489E-03   2.57996540E-03
   2.96511706E-02  -4.88003343E-03   8.52007698E-03   1.02998677E-03
   3.01499907E-02  -1.45500964E-02   1.81698781E-02  -1.80998130E-03
   3.04929782E-02  -1.38302324E-02   1.76900588E-02  -9.25004389E-03
   2.83696093E-02  -1.50399329E-02   1.74499210E-02  -9.65005253E-03
   2.59702187E-02  -1.24599347E-02   9.98002198E-03  -6.52007479E-03
   2.93302573E-02  -7.08010001E-03   3.05000646E-03  -5.25002461E-03
   2.92329248E-02  -1.44983619E-03   1.00500826E-02   2.60022993E-04
   2.92711370E-02  -1.89007772E-03   6.50008721E-03  -2.02003168E-03
   3.29335704E-02  -2.50149576E-04   2.80004740E-03   3.42997094E-03
   3.53279933E-02  -1.96010363E-03  -7.09935906E-04   1.93999568E-03
   3.35932262E-02   4.72986093E-03  -1.09935005E-04   6.44004298E-03
   3.79664451E-02   7.42003601E-03  -6.49892492E-04   7.48003135E-03
   3.74906175E-02   4.01991280E-03   1.85999391E-03   1.01400148E-02
   3.82094234E-02   9.97994188E-03   2.16007652E-03   1.19298939E-02
   3.78927998E-02   1.41399177E-02   4.68001608E-03   1.18499808E-02
   3.61905321E-02   1.43299783E-02   8.91998503E-03   1.09199909E-02
   4.10902612E-02   1.19600846E-02   1.28298812E-02   7.18003046E-03
   4.47899997E-02   1.49600655E-02   6.76994771E-03   7.32003758E-03
   3.83716524E-02   1.27799008E-02   6.29993621E-04   8.81002378E-03
   3.81342098E-02   1.04199778E-02   5.76999504E-03   5.14003541E-03
   3.91872302E-02   1.76300816E-02   2.36002170E-03   1.15699954E-02
   4.38289307E-02   1.93101130E-02   1.92999560E-03   1.34100122E-02
   4.23289090E-02   3.00400481E-02   5.40988334E-03   1.70900393E-02
   4.35102880E-02   1.72901284E-02   6.18984550E-03   1.11699589E-02
   4.24731858E-02   1.42499544E-02   1.70999335E-03   1.02200909E-02
   3.77464406E-02   1.37499170E-02   3.33012873E-03   1.33002491E-03
   3.95508595E-02   1.19401859E-02   1.96006941E-03  -1.90000306E-03
   3.50495428E-02   1.58501919E-02  -1.06002274E-03   4.01998591E-03
   3.37509401E-02   1.02401152E-02   6.10004971E-03   3.89999687E-03
   2.87090521E-02   1.94299407E-02   4.99001052E-03   2.29995977E-03
   2.81884354E-02   1.58399418E-02   8.90018651E-04   5.81000280E-03
