   0.00000000       0.00000000       0.00000000       0.00000000    
  -3.80009413E-04   3.84998322E-03  -4.49985266E-04   2.18001008E-03
  -2.95200348E-02   2.65499353E-02   5.45001030E-03   5.40006161E-03
  -2.27203369E-02   2.94601917E-02   1.48999691E-02   4.83012199E-03
  -3.39193344E-02  -3.89027596E-03  -6.07998371E-02  -4.48501110E-02
  -8.13937187E-03  -4.79698181E-04  -3.87904644E-02 -0.138069987    
 -0.103919983       6.72910213E-02 -0.149839997      -3.94400358E-02
 -0.159780264      0.131210208      -4.56306934E-02   7.10016489E-03
 -0.144640446       7.91710615E-02  -9.69803333E-02   5.53098917E-02
 -0.200319409      0.114202142       6.94996417E-02  0.141809762    
 -0.285520554      0.227659017      0.262071431      0.128239647    
 -0.561883926      0.153507859      0.281908572      0.224080712    
 -0.364558995       8.57985616E-02  0.117550269      0.322040081    
 -0.278099626      0.114539862      -3.15597951E-02  0.191709951    
  -9.87219363E-02   8.88787061E-02  0.157037735       8.28004330E-02
 -0.184722424      0.218871459      -3.91882211E-02  0.193189889    
 -0.284236133      0.501099586      0.222756997       2.22395696E-02
 -0.667000294      0.582540631      0.405190170       8.43098685E-02
 -0.469204307      0.962905824      0.434320688      0.193739191    
 -0.339922518      0.566038072      -7.05592781E-02  0.362050653    
 -0.354401469      0.403825760     -0.239398032      0.272529602    
  -3.17196250E-02  0.595112085     -0.160842568      0.424720436    
  -5.88784218E-02  0.504228115     -0.122661039      0.548881173    
  -5.83367944E-02  0.641239882     -0.162318677      0.589978993    
 -0.357675731      0.768040419     -0.124963790      0.407431781    
 -0.331256628      0.789757609     -0.208928108      0.313319802    
 -0.114163056      0.922316492      0.123376206      0.353788972    
  -4.51921225E-02  0.781750321      0.178710267      0.214679778    
 -0.192229748      0.468353093      0.379750401      0.373480737    
 -0.198832989      0.478733778      0.349137545      0.227119863    
 -0.751774669      0.692419946      0.611232877      0.307658404    
 -0.397202015      0.600493908      0.506029487       9.99987498E-02
 -0.157846212       1.16260672       9.22884569E-02  0.351440966    
 -0.513048530      0.815065145     -0.138327599      0.486370921    
 -0.433050632      0.754320621     -0.435540855      0.285400271    
  -1.11218846       1.37436819     -0.338787645      0.242431641    
  -1.70897698       1.73098469      -1.48488879E-02  0.434218228    
  -1.37563825       1.97291410       3.68485302E-02  0.252259672    
  -1.68353152       2.21837044     -0.763019741      0.281519413    
  -1.66931248       2.69759703     -0.210828900      0.238099605    
  -2.51875496       1.90180695     -0.653548002     -0.121079989    
  -1.25037360       2.20912910     -0.383633554       5.07497266E-02
  -2.51312065       2.24203253     -0.432790160      -5.23918122E-03
  -4.09146595       2.16825366     -0.331573546     -0.213800907    
  -3.79045677       1.16872740     -0.292987585       3.29308845E-02
  -3.49173331      0.797579944     -0.268040687      -9.87208262E-02
  -5.04347324      0.820346117     -0.472841084     -0.162249342    
  -4.24646091      0.885619760     -0.663830757     -0.163360342    
  -5.43078518      0.912381649      -1.11512744     -0.180900574    
  -5.26007652       1.74286020     -0.698807359     -0.360819340    
  -5.27763987      0.922183990     -0.785171390     -0.556959867    
  -5.57349730      0.653610706      0.130222321     -0.623310924    
  -5.79920149      0.449415028      -2.46913284E-02 -0.166070521    
  -5.34600210      0.801534235       2.62672082E-02  -4.27016616E-02
  -6.62996006       1.07649636     -0.101800308      0.110730067    
  -7.17987442       1.34069622      0.346588969       5.46802059E-02
  -7.66522598       1.44353878       8.42426047E-02  0.308330238    
  -6.03509331       1.11312151     -0.205371320      0.350441068    
  -5.38157654       1.26619315     -0.139914036      0.472810030    
  -4.15565968       1.81036210     -0.209610999      0.504399478    
  -3.94076085       2.47811151     -0.898902118      0.605350494    
  -5.03196049       2.17808270     -0.697858810      0.503128350    
  -3.55313039       1.22222292     -0.334121168      0.355269492    
  -4.13740349      0.829968333     -0.632440507      0.463960052    
  -3.71277308       1.36915159     -0.345421314      0.656950355    
  -3.97007942      0.490509957     -0.394970417      0.475171864    
  -4.49141359      0.304641724     -0.416224837      0.505317688    
  -3.47045588     -0.565426171      0.455568522      0.857309699    
  -2.24580145      0.260462850      0.638373315      0.559241235    
 -0.988586187       1.35497749E-02  0.858030975      0.345911443    
 -0.888152897      0.332990170      0.939521670      0.421729505    
 -0.155471474     -0.517321646       1.07361031      0.506610930    
   1.08859658     -0.319716930      0.599340439      0.261000097    
   1.28557301      -5.48354983E-02   1.14888835       6.23703748E-02
   2.82275677E-03 -0.289359301       1.13090038       4.29299772E-02
  0.134930164     -0.933480084      0.486761600     -0.236609876    
  -1.17087817      -1.45931208     -0.164249465     -0.496639073    
 -0.217881918      -1.72937131       9.58686396E-02 -0.217188597    
  -1.52942026      -1.67123687      0.283717394     -0.353687584    
  0.567571163      -1.86088800      -4.63490486E-02  0.204470575    
  0.656887829      -2.83714461     -0.165242225      0.138879895    
   2.07952523      -3.04606032     -0.371258855       3.43811661E-02
   3.05180359      -2.10400987     -0.469464600      0.134000957    
   2.85792851      -3.29001069     -0.432740331      0.178308934    
   3.18677402      -3.59750795     -0.662611127      0.106609449    
   4.68606997      -2.85250711     -0.624077082      0.196370393    
   5.44532347      -2.68754816     -0.766454041       3.45607847E-02
   4.10859251      -3.29779983     -0.753402650       3.51989269E-03
   2.90985322      -2.37071586     -0.744498730      0.194500297    
   3.13015795      -1.48191404     -0.517421603      -8.57837498E-04
   1.71376252      -1.53845620       3.96311730E-02  0.138179302    
  -1.19561625      0.191756338     -0.141179949      0.426082432    
  -2.94470787      0.197093010       1.20806098E-02  0.176740497    
  -3.12394571      0.541393042      -6.20532781E-02  0.343679845    
  -4.95289183      -8.13572407E-02 -0.262250721      0.337351561    
  -7.22483635      0.254402369     -0.426606774      0.565540493    
  -8.97709751      0.196595609     -0.221345335      0.677711725    
  -10.4116316     -0.109061062      -3.29409689E-02  0.588569224    
  -12.0777121     -0.657917619      -8.58293027E-02  0.694380343    
  -12.0328598     -0.178451359     -0.532380462      0.382610559    
  -14.9159698      -5.41882515E-02 -0.978718758      0.525440276    
  -16.9432659     -0.759308457     -0.993961811      0.589507997    
  -15.9538488      -1.43724608     -0.949199557      0.759718657    
  -18.7671051      -1.50038242     -0.996451855      0.615509331    
  -20.6680717      -1.22367632     -0.837121367      0.425300598    
  -17.6703415     -0.912733138     -0.790423870      0.523150444    
  -17.9771137      -1.36458123     -0.433182120      0.544850588    
  -20.7251759      0.253807724      -1.14992213      0.492060602    
  -20.0785446     -0.154095709      -1.10296047      0.605379820    
  -22.3425980     -0.232285678     -0.914507627      0.476159513    
  -21.5119133      0.260264277     -0.533556402      0.127919853    
  -24.4916248     -0.238958031     -0.173031300      0.299120784    
  -25.1878204      -1.01621497      0.218317345      -3.12117636E-02
  -27.5399685     -0.885159314       3.22805271E-02   5.03918529E-02
  -27.4103851     -0.645273209       6.04326129E-02  0.217249140    
  -25.9931297     -0.779869735      0.444639921      0.297270805    
  -23.3654366      -1.52065456      0.735119581      0.396711886    
  -26.2119370      -1.51966262      0.990588188      0.555239975    
  -25.5424557      -1.69053495      0.865802824      0.362978578    
  -27.4932842      -3.36489749      0.987169027      0.359711826    
  -28.3242970      -2.67323494      0.975237131      -5.63393533E-02
  -20.9158649      -3.33616376       1.03418851       4.71806154E-02
  -20.2077904      -3.68077731      0.369256854      0.430908203    
  -21.9787731      -3.56940722     -0.162527233      0.431859195    
  -22.9966221      -4.40239477     -0.252330720      0.480568677    
  -23.4895668      -4.98766232     -0.136709765      0.443779767    
  -24.5717564      -5.85178757      -4.17394340E-02  0.140031040    
  -26.5910473      -7.07139492      0.382438034      -6.54706433E-02
  -25.6080170      -6.20534992      0.700187266      -9.39587206E-02
  -23.4906235      -5.20460749      0.571011901     -0.370158970    
  -23.4772320      -6.23783875      0.320255607     -0.315179706    
  -24.1744823      -6.61386204      0.549620628     -0.604407847    
  -23.8175735      -5.74573135      0.564910054     -0.526069164    
  -25.8558769      -6.34013367      0.653648376     -0.365821600    
  -24.5088711      -5.04691696       1.26956010     -0.585988104    
  -27.4374542      -4.20950174       1.80428183     -0.738700211    
  -27.2166348      -3.81484652       1.93603849     -0.537239611    
  -30.9241390      -3.00170469       2.26439476      0.161780477    
  -26.0488148      -3.84093571       2.19022083      0.200660095    
  -28.3822899      -4.43449068       1.74361300      -1.56420171E-02
  -31.9914894      -3.42071724       1.47094798      -6.17095679E-02
  -33.4662209      -3.36948776       1.46359372     -0.252877891    
  -31.0270462      -2.16596413       1.71304142     -0.552860081    
  -31.7068310      -3.05020618       1.74716127     -0.336279899    
  -28.6566811      -3.79687691       1.40627348     -0.528748989    
  -26.7397156      -3.37807083       1.50396729     -0.283150136    
  -26.0833530      -2.01648760       1.09083843     -0.222530425    
  -24.9219570      -3.41111493      0.599480569     -0.331870198    
  -27.4148693      -4.71825075       1.12529111     -0.447071016    
  -25.1242027      -3.87675595       1.59603167     -0.334630370    
  -24.8227711      -4.30076647       1.66894245     -0.375901699    
  -27.2283974      -4.35362291       1.12184298       1.16387755E-02
  -29.5867176      -4.41941023      0.742658436      -6.02611452E-02
  -26.6054955      -4.43226480      0.633649468     -0.226609051    
  -27.4120064      -3.68767381      0.875120521     -0.283071786    
  -32.5923920      -4.13101482      0.447332382      -9.81287211E-02
  -37.4398384      -3.26799536      0.480902702      0.166600376    
  -38.3466911      -4.76513004      0.116480500      -7.41987154E-02
  -36.8852539      -5.89069986     -0.432280809      -2.58902460E-02
  -40.1473694      -6.63716316     -0.571050227       1.85004175E-02
  -45.4308243      -5.74306536     -0.517383456      0.161490604    
  -44.0940552      -5.92057133     -0.666460276      0.126069158    
  -46.6322975      -4.80684280     -0.156590551      0.379910111    
  -42.1433792      -4.89226389     -0.107951447       1.97788626E-02
  -36.9026527      -4.30792665     -0.256222218       8.06957483E-03
  -39.4732780      -4.37037134      -7.16876090E-02  0.380738914    
  -34.0219536      -5.33628368     -0.451800376      0.524719596    
  -28.1406269      -4.78873968      0.115820974      0.336549878    
  -26.3086529      -4.79117203     -0.261196464      0.225769415    
  -23.0237331      -5.50867558     -0.397022218      0.243880048    
  -20.2638073      -4.25047588      0.165465206     -0.124171451    
  -15.1648369      -3.62272143     -0.543150663      0.334009886    
  -13.3391895      -2.85643959     -0.555932403      0.497290552    
  -21.8056240      -2.35429072      -1.05597270      0.700030267    
  -25.8983765      -1.55751634      -1.40436852      0.748800278    
  -24.1784744      -5.95627129E-02  -1.16673768      0.749901652    
  -29.0237713      0.325819731     -0.984608412      0.824479997    
  -31.6267071      0.811514020     -0.946267128      0.713759780    
  -26.9249477      0.891138434      -1.31267881      0.607261598    
  -23.3970757       1.94524348      -1.19049191      0.505649805    
  -19.8289566       1.05951369      -1.47218013      0.823131680    
  -22.5529480       1.60420358      -1.35899365      0.877612293    
  -24.4222450       1.75526357     -0.905810952      0.755330026    
  -22.4115295       2.12084794     -0.857029557      0.747090578    
  -23.3714752       2.48534966     -0.221490502      0.999310255    
  -18.5028534       2.31937933     -0.666391373       1.40894866    
  -19.8023701       2.44858885      -9.95910913E-03  0.895219564    
  -19.6778717       1.90681911      0.412829280      0.544159472    
  -14.9533367       1.90869761      0.551990986      0.444620728    
  -18.5343876       2.22302175       1.00742364      0.340040624    
  -18.8214664       1.83117962       7.63230622E-02  0.613320291    
  -22.3030109       1.38042188      0.234911978      0.366899759    
  -19.0381374       2.48121572      0.526038170      0.155919343    
  -18.8073578       3.18709135      0.830419779      -1.21998265E-02
  -18.3460140       3.25504947      0.910943091     -0.164150819    
  -18.8057556       2.09807158      0.479927570       5.51097095E-03
  -14.5257053       1.01869786      0.516839504     -0.264340192    
  -12.3993511      0.550588131      0.522139549      -2.65115649E-02
  -9.40824890       1.23076665      0.443001688      0.290439427    
  -15.3022909       1.68436909      0.852900386       9.33607519E-02
  -19.7304783       1.43737793       1.47477639      0.101208538    
  -14.2229109      0.909511626       1.32479048      0.115031146    
  -18.3664150      0.278552800       2.01358247       6.62101507E-02
  -11.9780226     -0.932098567       1.56486821      0.260129690    
  -6.52529240      -1.51117969      0.884126186      0.179999262    
  -6.66174793      -2.70464706       1.06888008      0.317209840    
  -6.94545746      -1.92781711      0.719824135      0.112689681    
  -7.67394066      -1.67389512      0.972510278      0.220969945    
 -0.643743038      -3.30461168       1.06764054       6.90998510E-02
   1.01305866      -3.66848993      0.787398934       7.70312771E-02
   3.61660457      -4.14332104       1.02845144      -9.61987674E-03
   7.59934807      -3.43575835       1.14431334      0.216139197    
   8.95877457      -3.33162880       1.22939956      0.110620849    
   13.0066147      -4.06930351      0.912550628       1.08199939E-02
   12.5379486      -3.47601891       1.08957481       5.17391562E-02
   15.1389589      -3.34540939      0.935579300      -5.82077354E-03
   17.7108688      -3.25726056      0.868226171       7.41380602E-02
   17.6867790      -1.32023942       1.33831823      0.261581719    
   15.4142246     -0.867711782       1.45762908      -1.39690787E-02
   8.87154579      -1.90474510       1.26807094     -0.237329945    
   6.55405045      -2.34466362       1.85655034     -0.269817650    
  0.310187340      -1.96006107       1.58095694      -9.99791771E-02
  -8.06586266      -2.34971762       1.17231846     -0.284420013    
  -14.3562803      -1.61285663       1.04960001       5.51200733E-02
  -10.3503637      -1.17142594       1.22900045      0.228558108    
  -12.1715927      -2.01462412      0.717868149      -5.58696017E-02
  -14.5759640      -2.23229408      0.594439864     -0.192339689    
  -16.8431053      -2.33816266      0.237242967     -0.374088973    
  -16.0803833      -2.55971837      0.127529263     -0.362898529    
  -14.1460447      -1.61081624      -8.33895802E-03 -0.122319646    
  -19.8164978      -1.14101303     -0.997689724     -0.183040693    
  -19.9557533     -0.404076964      -1.02450109     -0.307858288    
  -20.0118389      -6.89023137E-02 -0.585201025     -0.317599177    
  -23.8161201     -0.466285706     -0.207121834     -0.194819629    
  -19.7718391      0.860249877      0.100026004     -0.193129897    
  -25.8536873      0.677893341     -0.307193935     -0.278660655    
  -27.6202583     -0.337835670     -0.575228274     -0.623379588    
  -22.0987740     -0.689042628     -0.463420451     -0.569409251    
  -21.6612759      0.339700550     -0.286600947     -0.747329950    
  -15.7469625      0.867061496     -0.136333585     -0.892319083    
  -15.2233267       2.32465601      0.250397950     -0.639599741    
  -14.1138296       2.55094957      0.403437912     -0.513210416    
  -17.9313965       2.58406210      0.476264775     -0.254589081    
  -11.8838558      0.405794203      0.285618156     -0.549450517    
  -14.7208147     -0.187120318       9.00173634E-02 -0.782250643    
  -19.5954933      -5.29958606E-02  0.360740095     -0.701700866    
  -17.4125061     -0.916147113      0.199730799     -0.530618310    
  -15.6600380     -0.567728341      0.326407105     -0.314019978    
  -13.2901735      -5.04994392E-03  0.282963932     -0.199199602    
  -15.5310173      0.416404098      0.185388282      -5.58693409E-02
  -12.7451782       1.16891146       5.95400184E-02  -2.38000154E-02
  -11.8698893      0.344498813      -8.58817697E-02 -0.275500596    
  -13.9951267     -0.809342861     -0.128836006     -0.299749732    
  -16.2937279     -0.521778643      0.184607536     -0.582679927    
  -23.6146069      -1.10461533       2.44120210E-02 -0.405959427    
  -16.1449146      -2.14276767      0.160391286     -0.125958323    
  -6.64880228      -2.42317200     -0.469348907      0.113490738    
  -12.2696152      -1.95553875      -1.27267718      -2.60899514E-02
  -10.3683472      -1.54216027      -1.34062815      0.152041346    
  -14.8972054      -1.09025812      -1.69133747      0.340010524    
  -15.4815598     -0.887247026      -1.88259912      0.583848238    
  -17.4381542      -6.29871190E-02  -2.57071543      0.490958631    
  -25.3188820      0.152419806      -2.05474234      0.902878642    
  -26.8265705      0.431962043      -2.28649426       1.21539032    
  -25.6640072       6.90050721E-02  -1.40322900      0.928628266    
  -27.6929035     -0.174664676      -1.29621637      0.798838675    
  -31.2500668       9.99529958E-02  -1.39266253      0.960251033    
  -31.1695004      0.197864801     -0.776280880      0.597560942    
  -39.7417412      0.168142140     -0.938148081      0.500790775    
  -45.4845390     -0.352912724     -0.414411068      0.485041976    
  -40.2170486     -0.695105195     -0.502700925      0.488130212    
  -35.4789810     -0.543519557     -0.252587438      0.322010040    
  -36.4680023      -1.31398141      -8.47151875E-03  0.240688920    
  -38.2394524     -0.673499167     -0.387012005      0.553201675    
  -38.9922066     -0.169099092     -0.719389439      0.593470037    
  -44.1702423     -0.190093637     -0.759960055      0.518059254    
  -42.7468834      0.636073470     -0.813231707      0.328429073    
  -50.7412682      0.839657664     -0.487481296      0.313210428    
  -48.5914116       1.43194580      -9.36913565E-02  0.198000461    
  -45.6369705      0.765311599       1.81053579E-03  0.113529168    
  -47.0557556      0.799374998     -0.911176682     -0.105788186    
  -45.8849716      0.904592812      -1.25407922     -0.270901918    
  -39.1170387      0.606300473      -1.50035024     -0.142219588    
  -51.9180946      0.911853194      -1.53447104     -0.264540076    
  -48.0356064      0.892263651      -1.21839035     -0.199938715    
  -47.2376633      0.723792315     -0.984379768      -4.50615436E-02
  -47.7774506       1.57414961     -0.899222374     -0.233069479    
  -46.4959526       1.13925028     -0.730056286      -3.76693755E-02
  -43.5210342      0.268574595     -0.867082596     -0.284788549    
  -32.1470718      0.704286337     -0.898140788     -0.447788358    
  -34.3706665      0.141865373     -0.799000502     -0.248951375    
  -35.8232117     -0.528970540     -0.873314023      -7.39805549E-02
  -32.7004166     -0.270323813     -0.572122574      0.249060363    
  -29.6247101      0.692802131     -0.339844227      0.301551044    
  -21.7987862      0.111639977     -0.260149240      0.168991536    
  -20.2982903      0.632124960     -0.411310256      0.155110091    
  -26.9217567      0.784612894     -0.419289261      -1.83690637E-02
  -28.1538124      0.993513227     -0.425390571     -0.184940442    
  -26.0441113       1.86742246E-02 -0.390651703     -0.242530450    
  -28.7819290      0.557917118     -0.942310989      -6.00183308E-02
  -24.3921719     -0.174389243     -0.830548644      -3.31809223E-02
  -13.4477406      0.131671935     -0.623071730      0.165022641    
  -9.44033909      0.178919137     -0.535030067      0.188869074    
  -13.0619755     -0.765824914     -0.899670482       9.89423171E-02
  -7.88722801      -1.29380798     -0.614008427       5.65799251E-02
  -7.72866869     -0.318464756     -0.874959350     -0.319352508    
  -8.34692860      0.231081486      -5.13010621E-02  -3.69585454E-02
  -14.6788063     -0.365540028      0.640540242     -0.345167816    
  -15.4814997       1.28479600E-02   1.32928813       6.14056736E-03
  -14.8834839      0.426994622       1.82799709     -0.369250536    
  -11.2356348      -1.99915659       1.38362455     -0.317399263    
  -19.6775970      -1.66454530       1.45410705     -0.146439388    
  -20.4341278      -1.49564648       1.42107975     -0.327779710    
  -17.4809723      -1.42610693       1.36148822     -0.119959161    
  -19.0187492      -1.89951992       1.72019064       5.65608889E-02
  -20.6675873      -2.26531553       1.15255165      0.477359176    
  -19.3772507      -1.46192503       1.42809010      0.338232279    
  -19.0470467      -1.38496161      0.987388611      0.323850155    
  -24.9922295     -0.948307753       1.28575158      0.289040297    
  -20.3042011     -0.790940046       1.44662166       7.54590929E-02
  -21.4137840     -0.819091201       1.07490683     -0.259352207    
  -26.0962734      0.192434728      0.654261470     -0.473478615    
  -25.8018227      -2.10781395E-02 -0.107010201     -0.430491209    
  -25.8600426     -0.397662997     -0.441278994     -0.418529510    
  -34.6490593      -7.95193613E-02  -1.61163658E-02 -0.460360557    
  -32.4814339     -0.111121058      0.654270053     -0.441729397    
  -24.7778244     -0.362634659      0.681208789      -5.29011115E-02
  -25.0961266      0.413359404      0.642580986      0.154089063    
  -23.7869015       1.61032343      0.781308889      -6.97699636E-02
  -31.3281059       2.43406343      0.742169142     -0.448210120    
  -28.8135357       2.07099700      0.808045506     -0.623522222    
  -29.9084015       1.20364821       1.41090345     -0.711601853    
  -36.6112900      0.263840854       1.80281842     -0.906841576    
  -36.9804268      0.913387120       1.47312009     -0.752848864    
  -34.0766754      0.436626196       1.41089034     -0.725190043    
  -27.0860291      0.915576100      0.905107856     -0.391940475    
  -23.2517490      0.425857782       1.14158022     -0.448099822    
  -28.9386215       1.04324770      0.957549810     -0.408840537    
  -26.8958206       1.18969762      0.887838244     -0.574889004    
  -27.8060303       1.06141925      0.571312904     -0.933000207    
  -31.8219261      0.545572758      0.581229746     -0.781290650    
  -35.1062202     -0.363041580      0.426345110     -0.620458663    
  -43.9721298     -0.740162849      0.671061456     -0.563940227    
  -44.6099129     -0.781179011      0.766740620     -0.643401027    
  -44.6472397     -0.178315908       1.54677093     -0.794338942    
  -37.7967377     -0.140278757       1.27405918     -0.469550788    
  -35.9851265      0.327118278       1.03910828     -0.378440857    
  -44.1120415       1.52670598       1.13365149      -6.51028752E-03
  -57.0764809      0.857505679       1.12303865     -0.126629084    
  -59.1082458      0.652580619       1.45945108      0.140500128    
  -60.6136360      0.831895649      0.961259127      0.601261616    
  -49.2843170      0.444363743      0.716372609      0.787660420    
  -38.9511948     -0.366073728      0.420299113      0.763080955    
  -39.9978104      0.772398174      0.601970315      0.556608021    
  -44.1351433       1.53779697      0.504656971      0.999981582    
  -47.7416344       2.30665612      0.639921069       1.02160144    
  -40.9689178       1.69290519      0.241250470      0.489709616    
  -34.5624008       1.30734730      0.431095243      0.222988382    
  -37.0883064       1.43127036      0.229331002      0.184569895    
  -32.8586388      0.586424232      0.202133417       5.24102598E-02
  -25.4648876      0.133289188     -0.260480374      -7.49999732E-02
  -26.9797554     -0.541041136      0.287079513     -0.319078594    
  -33.3509216      -1.54399610      0.275570989     -0.230031386    
  -26.7997780      -2.02197933      0.733454764     -0.683969140    
  -29.8431606      -2.00770473      0.782982469     -0.753460467    
  -31.4757938      -1.85337496      0.814451098     -0.287288964    
  -20.8354244      -2.14712405      0.518710017     -0.285800278    
  -24.2305012      -1.53792882      0.609780192      0.115440711    
  -27.6478043     -0.516828060      0.577869296     -0.184270009    
  -30.0157204     -0.331970394      0.429781258      0.173369884    
  -34.4640541     -0.615330815      0.277544260      0.271001279    
  -32.5150681      0.178383261      0.337089896      0.404110670    
  -15.8234615     -0.867728353      -8.70315880E-02  0.383862257    
  -23.3726273     -0.424904615      -1.07695758E-02  0.595290601    
  -27.8607407     -0.673220754     -0.199906752      0.391100645    
  -21.3405266     -0.223331958      0.637090087      0.219019949    
  -31.2156448      -1.17454696      0.468463540      0.201049760    
  -34.5088730      0.128469765      0.633607268      0.245298475    
  -33.6762276      0.890860558      0.365227133      0.165048793    
  -30.9759293     -0.186084539      0.465969265      0.334620535    
  -15.9461603     -0.171239376      0.157373250      0.200230807    
  -20.5799408      -1.48182857      0.406638980      -3.42004076E-02
  -14.2365599      -1.70584023      0.350350171       1.30508915E-02
  -21.0411453      -2.36663294      0.274988979      -4.38391194E-02
  -11.4096231      -1.48500097      0.265143752      -8.82284120E-02
  -9.81123352       3.75255048E-02  0.399287939     -0.168539718    
  -12.3985682      0.460125297      0.589141786     -0.201030940    
  -9.80401230     -0.229808658      0.706510305     -0.248311147    
  -4.18777180     -0.602162123      0.501719654       4.88278121E-02
   11.0044537     -0.889299095      0.959498823       2.65098661E-02
   21.2526836     -0.280984402      0.290780097      -1.82895809E-02
   25.1035023      -6.84849620E-02 -0.285019279      -2.99101621E-02
   27.0660324     -0.153262615      0.220819175      -7.45296180E-02
   41.1791039     -0.418912888      0.467152417     -0.237600848    
   35.6643562     -0.206786156      0.317866385     -0.171799451    
   29.8047962      0.671451449      0.183532253       6.22602180E-02
   28.1674728      0.273777008       1.13024008      -3.29892188E-02
   28.3870258      0.740026236       1.15225971      -6.38595819E-02
   24.7111282       1.28548789       1.37533724     -0.178409323    
   35.4017830       1.05251086       1.03780866     -0.473470628    
   33.3895912      0.992833495      0.554385900     -0.374589980    
   36.5405197      0.858304024       1.15320051     -0.533209383    
   34.6574707      0.480023682       1.35604167     -0.498751342    
   37.1620789      0.416909188      0.475429773     -0.347829223    
   47.1073532     -0.879469514      0.100920342     -0.347330093    
   49.8321991      -5.86121082E-02   3.38405967E-02 -0.167250127    
   54.6751328       8.89723301E-02  0.294382781     -0.139839724    
   57.5583496     -0.303093076      0.242457151      -4.25415784E-02
   65.9229126       9.96577740E-02  0.343407601     -0.121091381    
   72.1604767     -0.420604646      0.240821213       4.33996767E-02
   72.8765259     -0.797938406      -2.11354420E-02  0.112219810    
   69.5064240     -0.878966570      -7.59652853E-02  0.244820476    
   71.4438629      -1.73776627     -0.346437097      0.475268781    
   60.4049530      -2.12426114     -0.334381253      0.491600126    
   50.1459122      -1.31995237     -0.116601676      0.464558244    
   55.4589539      -1.83601785     -0.378859162      0.447170198    
   67.8352051      -2.28379202     -0.778600335      0.319659859    
   54.1936531      -3.25996637     -0.939978480      0.370129645    
   53.8633232      -2.32120681     -0.619830787      0.418029726    
   61.5477066      -2.68231773     -0.822712183      0.203271315    
   60.1522102      -2.33816218     -0.399349332      0.178439602    
   54.7176247      -1.24023938     -0.524011850      0.108577713    
   66.1647339      -1.60430229     -0.463479519     -0.424399763    
   66.8861847     -0.529244781      0.210431978     -0.351140201    
   66.2873230     -0.810801268      0.361650527     -0.311939359    
   54.5107498     -0.185933411      -9.20302421E-02 -0.327730179    
   47.2095413      -1.17697370       4.44966257E-02 -0.555300474    
   59.2294540       6.05280101E-02 -0.453279912     -0.420338392    
   54.0942726     -0.474835992      -3.07029933E-02 -0.899960577    
   63.0941010      -1.60234046      0.418188691     -0.592880130    
   48.8553543      -1.16706181      -3.00497711E-02 -0.860730827    
   52.0311890     -0.998624504     -0.118815094     -0.606120050    
   53.5811615      -1.72350788     -0.878571630     -0.779691637    
   47.4064178     -0.877014875     -0.971720457     -0.589009523    
   40.1119080     -0.179753780     -0.244299829     -0.858071148    
   40.1106339      0.944848537     -0.185008660     -0.783638716    
   36.6378937       1.54015017      -5.46287298E-02 -0.678950310    
   35.2952347       1.09856343      -8.05340707E-03 -0.772019446    
   37.7336578       1.53527427      0.485640228     -0.815210700    
   34.7615356      -7.35896528E-02  0.281061113     -0.553608656    
   23.4652481      0.730208576       6.36208951E-02 -0.266010582    
   31.2239590      0.941906691      0.266538650       9.18706954E-02
   26.0153351       1.10017681       3.10728252E-02  -2.85793543E-02
   21.8224068       1.37561035     -0.223176256       4.88297343E-02
   19.6173248      0.731008887     -0.162800819      -7.92099386E-02
   17.9697762      0.949127436     -0.389910519     -0.224640697    
   13.9304619       2.33550978     -0.421201915     -0.284330428    
   16.3581810       1.57346368      -9.16006714E-02 -0.213928968    
   17.5995331      0.850244761     -0.189152807     -0.302130997    
   10.4989643      0.819291294     -0.183671206     -0.461409777    
   1.41825438     -0.536606431     -0.670820713      -8.93605798E-02
   13.3602257      -1.62924528     -0.516400576     -0.206501305    
   6.63265991      -1.34149194     -0.980768442     -0.605899453    
  -7.58914757     -0.365512311      -1.25159025     -0.507840574    
  -8.46182537     -0.495203376      -1.50277662     -0.684649467    
  -15.6211491      -7.89845586E-02  -1.57590890     -0.547157586    
  -14.1723919     -0.484189630      -1.40351057     -0.298740208    
  -7.97095299       7.79037476E-02  -1.02278614      -2.48892903E-02
  -12.9575634      0.647025466     -0.682621598      0.128989905    
  -17.7511959      0.299048036     -0.350922227     -0.327007145    
  -12.0042868       1.38752484     -0.139570162     -0.402971506    
  -5.86890984       1.16502106     -0.722850442     -0.464620113    
   8.81295586       1.40522802     -0.880490899     -0.363249421    
  -2.35828018      -9.94292796E-02 -0.873950839     -0.267930508    
  -17.6756668      0.518726707      -1.07547688     -0.455598712    
  -24.1672688      0.831877112      -1.03208840      -4.32310700E-02
  -33.2364578       1.56879592     -0.868844867     -0.107021123    
  -36.3762894       1.29889333     -0.407277405     -0.160180151    
  -32.0790024       2.20041943      -5.13281822E-02  -5.97798675E-02
  -14.2890453       1.88902807       3.18485647E-02 -0.165982306    
  -14.2860880       1.62035739      0.113691583     -0.192308635    
  -25.2375107       1.67831492      0.101167664     -0.151969165    
  -28.4281311       1.72498381      0.771868169     -0.267550915    
  -25.2219753      0.264924169      0.853134274     -0.366810739    
  -21.6654053      0.755873203      0.757998884     -0.168681979    
  -25.4249001       1.47338247       1.04201913     -0.653190374    
  -33.0461960       1.83952236       1.33003128     -0.452650666    
  -47.1273918       1.39511561       1.51923704     -0.608262360    
  -32.5486908      0.920369864       1.85691857     -0.868670821    
  -24.0288677       2.08512759       1.44022799     -0.920131087    
  -18.1907768       2.62703013       1.51614773      -1.13671994    
  -20.8564739       3.17129135       1.83412004     -0.921878934    
  -21.3730469       3.38203621       1.59756196     -0.604190230    
  -17.4873199       4.61132956       1.35067010     -0.408329368    
  -24.1342087       4.58653975       1.37741625     -0.127610549    
  -10.9978600       4.90305567       1.03659034     -0.258929729    
  -4.33113003       4.51848650      0.422137976      -6.68138266E-03
   9.91493416       2.85938859      0.683990121      0.186950833    
   11.5287733       3.00872755     -0.362316817       1.23304725E-02
   27.3768291       3.20256114      -1.03938091     -0.188311234    
   44.0296097       3.19286060      -1.14389718     -0.108911678    
   46.0501709       4.04000139      -1.44469881     -0.213480875    
   51.6357994       4.25118542      -1.30243826       6.43108785E-03
   48.9813690       2.74065471      -1.07094002      0.386409104    
   49.3611717       1.42284918      -1.27369177      0.431020260    
   54.0439224       3.10957575      -1.69903433      0.440631628    
   49.1530647       3.16746879      -1.14253032      0.638693690    
   34.8321304       2.89354229      -1.07813334      0.155799210    
   47.9903564       3.54741359      -1.23764169     -0.337920249    
   44.0951385       4.69127321      -1.47934437     -0.283378124    
   39.2064514       4.18849373      -1.46940100     -0.218869030    
   56.1398277       3.03200722      -1.66487968      0.122169033    
   68.6510620       2.88360786      -1.88434970       9.09195840E-02
   59.0434456       3.08427691      -2.23778009       4.96804640E-02
   69.9543381       2.75967336      -1.42281747      0.359231472    
   62.0179596       2.77286458      -1.00770843      0.509272337    
   68.9057999       3.82617831      -1.07369959      0.436370969    
   82.4633408       2.79677844     -0.735489607      0.244540527    
   80.2442017       2.71286440     -0.464723170      0.311820179    
   78.3302765       3.21829319     -0.570850790      0.213998944    
   83.0971146       2.29505658     -0.661626875      0.412768602    
   70.5236053       1.62400317     -0.972423315       2.33595446E-02
   74.1417236       1.10092437      -1.17958975      0.338109255    
   78.2792816     -0.544348478      -1.24304676       3.20099220E-02
   95.5191498     -0.978156090      -1.72772229     -0.101819664    
   106.700409      -3.43745589      -1.58521116     -0.104619727    
   107.014420      -2.48805666      -1.67050123     -0.478559852    
   118.798882      -2.46979356      -1.84107804     -0.307590783    
   124.732979      -1.59456718      -2.08480096     -0.389130592    
   123.460327      -1.61877859      -1.86303878     -0.677519381    
   137.307800      -1.89440799      -1.44750893     -0.348410785    
   153.550705      -1.90433860     -0.866717219     -0.373720407    
   164.662003      -3.45265841     -0.320687532      -6.81598037E-02
   168.638657      -2.21675897     -0.762898326      0.207680404    
   159.578629      -1.39768338     -0.596080601      -7.12603480E-02
   157.654343     -0.745738208     -0.372048259      -3.28399986E-02
   176.969849      -2.37511706     -0.408626080     -0.220970124    
   171.798126      -1.15039444     -0.610990524     -0.422990203    
   179.249985      -1.77432489     -0.513258874     -0.190689653    
   182.332825      -1.99313986     -0.549191356       2.57403478E-02
   183.084778      -2.59431982     -0.749921024      -3.38298231E-02
   180.817337      -1.75933659     -0.517128825       1.74697712E-02
   182.759827      -1.52371120      -6.50597215E-02  -4.94786575E-02
   175.936127     -0.340871334      0.355631292     -0.121250838    
   182.255493     -0.855208457      0.716152251      -2.06597447E-02
   177.553238     -0.749701500      0.719909251      0.236810997    
   201.116501      -1.81473517      0.414538980      0.353350937    
   206.306320      -1.29400837      0.485715866       1.21106058E-02
   204.081284     -0.725237846      0.586128712      -3.81995738E-02
   206.551407     -0.457322717      0.314809263     -0.163139194    
   194.232361     -0.748719215      0.277647287     -0.256028950    
   180.715546      -1.12199116      0.406109929     -0.301221341    
   170.737152     -0.484989405       4.33018804E-03 -0.271460295    
   181.272415     -0.411788523      0.279059649     -0.399161041    
   185.646866      -1.07347500      0.468090981     -0.309889436    
   198.882156      -1.69365537      0.307268083     -0.851780355    
   204.960342      -2.16919231      0.644193530     -0.769578218    
   216.026505      -2.04033136      0.867210031     -0.751178205    
   210.490250      -1.61352444      0.464507312     -0.649370909    
   216.425354      -2.37508059       1.03944874     -0.574388742    
   202.578369      -2.54049659      0.170938611     -0.390878409    
   197.040039      -2.48942375     -0.364734232     -0.128809005    
   200.973953      -2.31456399      -6.46489561E-02  0.236369297    
   193.686356      -2.73678493      0.217649251      0.190240592    
   191.582367      -2.87782478      -5.79797924E-02  0.459460437    
   175.812149     -0.966361880     -0.120417647      0.264798135    
   174.710266      0.660857499     -0.142833188      0.124839753    
   171.250244       1.60217452      0.236999422      0.755709648    
   171.272186       2.38640165       5.32291606E-02  0.923608541    
   176.318344       2.05805206      0.337654322      0.819901407    
   187.347412       3.61731839      0.290762305      0.251218945    
   194.684143       2.71390820      0.399250567      0.152680725    
   212.712952       1.93616033       2.09908336E-02  0.382458687    
   221.707809       1.44107616      -6.90880269E-02  0.311740428    
   218.470673       1.59490108      -7.98832551E-02  0.386250556    
   221.845200       1.78709877     -0.247077331      0.367181003    
   217.240921       1.58271194     -0.120000660      0.429810345    
   214.503433       1.80374205      0.141639769      0.300389588    
   209.646851       1.87664294       6.37396872E-02  0.324720383    
   229.362808       1.85621536     -0.231591076      0.211799890    
   223.126022       2.34252334     -0.521229267      0.210448086    
   210.005142       2.09680653      -1.17367136      0.253561556    
   206.458115       1.23082685     -0.993352175      0.211010382    
   199.776535     -0.243225813     -0.443958879      0.369850099    
   197.640091     -0.227151215       6.30904362E-02  0.483160436    
   198.633682      -1.71445882      -4.40801978E-02  0.653870642    
   194.006912      -1.61357498      -1.45516768E-02  0.452731550    
   191.319336     -0.687266946     -0.410027623      0.232338950    
   192.921295      -1.08665895     -0.708399773      0.259989947    
   206.355362     -0.979940534     -0.900480390      0.426329792    
   219.756516     -0.843356192     -0.236719966      0.299460471    
   218.085480     -0.309691310      -3.56384218E-02  0.186980009    
   223.645737     -0.879343808       1.97163224E-03 -0.169879556    
   225.182297     -0.808018565      -3.18102315E-02  -5.30094877E-02
   226.687469       1.03125119     -0.486512184      0.105030030    
   234.613602       1.37107098     -0.709799170      0.237670228    
   232.164078       1.29484677     -0.857100010      0.188728586    
   220.235291       1.02595198     -0.364062130      0.172430485    
   232.363525      0.521520257     -0.238010824      -9.45980847E-03
   228.903702      0.219497055      -9.37378854E-02  0.273648679    
   230.561615      0.386405826      0.303360581      0.268111289    
   227.206039      0.455109596      0.293079972      0.547529697    
   211.817947      0.919585228      0.471289575      0.290139973    
   218.580429       2.35281563      0.331957906      -7.00808913E-02
   231.434814       1.13285303      0.508908391     -0.310480356    
   222.652618      0.451375127      0.744701624     -0.448770642    
   239.912827     -0.410005748      0.700893879     -0.251970530    
   241.143127      -1.50165093      0.526789784     -0.429718524    
   245.441299      -2.04167366      0.432240307      -4.23013866E-02
   252.869110     -0.905586362      0.919432759      0.313240796    
   241.396057     -0.685226142      0.818018794      0.741131306    
   243.054962     -0.334467173      0.681999326      0.692609370    
   244.053345     -0.462754786      0.226650178      0.148070469    
   239.313568      0.251961470      0.692220211      0.361738205    
   241.924103     -0.398847282      0.499619097      0.416368902    
   242.226501     -0.279993773      0.474179447      0.125649691    
   236.142059      -1.92436790      0.803787649      0.149298832    
   231.670364      -2.47703409      0.971951723       4.10511643E-02
   226.103088      -2.80326033      0.796440482     -0.299081683    
   222.662781      -3.40122509      0.353700936      -8.16993415E-03
   211.514709      -4.15902948     -0.150598019       4.32192087E-02
   220.761536      -4.06406689      0.203650534      0.144009382    
   215.996735      -3.86838746      0.116341755      0.199609995    
   203.068436      -4.45349407       7.71399364E-02  0.200609282    
   203.904816      -4.61052752      0.260202229       1.03090703E-03
   201.309952      -4.55969810      0.904490709      -9.97048616E-03
   202.465805      -4.22943735      0.484644055       2.61792466E-02
   200.503143      -3.75778151      0.341321558      -7.14289993E-02
   207.554779      -4.24975491      0.168440700      -7.27583170E-02
   210.077026      -3.26345444      0.443211883      0.240919366    
   222.171982      -1.89936161      0.461169720      -1.40089542E-02
   215.884796      -3.09076786     -0.207844302      -3.02701965E-02
   219.198486      -3.31910372     -0.712190270       3.54003459E-02
   203.351822      -5.03684807     -0.872173429     -0.134440392    
   203.000320      -5.00015450      -1.35706902     -0.159709454    
   203.914932      -5.40517139      -1.63061571     -0.233728737    
   206.790665      -5.09431314      -2.02503085     -0.569440365    
   199.786926      -4.35628510      -1.46284056     -0.580529451    
   219.786667      -3.45713902      -1.14226043     -0.297610641    
   234.137207      -3.55327654      -1.15218973     -0.320479900    
   245.553970      -4.03074598      -1.11658835     -0.643829703    
   227.402557      -3.32041645      -1.17306781     -0.678870022    
   216.721039      -3.14916110      -1.60754216     -0.424770653    
   224.016937      -3.12258244      -1.16480255     -0.369879574    
   227.905014      -2.94541311      -1.36155105     -0.564979434    
   223.713028      -2.28338289      -1.21542394     -0.552700043    
   229.591843      -2.13498592     -0.615820825     -0.825887501    
   247.606705      -3.14452457     -0.749363065     -0.909590364    
   248.937180      -3.89491463     -0.455193013     -0.741849303    
   258.135925      -3.97814226     -0.815209270     -0.865591288    
   274.605133      -3.08625889     -0.836550415     -0.556520402    
   275.049683      -1.87194860     -0.626109600     -0.478549749    
   272.788513      -1.19109082      -1.24494874     -0.379610091    
   258.502167     -0.904063702     -0.664511204     -0.105849646    
   267.397949     -0.313235283     -0.385539621       1.25505403E-02
   275.591064     -0.427811861      0.128740251      0.204200178    
   300.295135      -8.75470638E-02  0.204995871      0.451450318    
   291.992371      0.409683287       8.50085616E-02  0.582237720    
   292.134094       1.37753153      0.503775716      0.657468855    
   307.769745       1.76728261      0.419228703      0.618001282    
   306.350067       1.82434869       2.37624943E-02  0.268639684    
   311.429932       1.37411332     -0.538320184      0.141309202    
   307.289917       1.95865083     -0.161409944     -0.176090151    
   314.673004       1.77748263     -0.226190537      0.147851139    
   312.524750       1.61212897       6.73190057E-02  0.375299931    
   306.867004       2.20128798      0.187189266      0.218230605    
   319.650543       2.18231249      0.391388386      0.413520396    
   317.813019       2.00120521      0.247452080       1.25924498E-03
   332.640076     -0.483976305      0.146285534     -0.165380269    
   338.740173      -1.12028658      0.245090097      0.443920553    
   335.778534     -0.607324064      0.624468446      0.425641000    
   343.501923     -0.356796980       1.73335671E-02  0.261270106    
   343.688995     -0.279719651     -0.209439725      0.228179455    
   341.167816     -0.205797344      0.117522761      0.397299886    
   343.853790      0.115326762      0.356300920      -2.19119638E-02
   352.218262      -1.67344451      0.425479949     -0.200280651    
   351.481750      -2.35054779      0.414485395     -0.394937932    
   359.236176      -1.92440104      0.519119382     -0.177421480    
   367.826538      -2.17317009      0.182250768      0.118531063    
   377.850098      -1.75725889     -0.283821434      0.150640115    
   374.040375      -1.53429472      -7.50584453E-02  0.121118873    
   387.024872     -0.476157725      0.163320333     -0.285869896    
   371.162628      0.512513578      0.201117605     -0.406781495    
   366.284760      0.462656498      0.315949380     -0.619328380    
   361.913483     -0.988756776      0.131378263     -0.637529671    
   357.914948     -0.417933524      0.227040946     -0.703867316    
   355.204620     -0.188972920      0.295832247     -0.718998551    
   360.692261     -0.280247301      -6.03393316E-02 -0.957019567    
   352.975616      -1.44892955      0.117009923     -0.787141025    
   356.359589      -1.14173627      0.100913197     -0.888348579    
   369.486664      -1.32915056       5.42850196E-02 -0.827769041    
   369.483093     -0.370769262     -0.225094050     -0.345079392    
   366.619995     -0.813297391     -0.913410783     -0.212339759    
   381.995056      -1.13970363     -0.523412824     -0.219138622    
   376.034637      -1.87313282     -0.225332707     -0.448579490    
   375.180145     -0.394523978     -0.531839967     -0.196549699    
   371.254669     -0.120431602     -0.328438550     -0.140128523    
   372.465698      0.390613228     -0.967120290     -0.288968563    
   393.787567       1.37848115     -0.975949049       4.26999480E-02
   392.732971       1.45233941      -1.21997082       7.36801177E-02
   390.964325      0.503355265     -0.995826960       1.51285529E-02
   394.147156     -0.518141389      -1.20694995       3.09808329E-02
   396.609680      0.359611720      -1.86749887      -1.24710202E-02
   374.677063      0.289764225      -2.21023083      0.264439166    
   370.286743      0.989956260      -2.27349472      0.136170045    
   364.467926       1.42775178      -2.04132748      0.296811223    
   382.344604      0.933406413      -1.59927320      0.342749953    
   383.664642       1.09823871      -1.48405075      0.122359917    
   391.000763      0.206778765      -1.31213951     -0.226279750    
   395.581024      0.719108939      -1.34555233     -0.133820966    
   418.213043      0.883440077      -1.10575914       5.09800166E-02
   419.896179      0.519482434      -1.10291004      0.369580328    
   415.337036      0.964203060     -0.655433297      0.105298981    
   398.076752     -0.301964521     -0.544704318      0.114908665    
   409.684845     -0.513684928     -0.328309953       6.56018406E-02
   421.854828       8.23521614E-02  0.167026430      0.125599727    
   435.174164      0.851607800       1.45293772E-02  0.237519547    
   431.057404      0.535521388      0.269492120       2.80200541E-02
   421.177765     -0.511166990       9.21516716E-02 -0.185837656    
   421.818512      -1.01449847      0.223350972     -0.349360228    
   421.174805     -0.956395566      0.595062912       3.04289535E-02
   423.571503     -0.846262336      0.154267654     -0.271830320    
   428.358246     -0.814704359       1.84121579E-02  -6.95898980E-02
   430.085388     -0.241840959      0.404271096     -0.174799755    
   431.335754       9.55572128E-02   1.38112456E-02 -0.345129371    
   408.131989      0.973192394      0.189957917     -0.154621050    
   412.349213      0.401637942      -8.46196860E-02  0.263520718    
   400.766357     -0.700894117      0.760231555      0.603869915    
   398.423096     -0.351368904       1.06298935      0.628807306    
   399.521698      0.144885063      0.855674148      0.231290400    
   388.523926      0.381300151      0.676300168      0.176458746    
   377.101654      0.395637512      0.470828593      0.253400207    
   370.447693      0.885285914      0.362751603      0.261738420    
   391.194489      0.512296557     -0.582407951      0.208629146    
   385.203156      -1.64853883     -0.857798636      0.306909859    
   388.216400     -0.437290907     -0.655816972      0.105389625    
   381.927612     -0.458855569     -0.253990948      0.305620968    
   364.139069     -0.490079522      0.439151794      -7.17981756E-02
   362.520874      0.323936135      0.761361122     -0.174850971    
   350.377563       1.65591168      0.643450916      -1.65607035E-02
   359.695557       3.13979149      0.902730763       9.78395492E-02
   362.114960       2.50492501       1.05747056      0.189509541    
   362.911377       2.77157688       1.06617141      0.162122428    
   366.204926       2.70846176      0.776138783     -0.147408754    
   368.081329       2.90958381      0.844316959      -7.53404796E-02
   382.225647       2.25967169      0.649173975     -0.327070773    
   386.131104       2.93966842      0.557137012     -0.265080363    
   373.665375       4.13712883      0.210157931     -0.291298509    
   398.419189       4.19596386       7.00807273E-02 -0.315160811    
   410.361023       4.22810173     -0.178986847      0.128501251    
   424.169373       4.27349520      0.110646993      0.306310534    
   434.984497       4.67232084     -0.255628973      0.195358455    
   429.501923       4.10591078     -0.384919703     -0.179629564    
   431.162201       2.95659971     -0.307199806     -0.180409387    
   422.619019       2.12376451       5.37773967E-02 -0.467122138    
   425.669281       3.07525086     -0.304357618     -0.447370291    
   434.852905       2.34875679      0.141396657      -6.31200224E-02
   429.413666       1.29708421       5.22675514E-02  0.123991422    
   444.340637       2.20664930       4.59301472E-03  0.162820131    
   435.367493       2.38552904     -0.151260436      0.508270025    
   427.726929       2.53919697     -0.234041333      0.542050064    
   433.677734       2.34533167     -0.626272380      0.565189600    
   424.384033       1.96657765     -0.421822637      0.423440397    
   425.607513       1.75332761     -0.310296506      0.582360804    
   426.494843       2.15041399     -0.270367444      0.424468875    
   444.729431       3.07631493       8.40407908E-02  0.476660728    
   460.183655       2.64255619     -0.229665548      0.541800559    
   481.510620       2.57399988      -5.43129146E-02  0.200250193    
   481.065430       2.96448565      0.204509899      0.356290400    
   474.676666       2.60697794      0.314496338      -7.42127001E-03
   473.072998       2.77414036      0.195892438      0.167789429    
   483.510162       1.84473395     -0.485438436       7.50015378E-02
   463.041382      0.895205855     -0.833748937      0.479331136    
   460.208008       7.64153302E-02  -1.19112265      0.353419781    
   448.262421      0.104226083     -0.721446157      0.257399738    
   448.752136      0.635600626     -0.255106121      -3.35093439E-02
   449.568207       4.23380136E-02 -0.142278418       6.59167767E-04
   443.889709      0.160168052     -0.105142444     -0.213439360    
   427.120911     -0.884419322      -4.57480997E-02 -0.174610659    
   433.875183      -1.13245940     -0.567658305     -0.396698594    
   428.751953      -1.41374946      -1.24321330     -0.416010141    
   423.206116      -1.77898002      -1.33729029      0.113231421    
   430.985565     -0.809806824     -0.822819233       1.76508874E-02
   422.283203      -1.27730918     -0.755760908      0.216280520    
   415.827637      -1.85658205     -0.652359366       6.04117364E-02
   425.240845     -0.818008959      0.251170427      -2.51912922E-02
   422.433197      0.104723811      0.176261410      0.252630770    
   416.721039      0.841027677      0.343288422     -0.433219641    
   429.198883       1.45471001      0.516677499     -0.178540364    
   434.755890       2.18951297      0.991935849      -3.72399092E-02
   428.623932       1.76126218      0.471440911       3.92912477E-02
   414.990692      -2.62516141E-02  0.675938785      0.206031039    
   404.731720       1.33101964      0.268759906      0.121278770    
   393.323761       1.16802621      0.259880692       9.21377316E-02
   400.729492      0.644147694     -0.289540827      0.341901481    
   381.706299      0.616747379      -7.87405446E-02  0.409358144    
   367.570312     -0.840417981      0.266512871      0.483408928    
   346.759552      -1.09026170      0.518360555      0.524580419    
   354.399780      -1.36093748      0.765267432      0.681500435    
   331.508453     -0.746771157      0.890472293      0.963200450    
   324.918518      -1.23563123      0.399089813       1.11295915    
   310.803223      -1.56934428      0.103003763       1.14488995    
   314.580750     -0.556589484      0.732132256       1.04678810    
   310.318024      -1.12308073      0.726169705      0.535277605    
   322.603790      0.286596894       1.14589238      0.457739085    
   338.757233     -0.559837103      0.699937463      0.281839848    
   341.017090      -1.33117163      0.820741773      0.182718202    
   324.833099      -1.31074452      0.902760863      0.201389253    
   320.876923      -1.24189770       1.06064880      0.133769989    
   333.271027      -1.42144859      0.884422064       2.82213092E-04
   300.375488      -2.51177621      0.385417342     -0.263910145    
   324.089478      -2.71857047      0.184628844      -6.41401261E-02
   346.776733     -0.822297752      0.371639401      0.192100152    
   355.568726     -0.886319280      0.453528792      0.472189099    
   337.436646      -1.70790088       2.75363326E-02  0.569221020    
   354.550751      -1.92146039      0.127312928      0.229989976    
   333.680603      -3.61386347      -8.84951949E-02  0.134688824    
   337.084930      -3.60262203      -8.87211040E-02  0.195070148    
   361.675476      -2.88705325     -0.704138637       5.45300841E-02
   375.553894      -2.47786331     -0.245231509      -2.11080611E-02
   381.673828      -3.03486991     -0.378074110     -0.242500603    
   374.723663      -2.50375080     -0.520830870     -0.177139819    
   369.833679      -1.85556591     -0.247509152     -0.466789186    
   384.221405      -1.15758860     -0.704751611     -0.721639395    
   371.500275      -1.78622496     -0.444791317     -0.539921582    
   371.288025      -3.03983879     -0.379665852     -0.368639112    
   392.963104      -2.09015393     -0.840171695     -0.587278783    
   408.431091      -2.54812837E-02  -1.24332654     -0.460449874    
   373.572723      0.803348541     -0.726216078     -0.109220803    
   376.836029      0.750779152     -0.749868274       6.64702654E-02
   362.679321       1.11703014      -1.04287803      0.315530777    
   369.371002      0.911084950      -1.21881068      0.405027866    
   374.475952       2.25849009      -1.42650032       7.03610107E-02
   360.371063       2.38792276     -0.780986488      0.259628475    
   365.001801       1.34934866     -0.502703190      0.170109197    
   356.924774       1.00873971     -0.678939521      0.288511515    
   372.800934       1.11574805     -0.183980197       9.71716493E-02
   373.536133       1.44106853      -2.95481831E-02 -0.154800832    
   384.328552       1.73812890     -0.132648259      0.404277802    
   384.748505       1.89896882     -0.218498081      0.388379872    
   386.902740       1.66550434     -0.110797614      0.456570238    
   366.526306       1.96971238      0.450902730      0.555900753    
   359.650543       1.99803865      0.919656634      0.309510469    
   346.175446       1.90845668      0.871249199      0.270160645    
   349.470673       1.72456765      0.658159494       4.57790643E-02
   336.286011       2.08090329      0.747069120      0.207239002    
   338.082825       2.95950294     -0.282589197      0.590769470    
   327.185272       2.79356861     -0.448759437      0.585419238    
   301.452393       3.60458636      -3.61598805E-02  0.725460947    
   311.437195       3.88514614      -9.32898819E-02  0.741320074    
   326.610260       2.58468413     -0.454481363      0.463781148    
   303.721222       2.54988837      0.217719346      0.194230735    
   307.652069       2.29624844      0.245687664      0.356089413    
   309.794739       3.31926966      0.783869088      0.418599188    
   315.042725       2.51630235       1.42089546      0.518690348    
   312.803711       2.54566050       1.85700130      0.529629946    
   312.638184       2.44958210       1.59354866      0.359540582    
   310.106018       1.76912749       1.87534785      0.334789127    
   313.285919       2.27748060       1.24919951      0.393589735    
   304.348389       2.09272003       1.01697052      0.452410817    
   299.774139       2.60282350      0.903319418      0.544599175    
   306.064056       3.01505756      0.982259750      0.785829067    
   316.450378       3.36809301       1.09881032      0.484010309    
   340.717957       2.90139484      0.908045292      0.731470942    
   364.873230       2.35353732      0.944591045      0.429301262    
   363.149689       1.54647231       1.24081302      0.233010024    
   370.635559       1.20710313       1.13836980     -0.111979872    
   347.996918       1.04146373       1.20270109      -4.51847911E-04
   355.192169       2.35433435       1.13024986       9.11694095E-02
   362.151245       2.64105749      0.625310063       7.93703198E-02
   372.106567       3.32241249       1.04892945     -0.331509829    
   392.279083       4.07778502       1.29642236      -6.40043616E-03
   378.748230       4.76469898       1.07727432       7.98395351E-02
   352.380707       4.30677080      0.583649993      0.226230547    
   334.219666       3.80555773      0.740992367      0.378510356    
   312.792877       3.76201725      0.700728714      0.601760507    
   309.199127       3.10595226      0.527622581      0.306769133    
   327.885223       1.53308225      0.607060671      -3.54045630E-03
   326.484711       1.53623247      0.404923648      -4.68307883E-02
   316.597198       1.04935527      -1.03208572E-02   8.42809230E-02
   307.282043      0.309084445     -0.181267649      -7.17390031E-02
   290.969299      -7.92149305E-02 -0.204214379       7.65996724E-02
   293.910248      -2.40971732     -0.416979909      -5.04813194E-02
   305.712982      -1.13220310     -0.978588581      -2.76085436E-02
   285.839783     -0.179080963      -1.24053895      0.318520576    
   253.498108     -0.365796685      -1.01565909       8.11804309E-02
   253.544952      0.173860192     -0.772368431      0.242509678    
   247.876816     -0.870428085      -1.01659894      0.387389004    
   241.626892     -0.994245231      -1.22279680      0.350368202    
   213.386322     -0.482205868      -1.12085021     -0.101340011    
   219.143738      0.302684039      -1.37570179     -0.222090110    
   214.217880       1.14622331      -1.27734828     -0.171940163    
   228.973267       1.91456032      -1.48624086     -0.269350678    
   185.684052       1.51079798      -1.10202098     -0.116738945    
   184.260834       1.54383445      -1.32891989     -0.241258904    
   178.679199       1.23805094      -1.33755136     -0.352340460    
   187.572235       1.35648167      -1.22795057     -0.424410164    
   188.589645       1.49354649      -1.08560991     -0.349379569    
   185.743134      0.954601943      -1.13388896     -0.184068963    
   181.407639      0.481538057      -1.00181746     -0.318999827    
   192.161011      0.588460982      -1.05473924     -0.140349895    
   178.689774     -0.172938377      -1.15738881     -0.309319198    
   168.310974      0.669964433      -1.23591065     -0.508999646    
   147.989090      0.747648716      -1.18720782     -0.366279930    
   139.827957      0.258570969      -1.11346531     -0.174300924    
   157.148422      0.596178889      -1.05454946      -6.59397095E-02
   160.075760      0.884658933     -0.935196996       5.35802990E-02
   144.218674      0.315701365      -1.33343244      -8.47288072E-02
   125.051674      0.666610658      -1.03149056     -0.108311459    
   115.491348     -0.223730385     -0.658779144      -3.23001295E-02
   148.013687      -1.98745656     -0.670449913       6.03504330E-02
   144.806412      -2.00529313     -0.735334337     -0.142069981    
   146.602875      -1.42122734     -0.878107429     -0.218591213    
   160.770233      -2.18943429      -1.18082976     -0.192011952    
   165.677078      -2.24413013      -1.23612273       7.84791857E-02
   173.956161      -2.08104157     -0.898521781       8.94898325E-02
   166.511322      -1.27310824     -0.548367858     -0.218071088    
   171.168564      -1.08365750     -0.480901003      0.129851535    
   172.071503      -1.37900674     -0.498459220      0.344721317    
   144.058929     -0.648632407     -0.393892884      0.246970937    
   128.574844      0.322465122       8.33899453E-02  0.463640511    
   103.364281      0.855921626     -0.197607279      0.324879616    
   102.623001       2.09886169     -0.448241532      0.107488655    
   112.400589       2.08162856     -0.520950794      0.239370465    
   83.9114380       1.78834379     -0.887927294       6.52406439E-02
   105.981445       1.41140151      -1.25771022     -0.180600956    
   111.674736       1.60430622     -0.655139208     -0.128289163    
   118.702667       1.68659949     -0.869953692     -0.104159743    
   112.700157       1.99820518      -1.09159815       6.19213358E-02
   141.930542       2.66687870     -0.875251174       5.08296341E-02
   184.972290       1.35348082     -0.652285814      0.234420791    
   158.586639       1.19896650     -0.375340343      0.161259636    
   181.702026       1.73949146     -0.379070818     -0.230509266    
   154.171860      0.567017496      -5.22417501E-02 -0.209151730    
   177.764130      0.831233740     -0.100536525      -8.31402391E-02
   199.345139      0.228117108      0.286407381      -5.92804998E-02
   220.317535      0.531466663       9.68383551E-02 -0.275090635    
   212.293152      0.565568507      0.306478471      -6.25094771E-02
   222.691528      -3.77582908E-02  0.696959674       2.45111883E-02
   214.467239       1.16308057       1.30383521E-02 -0.329300404    
   200.415283      0.332917839      0.576294065     -0.423209190    
   203.602997     -0.272375286       1.83000863E-02 -0.604738891    
   193.279358       1.01677561      0.127907395     -0.454789340    
   163.312775      0.528299093       7.06510767E-02 -0.367051482    
   159.694489      0.208735675     -0.351565957     -0.507710218    
   125.119492      0.448213905     -0.271909952     -0.984319031    
   134.680161      0.771556199     -0.387410164     -0.954750896    
   133.154831     -0.253170699     -0.144499525     -0.983669162    
   127.892036     -0.183510602     -0.313863635     -0.504071474    
   131.451096      0.227150321     -0.608898282     -0.337049961    
   126.473557      0.324400067     -0.322200924     -0.472528398    
   126.207138      0.723266304     -0.377139598     -0.253039420    
   121.955444      0.840959668      0.408720464     -0.287051201    
   125.404953      0.160674363       1.09076858     -0.657261193    
   125.968018      -1.66000724E-02   1.06386995     -0.626180410    
   138.996490     -0.151584744      0.619356871     -0.844769299    
   155.343124      -1.44430542      0.632363856     -0.336169243    
   157.330566      -1.35701835      0.891710758     -0.248939320    
   126.886696      -1.68313432      0.176446155      -8.45175982E-03
   151.674667      -1.71100402     -0.378210574     -0.219860226    
   144.970551      -1.37757194      -1.13898110     -0.157271683    
   138.632492      -2.98695111     -0.830069780      -1.73796341E-02
   147.265640      -2.50904655     -0.741147637      0.161411628    
   159.647644      -4.73846054     -0.295660377     -0.139360219    
   143.884583      -5.36003017     -0.615305901     -0.227280051    
   155.540878      -5.37219143      0.153426677     -0.124320239    
   164.316727      -4.54069519      0.285217017      -2.89407670E-02
   149.861191      -3.46915102      0.383748651     -0.140528724    
   164.148834      -4.37432575      0.386388361      -8.21783394E-03
   154.801117      -3.39579439      0.356838107      -5.79198748E-02
   147.499146      -3.18528295      -3.25971842E-03 -0.320487916    
   140.793991      -4.10746288      0.137300670     -0.183540344    
   142.808319      -4.42067051      0.271362960     -0.200320199    
   161.568726      -3.90796924      0.371609658     -0.294319183    
   148.249329      -3.50576878      0.833239496       8.66599083E-02
   181.051315      -1.34393370      0.604400694      0.191770762    
   175.032562      -1.15795553      0.919627249      0.214009032    
   184.009750      -2.21894002      0.809142709      -7.59902745E-02
   177.562683      -1.63774240      0.494448572     -0.384299606    
   161.900040     -0.769705296      0.593761325     -0.253549814    
   146.850937      -1.11418247       1.23593283     -0.601870775    
   148.730316      -1.65685844       1.59466863     -0.964389026    
   141.062561      -1.23851156       1.92569101     -0.859668672    
   127.070587     -0.701425791       1.83464170      -1.15641928    
   131.493607     -0.523541987       1.00913370     -0.430049747    
   131.181213      -8.44224989E-02   1.04438949     -0.283359289    
   144.869476     -0.843097806       1.21646404      -9.81978029E-02
   164.007370      0.130189329      0.996702194     -0.532068670    
   153.038864      0.183380842      0.875048935     -0.200320169    
   175.505310       1.78517783      0.928032279       6.84209466E-02
   194.933258       2.51771688      0.693366170       2.38604397E-02
   204.630447       2.91887832      0.532800257      0.150658399    
   176.732437       3.13829970      0.271379411      0.362090975    
   177.598114       3.30143380      0.495840728      0.393449187    
   162.972504       2.57339549       1.03180170      0.328619450    
   180.548065       2.59111643       1.36499214       9.44204628E-02
   212.783401       2.48972845       1.36204886      0.228480011    
   171.222458       1.90648985      0.656847477      0.345288455    
   150.719635       2.43964958       1.00069106      0.242679507    
   119.339691       2.58773041      0.920600593      0.174650386    
   133.915771       2.09141016      0.923414290       7.65891224E-02
   131.560379       2.97359657      0.953470767       7.42090940E-02
   109.473618       1.71173882       1.11481404      0.289630622    
   104.165848       1.14031303      0.859534144       8.28199089E-02
   101.340607       2.54166174      0.987214088      0.224470600    
   122.311638       2.04407215      0.544358134      0.322881520    
   121.574112       2.61216831      0.416902304      0.458881021    
   127.460587       2.05814791      0.925479293      0.347941458    
   96.0477142       2.79222417      0.834788978      0.448339939    
   65.4567795       2.47482562      0.554391921      0.308928430    
