   0.00000000       0.00000000       0.00000000       0.00000000    
   1.00000000      0.949609995      0.900210023      0.851160049    
   8.04304028       7.32190990       6.58643007       5.91902018    
   21.2248001       18.4596596       16.1037598       13.8885098    
   40.4540787       33.6648483       28.6684418       23.9266510    
   65.2801590       52.4821205       43.5186539       34.8712311    
   96.5879974       74.6031342       60.2010994       46.9243202    
   132.410080       99.9825516       78.1483002       58.0294533    
   177.297272       128.527573       97.0426025       69.3714218    
   226.043365       160.041428       116.623505       81.1016464    
   281.306702       193.840927       137.146301       91.6021652    
   341.283539       227.747314       155.297134       100.595795    
   413.757965       262.588287       172.520813       108.528343    
   487.685272       301.728943       190.776077       117.646935    
   561.177917       340.276642       208.748779       126.655029    
   648.281433       377.516846       223.600937       133.988052    
   737.308899       416.820953       239.734039       139.853577    
   839.646545       456.363983       255.770325       146.169022    
   943.704834       495.711395       272.394806       151.707565    
   1053.76282       535.833374       289.384186       155.212128    
   1167.76160       578.537170       304.187561       162.002777    
   1289.34265       616.057983       319.643829       166.442551    
   1422.94116       648.653625       332.016479       165.027039    
   1557.82361       700.156555       344.603424       167.199799    
   1701.02393       743.092346       354.849396       168.259277    
   1850.00024       781.062622       364.602783       169.890625    
   2006.90039       817.324951       374.898499       171.685516    
   2165.25879       851.294983       384.903473       176.335938    
   2322.95776       889.345703       393.940247       178.498474    
   2493.02075       922.763123       398.549835       179.991379    
   2670.09644       963.535828       404.480804       184.676880    
   2837.17822       996.909485       406.432159       189.711029    
   3027.15601       1022.38934       411.327759       187.328369    
   3227.10767       1054.08801       415.126556       186.358261    
   3423.33887       1089.45398       419.808838       186.642944    
   3630.17798       1123.80603       424.343475       186.602356    
   3840.41211       1148.93896       429.459076       188.403503    
   4081.75122       1185.85559       435.416046       187.467575    
   4298.06299       1225.79114       445.139435       188.110260    
   4518.77100       1263.26990       446.811432       188.647812    
   4775.11084       1293.02979       451.252258       189.849564    
   5017.70459       1323.26416       456.601959       189.276901    
   5295.10107       1351.69080       461.037201       188.760315    
   5522.71631       1377.08240       465.913422       188.046112    
   5780.96582       1405.24683       469.521698       183.868774    
   6020.14844       1437.59253       469.868195       187.304199    
   6300.86426       1459.68286       476.964203       192.545105    
   6553.21582       1469.70312       483.710815       196.367599    
   6846.54492       1499.42065       493.722595       199.426758    
   7131.15625       1522.32642       494.500488       199.353546    
   7437.84521       1540.23987       495.079895       201.844528    
   7736.23242       1549.33960       496.975159       203.725403    
   8071.40137       1572.71899       498.761047       200.035370    
   8355.76660       1595.55151       497.977692       202.314911    
   8654.65723       1609.94360       491.732086       197.851898    
   9013.30957       1630.65503       482.962372       201.012711    
   9353.55762       1647.47571       490.094574       202.757263    
   9711.83496       1658.31421       486.900055       205.398010    
   10051.2217       1670.12537       486.648224       205.432541    
   10379.1602       1696.47241       488.559509       199.052353    
   10717.7109       1723.22424       491.715729       194.861832    
   11077.6113       1744.33215       489.195984       194.961426    
   11441.5479       1754.79358       492.660645       194.953751    
   11792.2988       1771.12024       493.813507       194.909409    
   12129.6699       1793.71729       497.947968       198.885941    
   12493.5566       1779.48755       496.415649       198.487106    
   12897.4316       1785.83154       496.739441       196.444901    
   13289.2402       1804.33350       493.141693       196.339203    
   13708.9746       1807.70764       493.715454       197.839767    
   14095.5713       1816.66943       490.387482       194.110947    
   14545.3457       1843.40491       488.704895       196.216278    
   14972.6416       1862.22974       486.106506       197.163254    
   15449.3535       1851.72412       490.536713       194.245087    
   15841.9775       1892.30237       488.155304       198.416565    
   16258.6260       1883.86609       490.654541       198.951996    
   16713.3164       1872.48816       490.183746       200.263580    
   17098.5352       1907.86218       492.312836       199.634628    
   17565.0547       1913.62634       488.665741       202.206909    
   18008.9961       1944.42102       493.509918       196.432251    
   18428.7207       1967.12561       493.059662       195.287125    
   18886.5801       1983.51587       489.932281       194.202103    
   19340.6367       2001.61255       490.910095       194.555649    
   19799.6191       2001.67078       496.799683       192.462036    
   20299.8145       2019.11816       497.361053       189.366821    
   20743.8633       2029.45801       491.540863       189.094574    
   21285.1074       2033.67529       490.175415       190.625534    
   21853.9238       2034.80908       477.065552       193.476089    
   22402.9395       2050.89355       476.232178       196.433044    
   22948.9062       2058.69653       464.458252       192.633438    
   23487.2305       2071.24341       457.155640       193.576126    
   24059.3945       2076.49658       459.265839       196.115143    
   24583.4082       2075.15063       459.835022       193.985962    
   25121.3613       2093.97827       458.326477       193.657608    
   25687.7988       2103.29688       461.498413       196.032532    
   26321.3652       2088.37842       471.924347       196.009262    
   26861.5117       2090.14038       474.329651       193.299835    
   27453.4688       2103.66724       478.657135       194.175583    
   28009.2422       2115.78101       482.493927       197.314667    
   28648.4375       2118.41357       481.259003       195.293564    
   29260.9512       2132.88550       479.129089       196.901398    
   29839.7754       2125.47876       472.788574       194.429764    
   30451.5703       2147.73730       465.635803       194.197159    
   31029.4219       2133.35864       473.137329       195.051453    
   31687.1211       2141.85620       483.738190       195.818573    
   32243.6250       2182.61401       480.245819       198.052414    
   32808.3984       2179.14551       481.979614       198.744019    
   33473.0703       2207.45166       482.037689       196.629318    
   34124.4648       2203.35791       482.033508       197.779648    
   34798.2188       2216.36182       483.398346       196.517151    
   35399.5039       2206.85791       479.941528       192.504532    
   36068.2930       2203.37646       471.381470       193.081955    
   36674.0469       2181.64648       476.640198       196.863724    
   37337.4766       2151.44165       481.751831       198.778122    
   38137.9766       2137.09888       474.200256       197.240234    
   38862.7188       2148.70142       475.504547       199.692642    
   39655.7812       2153.60254       457.161804       198.538757    
   40338.2578       2143.40674       459.846832       201.210785    
   41060.4023       2139.92090       466.116882       203.705246    
   41753.7812       2124.96289       478.138916       199.295410    
   42515.4375       2116.75098       482.146088       199.574539    
   43217.9961       2107.46875       477.832733       196.070618    
   43959.1094       2075.21533       463.252350       196.452576    
   44721.5859       2072.15918       465.069336       194.796051    
   45501.9805       2071.38062       448.050720       200.069305    
   46163.6836       2066.82983       449.612946       203.283386    
   47021.7734       2052.28540       453.680969       207.208679    
   47817.8711       2052.20337       455.580200       205.912003    
   48617.7812       2068.94482       461.974518       205.046417    
   49463.2383       2104.52173       468.265411       204.691681    
   50289.7344       2111.30273       464.703674       204.146118    
   51119.7344       2087.76123       468.730774       207.011292    
   51930.5625       2108.34399       471.420135       205.931610    
   52820.8359       2117.03833       481.572510       200.132431    
   53592.1250       2128.42236       490.495270       199.220215    
   54409.9531       2131.53564       495.931213       198.046768    
   55075.1758       2131.41772       493.298859       197.721451    
   55720.0430       2133.36938       485.816895       195.071045    
   56483.2422       2132.62646       494.586884       198.179565    
   57321.1797       2128.95044       492.253784       198.724365    
   58117.3125       2138.21436       493.769287       198.379654    
   58752.1523       2157.81372       497.439484       198.114349    
   59596.6406       2161.37427       494.853516       197.460876    
   60382.8906       2145.39380       492.618744       200.233917    
   61122.0586       2157.75659       494.476135       199.118698    
   62000.3281       2160.08203       501.477234       203.189972    
   62894.4961       2181.25586       492.043640       204.044785    
   63770.9883       2195.20093       500.097992       200.769135    
   64796.1523       2189.18018       500.065155       198.583740    
   65699.2109       2182.80762       486.501556       202.468658    
   66660.0078       2190.76611       487.051147       200.821625    
   67508.3828       2195.21045       481.314728       199.951599    
   68393.0312       2169.46143       491.240662       204.492249    
   69313.1094       2173.90039       493.705292       202.106277    
   70090.4609       2176.26636       493.078705       203.098038    
   71009.5938       2178.89209       493.630157       199.569885    
   71723.2500       2176.41479       496.247162       199.761551    
   72806.6484       2158.87183       497.621277       197.413574    
   73659.1953       2149.95776       507.710846       199.179962    
   74518.3750       2145.34521       505.505951       194.886078    
   75585.6016       2174.12427       508.144318       198.741409    
   76548.7891       2186.43970       499.130951       198.861496    
   77553.2969       2167.45898       498.016937       196.198090    
   78437.0391       2175.17700       488.133636       195.067841    
   79763.6641       2170.90137       486.032715       189.284592    
   80692.2734       2165.35498       487.599701       190.941360    
   81704.5938       2174.30859       486.205688       189.721390    
   82799.5078       2179.42114       487.439209       192.519348    
   83880.8438       2180.97095       488.795654       194.366287    
   84904.2344       2206.00708       486.900787       197.246552    
   86024.9062       2201.36279       489.284180       196.723709    
   87049.9453       2196.78687       491.606079       195.287994    
   88066.0234       2199.01123       493.479370       193.385666    
   89126.6719       2210.92603       495.537781       192.636337    
   90052.7891       2222.08179       493.723511       195.408417    
   91105.5547       2237.44409       495.211182       195.330673    
   92148.3047       2219.39185       490.585846       196.916183    
   93180.2969       2214.37476       494.020538       195.823181    
   94456.5391       2208.84985       494.996735       195.286789    
   95796.7891       2244.71484       501.370117       196.978256    
   97019.3438       2224.61475       499.837830       197.954102    
   97855.2109       2225.23267       498.576477       195.302185    
   98759.0781       2237.02930       499.222992       197.333099    
   99873.6406       2245.64990       492.746460       196.390839    
   101196.008       2250.65039       492.899933       197.785217    
   102361.672       2239.64600       491.252258       196.344574    
   103556.344       2243.80078       484.559753       195.632034    
   104737.039       2256.23950       483.880157       197.659668    
   105837.141       2260.74365       478.454956       192.051620    
   107151.203       2271.26758       481.403473       192.692657    
   108253.164       2256.29517       479.772644       193.203827    
   109513.570       2255.14551       482.281616       194.221680    
   110784.320       2247.83398       480.262573       191.210022    
   112072.422       2248.13354       482.562653       191.869797    
   113194.508       2237.49561       482.192841       194.742920    
   114372.414       2228.07373       487.500824       195.033310    
   115558.500       2228.07397       483.384888       193.794830    
   116725.445       2244.77026       487.307556       195.045959    
   117992.273       2231.85669       486.039642       197.075714    
   119159.680       2229.55518       488.167816       199.338516    
   120213.242       2232.60059       492.597961       200.220810    
   121263.203       2264.55762       480.056549       198.044891    
   122506.703       2250.79224       479.876465       194.839157    
   123581.383       2248.96240       475.600098       194.130157    
   124740.227       2207.95728       471.787628       195.224808    
   125929.445       2226.47412       469.150269       193.228958    
   126965.562       2205.33569       472.003815       191.691513    
   128476.508       2210.43628       479.270386       191.123642    
   129826.391       2223.12598       475.650787       191.969467    
   130931.023       2206.28735       474.628845       193.336502    
   132263.094       2215.99561       468.868835       191.782379    
   133811.656       2185.62061       465.593079       189.967560    
   135174.781       2181.11597       467.222839       189.249939    
   136437.109       2196.95557       471.161560       183.339432    
   137930.203       2204.78955       477.657715       181.589111    
   139072.438       2192.63477       485.085510       181.829514    
   140281.203       2165.50024       489.001648       183.632065    
   141466.125       2178.17139       492.996765       185.177994    
   142716.969       2145.04663       487.621216       187.122009    
   144003.062       2142.82300       488.317139       186.326736    
   145193.875       2136.58423       493.205963       190.894028    
   146610.656       2129.20972       501.980988       190.309723    
   147829.719       2129.25684       490.187164       189.810181    
   149142.953       2136.11060       493.021393       190.236343    
   150510.016       2125.96484       494.663452       191.216431    
   151803.219       2115.29102       499.595978       190.163452    
   152988.281       2143.57959       504.599731       189.085159    
   154571.531       2158.53833       507.395538       189.946381    
   155750.859       2150.83423       501.030396       188.719894    
   157136.438       2153.33936       502.881104       192.090637    
   158583.000       2137.53320       500.154846       194.447067    
   159745.781       2143.83154       495.853149       199.697678    
   161176.375       2131.83423       496.512848       198.857971    
   162491.812       2130.66553       490.487915       199.926758    
   163817.125       2133.20068       489.107452       199.162064    
   164961.703       2121.69043       479.333588       202.267685    
   166288.531       2163.25806       485.339081       200.725189    
   167488.422       2157.87622       490.146454       199.097977    
   168932.422       2132.18164       488.932739       196.275238    
   170378.344       2131.44116       485.909515       195.932770    
   171934.750       2125.96484       485.240540       195.872208    
   173485.266       2120.08984       489.020721       194.392792    
   174989.953       2118.00146       484.957458       193.288559    
   176533.250       2118.48730       482.600647       193.256699    
   177631.141       2123.34766       483.751373       193.725830    
   179375.875       2137.56641       485.508331       195.182632    
   180681.719       2147.20068       485.241364       196.037537    
   182067.641       2148.44727       480.967316       194.662811    
   183651.031       2175.62451       479.641205       196.575928    
   185317.156       2168.24561       482.594543       195.573212    
   187164.797       2148.03540       486.858398       198.184296    
   188350.531       2151.68701       482.761108       198.993530    
   189563.828       2151.69263       487.512115       203.233795    
   191235.391       2132.36035       485.458252       205.195908    
   193103.094       2126.10376       482.650085       206.439743    
   194243.797       2150.65015       484.341949       205.771179    
   195784.266       2129.43506       491.415833       206.873413    
   197462.891       2101.41455       487.968475       206.213928    
   198829.734       2088.44897       493.769379       202.078369    
   200553.250       2102.42725       500.674133       199.843719    
   202081.812       2129.28271       496.803406       197.662628    
   203443.969       2121.03662       507.730316       198.518280    
   204801.859       2122.24463       513.496033       196.562836    
   206200.438       2138.65332       513.585266       197.088852    
   207761.016       2141.32104       514.924377       196.461533    
   209254.938       2139.48438       508.751160       198.630005    
   210847.984       2140.23511       508.501862       202.860062    
   212079.281       2148.93311       506.682800       202.112366    
   213631.984       2160.58447       501.332367       200.343277    
   215283.109       2152.25073       495.384827       201.394806    
   217226.578       2162.04321       502.324036       199.107178    
   218749.766       2165.18164       504.604950       201.305588    
   220710.375       2168.19189       499.339691       196.992126    
   222148.922       2166.20557       486.412567       199.855133    
   223929.547       2167.96875       487.027496       197.128204    
   225327.281       2155.30103       487.431274       197.989273    
   226893.922       2156.77490       492.753204       198.607315    
   228545.031       2137.78027       497.339172       198.503998    
   230044.438       2137.17212       496.697021       200.764343    
   231894.812       2155.02734       493.011261       200.347717    
   233839.891       2144.81494       490.143188       200.824661    
   235962.703       2148.39868       499.268280       202.293152    
   237570.578       2150.90063       492.613739       199.957474    
   239017.609       2161.82324       489.231384       197.945084    
   240565.922       2167.47974       488.594360       198.416077    
   242296.141       2148.65479       483.531860       198.160477    
   243901.781       2130.62134       477.858215       199.233154    
   245256.656       2139.46582       484.762390       195.393509    
   246498.594       2140.50952       481.774994       195.919128    
   248602.281       2125.95337       471.645660       195.692276    
   250568.266       2122.71289       470.248901       193.083908    
   251950.266       2124.71143       478.738983       198.727905    
   253641.750       2149.69482       479.042389       194.297974    
   254986.047       2152.32227       484.145233       196.288773    
   256667.234       2155.32471       490.331146       197.172485    
   258594.750       2174.63062       489.949005       202.289536    
   260488.484       2164.56982       496.242706       201.800659    
   262468.188       2126.69604       502.285706       201.860016    
   264338.781       2123.13574       501.828430       193.705719    
   266213.969       2110.06226       509.681549       195.326523    
   268461.812       2132.03149       504.610565       193.507721    
   270191.156       2122.52759       503.044739       192.420837    
   272432.312       2128.14917       508.306885       197.409805    
   274456.562       2148.49829       509.405182       194.746063    
   275959.562       2124.98999       495.652069       192.693085    
   278287.344       2094.33838       490.533844       189.218781    
   280389.250       2098.45215       498.574738       189.911407    
   281790.438       2096.57690       496.874573       190.899490    
   283600.844       2099.11108       494.340698       193.974075    
   285306.312       2088.96606       482.998932       195.530182    
   287051.875       2073.97632       484.772827       197.259003    
   289208.625       2084.99414       479.079041       196.784927    
   291373.031       2084.73340       483.416992       195.607956    
   293162.750       2088.49536       471.512573       200.598831    
   294977.094       2080.72095       484.991730       197.386917    
   296677.062       2075.33740       483.544495       197.704483    
   297921.094       2065.31519       485.800323       192.460938    
   300392.938       2063.84521       491.421875       195.354233    
   302538.875       2061.79028       493.128448       195.218018    
   304768.656       2082.51294       497.456451       197.896469    
   306744.594       2078.23560       501.976318       198.383606    
   308288.812       2082.89282       504.404724       199.772156    
   310286.375       2105.64038       506.070282       201.084152    
   312425.094       2112.26929       496.029144       199.689636    
   314530.969       2106.30298       491.760681       199.892288    
   316099.062       2117.79858       489.199158       200.901154    
   318134.625       2144.70337       492.255981       199.641678    
   319835.562       2122.73584       493.060791       199.981644    
   321778.938       2102.22559       489.376343       201.034592    
   323850.094       2095.76367       497.251434       204.444855    
   326127.312       2093.56079       488.351257       200.582687    
   327626.938       2085.38647       482.315063       201.515671    
   329808.219       2113.12671       477.537018       201.552231    
   331973.875       2103.24756       480.728088       199.506500    
   334354.500       2087.70312       482.301849       196.007126    
   335901.500       2077.56665       479.204834       192.921982    
   338187.938       2096.71582       485.695435       192.229568    
   340473.125       2087.01440       483.101776       194.579788    
   342365.188       2075.42773       479.292450       193.862640    
   344321.938       2087.94995       481.150757       197.476929    
   346545.875       2084.26245       483.492981       199.595764    
   348136.344       2063.08984       484.982391       197.325653    
   351070.344       2075.75220       481.332520       197.365265    
   353424.406       2072.93091       481.946869       200.881805    
   355142.594       2075.63184       478.871765       200.144287    
   357449.844       2105.68921       476.552490       199.405609    
   359451.250       2103.45654       468.340637       197.401855    
   361796.625       2100.85083       470.876831       197.247574    
   363940.594       2095.16919       478.158813       196.720062    
   365813.406       2084.29980       484.538086       197.111938    
   367867.844       2085.40649       482.076141       199.370346    
   369902.594       2102.11597       478.034485       198.240036    
   371804.781       2086.77661       481.184479       198.209763    
   373881.344       2096.20288       493.313019       196.685867    
   376033.000       2092.32861       497.276215       197.084000    
   378374.625       2104.88379       499.454285       193.552475    
   380712.688       2113.48193       499.504395       198.267212    
   382865.750       2111.77490       491.666229       198.541977    
   384747.156       2114.71729       490.125763       197.259384    
   386647.625       2113.97266       492.943420       195.054947    
   388370.906       2102.07153       491.163391       197.750244    
   390344.062       2101.70288       498.901520       193.175385    
   391993.156       2073.92578       503.764648       200.085342    
   394483.250       2085.52417       493.685516       200.443222    
   396498.500       2097.22266       494.947449       195.249695    
   398780.906       2096.94629       497.975037       195.445267    
   400169.000       2098.09375       489.253143       195.207596    
   402595.500       2103.34448       482.761566       200.691391    
   405269.875       2113.77930       484.740601       198.402145    
   407552.531       2129.08594       490.477264       200.331451    
   409734.625       2141.82471       479.169189       202.532761    
   412332.656       2152.22070       486.266418       201.207993    
   414175.281       2135.81079       489.379608       200.647781    
   416172.406       2163.85938       490.614471       199.150482    
   418720.375       2172.81909       495.732361       196.849701    
   421461.500       2179.59814       490.768768       195.681900    
   423679.812       2186.85913       485.891205       194.834335    
   425521.188       2210.14111       480.897858       196.545578    
   428382.969       2195.43652       482.726349       197.100708    
   430794.781       2179.84204       476.459991       196.735260    
   432971.938       2166.24341       467.549866       194.562408    
   435348.688       2213.31958       473.860870       198.206665    
   438213.531       2221.04761       474.701904       198.083328    
   440976.281       2218.42700       487.146118       198.639557    
   443084.375       2188.23901       492.508789       200.315613    
   445115.812       2166.33789       493.461670       198.649628    
   448086.094       2146.09033       491.652405       196.958572    
   450668.094       2148.19019       487.789215       198.499344    
   452303.031       2154.25415       486.399231       200.086060    
   454417.125       2175.20264       488.010803       199.039642    
   456363.656       2185.45825       486.678741       199.940384    
   459361.844       2188.44434       480.341309       198.572357    
   461618.281       2212.29199       476.128632       201.416901    
   463834.094       2220.77954       474.369385       202.077087    
   466540.500       2231.27344       469.933868       205.613434    
   468763.562       2226.62061       469.698181       203.342926    
   471132.969       2224.31348       472.113983       202.628769    
   473581.375       2245.01855       472.826477       201.055649    
   475294.375       2273.71216       471.432343       206.185852    
   477020.875       2296.32617       475.585175       208.248581    
   479240.875       2291.13550       474.099823       206.590424    
   481735.812       2298.39331       471.855560       202.462402    
   485231.438       2303.57959       463.926605       204.692673    
   488076.812       2298.17969       470.983398       205.402267    
   490301.500       2314.59766       471.916534       204.376297    
   492551.344       2312.20801       472.934418       209.395004    
   494651.375       2301.53784       476.393219       209.382828    
   497556.844       2293.62671       472.140472       210.053207    
   500105.469       2284.67749       475.703644       204.777847    
   502523.250       2312.96826       481.113068       206.487366    
   504309.844       2287.56714       485.635315       202.821915    
   506844.875       2285.06689       483.822388       203.737137    
   509836.344       2285.09839       488.022003       206.458817    
   511803.344       2252.15820       486.035767       208.840622    
   513776.219       2271.16992       496.881195       206.473846    
   516434.250       2258.17383       496.921753       202.421967    
   518800.531       2254.05493       505.022644       203.665588    
   521516.844       2271.94531       503.220795       201.604904    
   523895.125       2274.15063       506.230011       201.300217    
   526843.375       2295.79712       501.321014       199.648666    
   529717.625       2275.94287       497.454834       202.481964    
   532054.500       2242.51685       500.675262       203.771896    
   534448.375       2227.49316       506.156342       203.948990    
   536621.000       2209.44531       509.771027       200.207596    
   539484.125       2190.26001       506.198914       203.727524    
   541498.938       2193.39258       503.770905       202.954315    
   543555.938       2168.59644       492.167053       203.383072    
   546088.250       2172.01221       496.664093       200.245026    
   548342.688       2182.47998       493.121643       201.925262    
   550829.125       2199.39551       496.762299       205.752136    
   553000.562       2199.11890       492.662659       208.029037    
   555805.125       2198.70874       488.054230       210.201981    
   558396.938       2208.10156       489.362915       205.622101    
   560276.000       2213.12109       485.677277       202.960190    
   563707.125       2200.83936       488.112457       199.872192    
   565848.750       2207.56445       486.274353       198.978287    
   568097.125       2189.07227       489.674011       198.921158    
   571014.938       2173.23218       495.480530       197.632675    
   574020.312       2145.98804       489.564789       198.712570    
   576795.875       2120.55347       485.004578       198.085907    
   579635.625       2105.94556       494.192596       199.694061    
   581502.500       2101.49438       489.089447       203.340088    
   584438.500       2122.52368       492.633575       202.308792    
   586980.750       2105.87012       496.141693       202.510361    
   589561.312       2145.51318       496.620361       204.050064    
   592567.938       2140.88696       502.224121       204.999741    
   595605.812       2137.66016       501.480865       201.258530    
   598717.750       2127.25098       504.297882       200.791336    
   600524.688       2119.45386       500.439209       204.352234    
   603136.062       2148.42969       504.711365       203.716614    
   606840.375       2149.24097       499.438965       197.793381    
   609725.750       2148.12964       517.248718       197.263885    
   612813.875       2123.04736       516.857788       196.042587    
   614864.188       2123.16870       515.382080       193.411926    
   616910.000       2102.25415       514.150757       197.098663    
   620122.375       2099.83789       509.039276       196.973633    
   622928.000       2117.63062       506.804657       197.811890    
   625800.062       2095.23145       505.688293       201.223434    
   627668.938       2098.64014       505.861389       200.703430    
   629969.875       2112.04541       503.575073       204.762054    
   633249.375       2133.27490       505.467346       201.145111    
   636147.688       2149.22925       492.871643       202.193893    
   639166.938       2142.64111       485.658417       203.382965    
   642360.375       2151.19312       484.687744       202.174088    
   644827.125       2152.36377       485.584442       200.036469    
   647861.125       2171.41650       490.903625       196.058182    
   650994.812       2173.83887       487.141724       200.022308    
   653039.750       2158.13696       486.085571       199.910950    
   656827.750       2155.40015       478.802124       198.095657    
   659013.875       2142.66309       475.309479       196.661011    
   662066.438       2161.51392       475.382080       196.030380    
   665714.688       2184.52466       478.590424       193.359711    
   668396.375       2197.24316       479.499695       192.541245    
   671181.312       2193.96777       486.114349       193.503967    
   673754.250       2164.39038       486.056244       195.958359    
   676653.562       2175.80762       493.841125       191.878815    
   679760.938       2175.07715       486.916473       192.755447    
   682030.625       2151.04248       480.723969       190.253845    
   684189.312       2149.50781       485.800964       194.869995    
   687263.312       2167.12573       489.197449       196.661514    
   690520.500       2146.25513       485.778473       194.726028    
   693711.625       2132.57275       495.690674       195.593781    
   697327.000       2149.18677       496.683319       193.575348    
   699973.812       2152.12744       494.386749       195.477203    
   703397.062       2126.38184       496.539032       196.378754    
   706508.500       2144.39404       496.159576       192.158997    
   710161.625       2171.71265       496.286591       191.930191    
   712978.125       2174.02393       493.189789       192.501343    
   715963.250       2173.47876       485.211151       192.603073    
   718952.812       2191.19238       489.589355       189.516281    
   721582.000       2193.52319       481.937195       191.358704    
   724361.188       2167.63623       483.006134       193.671051    
   727150.250       2178.73853       491.052063       194.451035    
   731325.750       2178.96362       485.907104       195.039810    
   734641.312       2160.36914       483.431763       197.410355    
   736705.750       2109.84229       479.074066       199.278244    
   739135.938       2094.05103       485.510864       199.135040    
   741230.438       2095.35840       481.164124       201.570236    
   744378.562       2087.61841       486.998199       200.345062    
   746742.562       2099.88354       494.994019       195.669586    
   749672.562       2103.19385       496.122742       195.359726    
   753489.625       2102.35815       499.550537       195.096573    
   756622.812       2119.28320       506.309052       191.217087    
   759515.062       2116.97729       515.312927       195.273422    
   762229.938       2115.79858       502.325958       196.239182    
   765059.125       2104.14282       491.996796       194.901794    
   766671.500       2103.43481       491.279449       189.681061    
   770111.625       2106.33984       493.787262       190.623550    
   772939.625       2121.54712       492.197144       190.982193    
   775627.938       2138.02173       491.295227       193.213089    
   779038.500       2114.63794       493.360992       194.394241    
   781358.500       2135.05151       491.970215       195.703918    
   784496.750       2122.45435       496.010254       193.113098    
   789025.312       2126.71509       502.572357       197.805847    
   791666.750       2112.52808       495.388336       199.266479    
   793840.000       2132.17114       504.234558       200.480850    
   797242.062       2112.41748       505.473328       203.191177    
   800232.688       2109.85767       512.269348       199.312637    
   802581.938       2112.67920       509.873871       201.158417    
   805861.438       2115.17456       514.247742       195.757584    
   808342.438       2096.98413       514.779724       191.905396    
   811199.750       2120.13135       519.152710       191.575043    
   814642.812       2117.71338       512.088623       191.314865    
   818612.875       2130.18604       507.824341       190.044586    
   821370.500       2141.08472       507.315338       186.670929    
   824321.125       2134.95068       509.516937       187.954941    
   827797.812       2120.40332       506.271790       187.519775    
   831533.250       2115.30176       511.357330       186.815506    
   835635.625       2112.17676       505.131348       184.571564    
   839105.062       2116.66821       505.866760       184.598053    
   841075.438       2108.06836       505.480743       183.198975    
   844521.188       2132.66455       500.518921       185.888718    
   848315.875       2128.33350       500.259583       187.190887    
   851264.125       2113.96045       497.326263       189.442871    
   854146.875       2118.02295       505.694275       192.465134    
   857586.438       2092.46313       508.717621       192.450150    
   860673.375       2090.69336       499.709045       192.843628    
   863853.438       2079.66138       490.941742       196.495636    
   867401.750       2089.44312       489.280579       192.397873    
   871101.125       2094.71851       498.440887       195.666855    
   874077.375       2101.20996       499.007599       197.774948    
   877572.438       2107.73389       499.460571       196.951157    
   879866.688       2084.97925       492.769623       199.009537    
   882797.438       2083.05615       488.223877       199.332458    
   886452.500       2089.51099       486.023834       203.736359    
   889336.000       2125.47998       482.165955       198.469482    
   893070.375       2112.55298       479.246307       198.414398    
   896747.438       2114.22827       480.289948       196.449188    
   899654.438       2110.88403       471.633148       200.799911    
   902508.188       2124.86792       476.700714       199.407196    
   906497.875       2120.56250       472.097321       193.459900    
   910097.938       2099.44043       468.546783       198.489243    
   913484.250       2100.19165       464.601807       199.491226    
   916992.938       2094.25977       461.980469       196.952469    
   921203.062       2098.48682       467.706879       197.070084    
   923742.250       2127.62622       468.770386       195.011765    
   926293.188       2121.60547       473.582306       197.567184    
   931480.938       2145.38232       482.411163       195.041718    
   936430.125       2156.17310       482.456726       190.443268    
   938686.062       2156.34692       485.902527       191.755585    
   943169.750       2167.69922       479.427032       191.733749    
   946099.250       2184.84473       485.139435       190.647827    
   949289.250       2171.06299       487.062714       189.135529    
   951300.500       2181.88477       489.113831       192.273102    
   954749.750       2174.82690       483.745911       189.903244    
   958239.500       2187.35425       480.050018       193.730453    
   960628.750       2157.94531       480.706421       197.264267    
   963433.625       2159.78662       479.915649       194.391754    
   966734.250       2154.56934       479.968750       197.539703    
   969717.875       2153.80054       478.980713       201.229904    
   971877.375       2152.06714       482.740570       203.765640    
   975477.875       2144.34741       481.065002       203.601044    
   979623.812       2142.77905       488.870819       204.446198    
   982434.688       2150.59619       483.842621       206.369827    
   985610.562       2107.35620       483.359070       203.338364    
   989991.688       2113.56909       484.292755       204.489914    
   994050.938       2114.94043       484.394043       203.009750    
   998774.375       2122.83740       484.804535       202.478882    
   1002414.75       2115.52905       491.377594       201.530472    
   1005888.56       2148.99927       496.344330       203.727951    
   1008975.31       2147.35645       494.126221       202.964722    
   1013063.44       2131.66138       488.963623       203.791794    
   1016252.50       2121.38989       485.402374       206.807343    
   1021159.69       2140.78394       485.224121       206.580109    
   1025276.12       2152.84619       479.418243       201.154861    
   1029023.06       2154.84131       477.591187       194.805283    
   1031910.44       2134.18359       473.433167       194.833084    
   1034855.12       2149.23779       476.105927       200.788742    
   1038495.75       2149.42139       472.399506       202.077576    
   1042309.62       2153.50122       467.318695       206.360229    
   1044975.69       2141.30786       467.364777       202.583435    
   1046716.12       2117.50586       467.996002       200.526657    
   1050789.62       2167.48267       478.561920       199.547455    
   1054367.25       2151.32178       479.205750       200.235626    
   1057972.00       2187.78687       472.595367       196.358780    
   1060640.38       2178.65454       478.670807       196.436935    
   1062662.25       2179.90503       479.363525       198.198074    
   1066370.38       2184.17407       486.257721       196.568817    
   1068626.25       2167.45093       490.993896       196.056946    
   1071980.75       2184.10938       487.491425       196.831131    
   1076605.88       2169.99341       488.651276       192.584595    
   1078626.62       2152.50757       488.712494       190.973267    
   1082274.88       2149.90845       495.322968       191.176163    
   1086177.75       2155.81543       497.758148       190.971115    
   1090676.88       2182.82373       484.672272       188.334351    
   1093603.62       2183.03003       486.786377       190.683823    
   1097829.50       2222.49634       494.027283       195.066147    
   1101745.88       2191.73706       502.863373       195.333755    
   1105697.88       2179.81641       497.259186       192.014191    
   1109240.50       2182.95898       497.365997       193.436447    
   1113109.88       2183.27051       499.396545       189.932205    
   1117204.00       2162.96191       489.584869       192.101013    
   1121052.00       2183.04272       487.592651       192.742401    
   1124995.88       2201.68970       490.962891       190.124435    
   1128489.12       2222.30762       490.258362       186.411041    
   1132975.75       2224.65625       493.586182       186.413376    
   1136043.00       2245.49731       490.952087       186.785080    
   1139557.62       2232.71045       483.190918       187.901978    
   1142284.25       2239.43579       483.957275       190.375366    
   1145641.50       2241.80054       495.337158       188.309464    
   1149619.88       2250.60693       493.529541       186.049728    
   1153642.50       2244.34619       500.019073       192.007324    
   1156958.88       2236.58423       497.536804       193.154831    
   1159646.12       2242.51392       504.698212       192.318115    
   1163731.12       2219.43408       501.406830       190.407074    
   1167929.50       2193.42114       500.694214       191.969681    
   1172327.12       2201.07178       504.668365       190.332535    
   1175486.25       2211.41528       510.912323       194.330673    
   1180014.12       2196.42188       501.954071       195.175125    
   1183778.38       2195.78442       511.073730       193.912643    
   1186369.00       2232.67822       512.141296       195.519287    
   1189932.88       2232.55640       508.786926       201.410400    
   1193315.38       2211.21973       496.373322       198.771011    
   1195858.62       2218.59595       502.553162       198.055389    
   1199460.00       2241.20117       503.615387       196.053879    
   1203862.38       2254.95801       509.388672       198.032883    
   1205286.00       2269.91211       494.434814       198.381653    
   1209077.38       2258.96240       488.837128       197.381546    
   1212215.75       2251.96216       485.538116       200.863022    
   1215756.00       2256.65137       488.086151       199.649689    
   1218950.50       2273.83423       495.412506       197.601166    
   1222073.62       2272.43530       498.486603       198.261124    
   1227249.88       2232.67090       498.027008       193.580078    
   1230354.50       2215.18823       503.632202       190.305466    
   1234673.12       2227.81738       504.736908       190.436081    
   1239035.12       2249.92847       502.628723       194.236130    
   1242987.12       2245.56055       505.690491       196.483414    
   1246550.12       2250.33813       499.731934       197.481247    
   1250356.62       2272.21094       494.302368       198.483475    
   1254293.88       2262.49805       505.970245       200.208984    
   1259073.88       2236.41357       500.259766       203.038239    
   1263470.00       2228.08569       495.758728       196.154099    
   1267228.50       2220.84302       491.100006       195.992584    
   1271479.50       2224.26001       486.406219       196.985016    
   1275301.25       2216.14893       483.722839       199.062515    
   1277758.50       2209.65527       493.801056       198.905838    
   1281579.25       2199.53198       487.357239       201.868393    
   1285703.88       2191.26172       481.388397       202.142929    
   1289542.38       2204.63647       484.706604       205.343094    
   1293835.25       2225.50269       491.473145       203.172409    
   1298322.12       2233.77881       487.042511       199.238861    
   1301618.00       2253.96313       485.511719       199.990097    
   1303902.62       2238.70044       481.011261       201.703064    
   1309064.12       2233.49170       486.244263       198.785965    
   1312536.50       2230.20483       490.804718       199.078568    
   1317768.88       2216.79468       488.864380       198.928818    
   1320864.62       2178.75146       485.522491       199.870193    
   1325377.50       2175.57520       481.721008       202.259079    
   1328694.38       2176.55518       482.066193       201.719177    
   1331488.50       2176.89844       484.375397       200.587158    
   1335178.62       2162.55322       479.895538       199.112427    
   1339517.50       2158.87329       485.321655       196.250366    
   1342790.38       2138.86816       482.062286       194.591888    
   1346303.75       2154.19409       487.044525       194.340515    
   1351038.38       2154.65088       493.492615       195.036453    
   1353995.50       2139.26196       495.704803       193.833130    
   1357621.88       2135.09790       492.223755       197.962692    
   1361259.12       2134.33789       495.490265       195.164993    
   1365711.50       2144.66577       491.621490       192.318893    
   1369115.25       2147.06641       497.896667       190.569672    
   1372466.25       2160.34155       500.239746       192.405182    
   1376430.75       2177.16846       501.951385       193.743927    
   1380623.50       2169.79297       506.431458       195.843399    
   1384999.88       2156.52466       499.186951       195.143173    
   1388124.75       2152.39819       499.466309       198.902390    
   1390999.75       2143.84375       492.373993       196.869675    
   1394769.75       2151.94116       498.588196       196.041687    
   1399402.38       2178.38062       500.801270       197.976273    
   1401905.38       2183.45679       498.750000       196.225830    
   1407090.25       2168.88037       496.357361       199.012787    
   1410385.38       2186.91577       506.471069       197.298691    
   1413303.88       2209.59888       506.429443       198.518631    
   1417356.88       2188.84497       508.046478       198.618530    
   1421348.50       2189.16089       506.524139       199.402344    
   1424434.75       2183.68506       510.174744       197.749466    
   1427873.50       2182.60059       511.128082       196.378357    
   1429889.12       2171.79565       511.127533       195.072510    
   1434207.50       2162.06543       503.916809       192.149628    
   1439197.12       2171.23584       500.781097       196.567184    
   1444017.00       2189.07349       489.953033       200.120636    
   1448217.00       2204.17188       489.834229       196.330322    
   1452926.00       2201.12329       492.162262       198.097717    
   1456912.00       2233.10522       489.835205       198.855804    
   1460020.88       2218.63940       477.908478       196.067215    
   1465068.50       2198.55518       483.418365       199.021149    
   1470709.38       2204.44653       483.483734       201.577316    
   1475720.75       2215.52661       486.993774       200.174408    
   1480810.88       2219.12451       488.361938       197.644608    
   1485597.88       2218.53125       487.798065       193.797531    
   1491036.25       2226.15088       486.212402       192.465271    
   1493575.12       2201.01660       487.428650       193.288971    
   1499340.00       2235.82275       492.054108       192.772934    
   1505389.88       2261.20874       492.967194       188.877945    
   1510436.50       2253.35596       492.307831       187.594940    
   1513430.25       2277.66821       497.888092       185.091385    
   1518034.50       2324.59644       493.067902       188.103241    
   1521859.12       2318.13892       491.466797       186.890411    
   1527483.38       2286.02930       486.617310       186.125610    
   1531836.25       2296.96704       490.979370       187.244095    
   1535809.62       2268.51123       497.065674       189.568817    
   1538886.75       2247.09155       501.562836       189.635895    
   1542135.50       2275.48804       506.835327       191.956467    
   1547958.25       2251.87744       508.316132       190.857605    
   1552848.12       2251.83984       493.646637       193.518600    
   1556909.25       2255.95435       493.384552       198.545776    
   1561125.25       2243.01147       494.885376       195.053864    
   1566290.88       2262.32788       500.223969       190.767899    
   1569553.38       2274.75708       509.718781       192.727005    
   1573887.75       2278.85596       508.424347       194.573608    
   1578414.50       2276.38281       498.288605       195.058273    
   1581858.25       2261.92993       506.901794       198.976990    
   1585776.75       2258.37183       506.863464       198.195480    
   1591127.75       2260.06299       506.253235       200.966782    
   1596102.62       2258.25879       512.879944       204.407791    
   1601753.00       2258.42065       512.196899       202.903992    
   1605142.25       2247.98633       514.935852       202.195984    
   1608600.00       2266.33276       515.028625       199.686035    
   1613520.75       2282.26953       510.622864       197.225433    
   1618588.50       2304.49487       514.500061       197.846970    
   1624193.88       2318.72534       507.934814       199.033752    
   1628267.88       2327.33496       510.867340       199.665741    
   1632152.12       2295.75073       513.223816       201.738602    
   1636473.88       2298.05029       515.880371       200.579666    
   1640579.50       2278.81958       512.791687       203.355927    
   1646730.25       2273.94238       518.986328       205.970535    
   1650313.75       2281.74829       517.374451       207.746414    
   1653704.50       2315.88721       511.928009       207.578323    
   1657445.00       2299.54688       512.813599       207.461395    
   1662262.88       2302.24316       512.594421       207.253174    
   1667384.62       2293.90063       512.638794       202.736786    
   1671979.75       2288.18042       513.859314       202.751175    
   1675534.88       2304.13599       517.126099       199.887329    
   1680265.50       2315.33643       526.481750       199.006226    
   1682871.88       2330.92847       516.579407       199.194168    
   1688572.62       2322.55273       507.890137       200.483093    
   1693324.50       2308.73364       506.135590       202.116730    
   1697619.38       2316.20264       509.164062       201.088165    
   1701800.38       2316.70728       508.393066       204.412628    
   1705008.75       2336.02197       511.054138       201.045059    
   1709058.62       2350.25513       510.672089       203.401871    
   1713290.25       2339.44092       518.138733       207.055176    
   1718703.25       2343.91895       524.916809       207.396744    
   1725506.12       2306.99805       529.084839       204.197327    
   1730593.12       2312.77246       524.330017       206.300568    
   1734086.25       2306.02246       517.578979       203.106140    
   1738873.00       2315.76416       518.884521       202.596848    
   1744641.00       2313.49707       520.383545       201.591248    
   1748431.88       2285.22949       522.529541       200.541550    
   1753645.25       2277.76416       516.402588       202.134003    
   1758563.00       2262.20020       517.976624       202.226868    
   1763740.75       2269.38135       512.796692       204.499908    
   1767679.75       2296.19922       513.932617       209.462143    
   1773172.50       2265.68335       514.320496       208.129181    
   1777404.12       2263.75293       511.518402       200.520538    
   1782792.50       2228.55176       518.299988       201.788620    
   1787381.12       2248.86011       515.559509       200.786865    
   1790845.12       2239.54028       506.338989       198.913300    
   1795969.50       2247.69067       502.019775       196.318314    
   1800811.12       2253.24976       498.958618       194.210922    
   1804406.62       2260.51001       504.648407       194.876495    
   1809100.25       2264.29102       498.302887       193.267029    
   1812247.88       2257.78516       497.451233       193.380295    
   1813899.62       2253.62817       497.702576       195.767807    
   1818683.12       2235.36914       497.575623       199.149170    
   1823124.62       2226.91309       486.949097       198.331085    
   1827847.25       2218.74390       480.288147       204.034393    
   1833003.50       2211.35693       483.969269       207.066391    
   1838102.50       2208.61499       488.334412       205.728867    
   1841259.50       2212.22974       484.641876       206.103012    
   1846924.50       2215.30835       490.315094       206.825027    
   1851613.75       2218.79980       497.711639       206.669540    
   1855098.38       2249.40063       489.909973       205.490204    
   1860445.25       2238.55591       497.301880       208.564331    
   1864466.62       2221.76489       499.175018       208.691422    
   1868887.75       2201.35596       501.537567       208.113922    
   1873772.62       2194.47607       504.489746       205.505417    
   1880012.12       2189.81665       498.470703       200.818588    
   1886779.88       2188.63525       501.445312       202.872421    
   1894630.25       2178.24341       501.914215       203.056473    
   1899214.50       2218.82080       505.322815       201.530365    
   1905315.62       2202.14771       504.460480       205.342270    
   1910887.25       2208.07104       501.514008       203.982544    
   1916258.25       2203.06519       498.825562       202.288559    
   1920730.62       2151.62085       493.666931       198.037872    
   1927906.50       2158.73267       498.788696       195.974716    
   1932922.25       2154.90552       499.711029       196.266586    
   1936787.62       2134.23608       496.209137       194.092697    
   1941205.25       2151.46924       496.898193       197.394653    
   1947879.00       2150.44189       503.195282       196.991440    
   1952661.50       2146.53687       501.088348       196.034302    
   1957721.12       2132.59131       488.363068       197.980850    
   1961456.12       2141.13794       486.654236       197.460068    
   1966073.12       2120.35986       486.465057       201.840073    
   1968975.38       2131.04077       493.697876       201.116028    
   1973863.25       2130.12866       487.342072       201.476868    
   1978876.88       2134.73267       486.421936       199.282059    
   1983240.75       2156.06445       488.649353       200.598663    
   1986493.88       2164.46680       489.547882       203.803665    
   1989407.25       2141.43652       487.955536       205.430664    
   1993647.12       2110.72705       495.863892       206.309875    
   1996250.62       2090.11572       497.311310       202.492081    
   2002957.38       2108.03345       494.792542       202.702042    
   2006961.12       2120.68140       492.027283       202.296478    
   2011071.75       2097.32935       501.121399       200.532562    
   2017304.50       2064.89844       500.466248       204.110092    
   2022396.50       2074.40942       499.584808       203.206696    
   2028320.12       2072.57690       495.362427       204.738144    
   2034275.50       2078.13403       493.952850       199.117950    
   2039835.38       2067.04077       490.369476       197.977768    
   2043149.88       2073.20728       491.582855       192.658920    
   2047533.50       2054.33203       493.937439       193.131241    
   2051740.75       2051.08301       492.148956       196.788773    
   2055756.62       2052.88647       494.607422       195.929733    
   2059247.38       2050.50000       495.045074       191.496704    
   2064776.38       2085.08325       497.131256       192.524063    
   2069058.38       2095.93750       503.507050       198.039459    
   2073640.88       2111.07715       491.519043       200.522903    
   2079562.75       2132.11157       486.576630       204.672104    
   2086785.38       2146.50049       491.051361       210.833313    
   2093778.12       2163.33643       491.659088       213.166245    
   2097388.00       2151.56201       486.369720       208.796646    
   2104296.25       2136.09253       490.016968       208.840546    
   2108329.75       2148.77368       489.744385       204.611206    
   2112346.00       2168.53149       494.294525       206.134460    
   2117849.00       2209.88281       497.753967       204.172928    
   2123858.00       2236.16943       492.340424       202.562012    
   2128827.00       2207.66992       490.677917       200.808563    
   2134368.50       2233.30444       496.022034       198.616302    
   2138715.50       2233.54810       499.839966       196.258331    
   2142096.00       2245.00781       491.204498       199.207687    
   2148331.50       2241.64307       492.332947       193.351898    
   2153907.75       2222.94043       486.138458       190.212112    
   2160413.25       2237.05396       491.219574       191.294159    
   2163776.75       2210.52612       499.448090       194.635162    
   2167577.00       2214.18164       505.775269       193.801208    
   2171738.75       2230.78149       502.869873       194.260330    
   2175931.75       2229.15210       497.400543       193.960083    
   2181643.50       2201.02881       481.341034       193.472534    
   2186946.75       2194.70654       482.664368       195.646225    
   2190840.25       2204.98438       486.605835       197.311356    
   2196996.75       2193.51733       488.609619       198.216858    
   2203080.25       2212.52100       489.452820       200.807327    
   2208574.75       2215.84937       486.913788       198.846176    
   2215952.50       2217.58838       491.259827       194.732361    
   2220566.50       2222.56909       491.628937       193.482208    
   2226505.50       2217.32886       495.628143       192.877167    
   2234229.75       2207.86963       499.908722       192.830505    
   2239799.25       2209.89282       493.050507       194.471863    
   2245129.25       2185.87427       496.437012       194.394547    
   2251054.00       2232.91455       496.238586       193.892487    
   2254738.25       2248.30566       490.561066       195.651825    
   2257304.50       2255.34058       489.150116       192.897202    
   2265277.00       2242.26489       488.948853       195.325531    
   2270527.25       2222.67383       487.238953       196.407959    
   2274707.75       2219.69604       496.277252       196.708923    
   2280676.50       2222.14087       501.612915       198.045502    
   2288254.75       2235.16406       507.607239       194.991516    
   2292844.50       2217.44922       501.991150       194.034485    
   2298035.00       2242.23438       502.719543       196.989456    
   2302852.50       2270.53394       501.060364       195.361084    
   2306870.75       2274.12231       503.197357       195.622116    
   2312485.00       2242.02075       505.891998       191.371307    
   2318746.75       2239.89673       508.290833       196.620438    
   2324411.25       2254.08374       503.991364       196.997162    
   2329919.00       2254.81201       496.915924       199.580688    
   2337371.75       2247.69019       503.687744       200.006317    
   2342474.25       2259.17944       503.707764       196.938858    
   2347568.00       2256.10498       498.426941       193.789169    
   2350443.50       2268.93286       496.106873       197.978516    
   2355909.25       2264.97192       502.885406       197.335068    
   2361968.75       2264.33643       493.658569       201.397339    
   2365032.25       2258.48193       484.364136       196.293228    
   2368436.50       2263.33203       483.919342       193.410248    
   2373776.75       2269.96289       484.974091       194.806824    
   2378322.00       2263.32056       485.827332       194.449570    
   2384452.25       2269.07837       480.446106       195.191483    
   2391342.00       2249.69727       481.986786       198.882019    
   2397571.25       2279.29102       485.440735       202.363342    
   2401227.00       2273.77417       485.859314       208.393036    
   2406351.25       2288.83301       478.717926       201.969162    
   2412838.00       2289.97168       473.087555       202.618393    
   2417882.25       2266.70605       477.683075       205.742981    
   2423530.75       2289.08667       480.845642       203.769485    
   2427516.00       2270.38672       481.394501       205.650375    
   2430032.50       2276.72021       480.705994       203.914688    
   2435439.00       2279.00464       485.746307       202.489777    
   2440126.00       2306.54077       492.851105       203.155640    
   2445151.75       2290.98779       498.695435       201.679153    
   2450317.00       2280.47876       496.022766       199.515778    
   2454492.00       2294.16870       498.092499       199.563080    
   2459549.25       2271.03369       498.987701       200.375885    
   2466456.25       2249.09058       492.055664       202.971725    
   2471779.00       2247.76904       495.581055       200.525223    
   2478694.75       2253.78198       496.775757       197.376770    
   2483843.00       2250.17432       500.089050       196.913757    
   2490183.50       2268.50024       497.575775       197.776596    
   2496239.25       2273.98682       497.645447       197.141022    
   2501283.25       2277.33472       493.072113       193.662399    
   2506795.00       2268.43896       494.615479       192.432220    
   2515018.75       2278.72876       494.251495       194.591202    
   2520542.50       2285.01953       493.065887       195.405426    
   2527423.00       2267.95801       497.615204       194.020264    
   2531156.25       2293.09692       509.359100       194.451889    
   2537626.25       2288.20532       506.117828       198.329117    
   2542044.75       2273.34644       498.565155       196.992172    
   2548211.75       2273.16284       502.248260       196.562515    
   2551182.50       2287.45605       499.949036       198.258530    
   2558015.75       2286.46582       502.464539       193.978928    
   2563563.00       2287.02344       510.018921       193.125046    
   2568343.75       2234.08936       498.924835       197.775986    
   2574619.25       2200.61816       505.221619       198.697250    
   2579248.00       2214.97510       504.542267       198.676086    
   2585242.75       2214.58643       503.993134       197.234268    
   2592787.00       2175.65576       509.559784       197.598419    
   2599359.50       2191.70020       504.836090       194.247940    
   2603409.00       2178.38672       507.726654       191.222443    
   2611062.75       2192.10254       508.547729       193.311920    
   2615755.25       2189.81128       508.773560       197.938461    
   2620066.00       2180.30249       511.479004       196.245087    
   2628430.00       2175.50073       511.523468       199.301071    
   2634623.25       2184.19043       510.465088       201.671768    
   2639781.75       2198.47363       521.079468       199.005142    
   2646656.25       2183.36816       530.181458       198.582504    
   2649728.00       2163.23706       522.300659       199.514725    
   2653689.75       2146.62915       518.324463       201.500336    
   2658565.00       2144.98560       513.833435       203.847275    
   2662476.00       2146.63647       512.471313       205.082489    
   2668978.00       2131.80786       513.758850       206.200821    
   2676370.75       2129.54077       512.929077       203.640366    
   2684125.75       2138.15112       501.033478       203.187729    
   2691109.75       2120.14331       506.072235       200.392532    
   2697265.50       2144.19189       507.613098       202.984177    
   2705116.00       2149.53540       505.901611       198.191315    
   2710481.75       2183.00024       502.570374       193.783508    
   2715701.75       2183.75195       503.319641       196.418228    
   2720680.00       2203.61890       505.720917       199.550537    
   2723669.00       2221.95532       497.118347       200.302032    
   2729808.75       2245.94165       498.199158       201.730408    
   2734722.75       2213.82153       501.109314       200.834778    
   2740677.00       2218.78711       496.793762       201.959412    
   2749025.75       2256.72729       484.504822       202.699234    
   2753215.25       2248.13745       483.299316       202.959579    
   2760178.75       2247.51392       489.969849       201.701370    
   2764637.25       2233.01660       491.163635       202.918716    
   2769619.00       2217.48340       489.191132       201.535950    
   2775451.50       2243.13452       490.506653       197.505005    
   2780312.75       2222.22925       490.472321       198.041641    
   2787127.50       2213.48267       487.903656       200.992081    
   2793513.75       2236.66870       482.004333       204.455231    
   2800595.50       2211.96216       485.009613       204.545197    
   2808582.25       2233.87988       486.431549       207.534576    
   2814232.75       2229.51587       487.507660       211.844833    
   2823414.75       2218.93896       483.191833       209.523468    
   2830388.50       2229.68286       473.464813       208.392151    
   2837020.25       2245.01416       467.206604       210.609634    
   2843289.50       2236.28687       469.953857       213.304596    
   2850565.00       2235.41797       472.722290       210.297348    
   2856455.50       2225.44507       475.574921       208.271545    
   2859900.50       2259.38696       480.531189       205.501602    
   2866486.75       2257.82007       468.436829       205.321518    
   2873158.50       2257.59302       468.709839       202.753967    
   2880354.75       2267.00073       467.427521       200.691086    
   2884464.00       2264.55615       468.102753       199.751923    
   2890724.75       2247.78467       474.153778       206.280548    
   2896167.00       2266.64136       474.951019       201.838165    
   2899903.75       2275.59180       478.069550       198.598099    
   2905208.50       2271.29150       480.531891       201.170929    
   2909185.00       2232.39722       483.446808       200.243591    
   2914033.00       2209.71924       478.270294       200.914108    
   2919542.00       2186.68726       481.286041       200.781250    
   2927950.75       2192.02783       486.671478       201.349670    
   2933777.50       2207.37036       481.972992       199.212891    
   2939999.50       2200.65698       479.960327       199.737457    
   2945499.50       2190.00293       477.130707       196.037369    
   2952484.50       2200.26318       476.398224       195.828384    
   2956916.75       2200.17822       474.962891       194.100220    
   2964121.75       2190.05786       477.520599       192.810059    
   2968287.00       2193.51514       479.496002       192.373886    
   2971916.25       2170.62939       481.567566       193.450974    
   2978242.50       2165.75806       478.739899       194.478195    
   2983284.50       2160.70679       478.829071       192.750381    
