   0.00000000       0.00000000       0.00000000       0.00000000    
   1.00000000      0.949609995      0.900210023      0.851160049    
   2.01076007       1.86659002       1.71346998       1.57453990    
   3.02248001       2.71398020       2.44464016       2.18407011    
   4.01847982       3.51220989       3.10999990       2.71737003    
   5.00343943       4.26912022       3.69880986       3.14563036    
   6.01115990       4.99316978       4.22289991       3.52956009    
   6.97671986       5.69350958       4.71262980       3.82438016    
   8.01760006       6.37190914       5.14468002       4.09707022    
   9.02023983       7.01321983       5.54837942       4.34017038    
   10.0070000       7.61689997       5.90913010       4.53268003    
   10.9945602       8.16917038       6.21227026       4.68001938    
   12.0354795       8.70366096       6.48267031       4.79362059    
   13.0226402       9.22963810       6.73494053       4.93345070    
   13.9920797       9.73871899       6.95244074       5.05843973    
   15.0282383       10.1658888       7.13092995       5.12698984    
   16.0018005       10.6140785       7.31468058       5.18033981    
   17.0506401       11.0220394       7.48435020       5.25480986    
   18.0738792       11.4302912       7.62256050       5.32974052    
   19.0629578       11.7899408       7.77769947       5.37713003    
   20.0736790       12.1505194       7.89138031       5.42329073    
   21.0900803       12.4492893       8.00228024       5.48582029    
   22.1055222       12.7068701       8.09261894       5.47636127    
   23.0991230       13.0632811       8.18575764       5.50017977    
   24.0949993       13.3903589       8.25431919       5.49954987    
   25.0773582       13.6431990       8.31524849       5.51414013    
   26.1137180       13.9119387       8.42671680       5.52656984    
   27.1381569       14.1562319       8.51443005       5.58097982    
   28.0991611       14.3605099       8.58557129       5.57571983    
   29.0856781       14.5784721       8.61926079       5.55853987    
   30.0956402       14.8372593       8.64853001       5.58264065    
   31.0752850       15.0254917       8.62746906       5.59682083    
   32.0850830       15.1744804       8.67063046       5.58080101    
   33.1182327       15.3405399       8.70150948       5.59565067    
   34.1390839       15.5184393       8.70386028       5.58659983    
   35.1765480       15.6663427       8.73291206       5.58791018    
   36.1197701       15.7949305       8.76342964       5.61027956    
   37.2217445       15.9670029       8.79694939       5.64213991    
   38.2216072       16.1570606       8.87063789       5.64533949    
   39.1753082       16.3250408       8.83713055       5.64277983    
   40.2348518       16.4299831       8.84821033       5.63926077    
   41.2303467       16.5766697       8.86472797       5.63559103    
   42.3457642       16.6948853       8.89320946       5.62637997    
   43.2499886       16.7946587       8.93737030       5.61049986    
   44.2500420       16.9526196       8.96010876       5.57071018    
   45.1716652       17.0539684       8.96053982       5.61159992    
   46.1914024       17.1628933       8.95482063       5.64606905    
   47.1491890       17.2073689       8.97855091       5.69266033    
   48.1509247       17.3227596       9.02037048       5.73358059    
   49.1253891       17.3877602       9.00503063       5.72528028    
   50.1475334       17.4870281       8.99396992       5.72756004    
   51.1620674       17.5187187       8.98744011       5.73883057    
   52.1312790       17.5723972       9.00692654       5.70159006    
   53.0851898       17.6458340       8.99083233       5.71554041    
   54.0561600       17.7015076       8.94721985       5.64394999    
   55.1356277       17.7503166       8.92501163       5.66217995    
   56.1492462       17.7692471       8.94146061       5.67742968    
   57.1693954       17.8200531       8.96702766       5.66809988    
   58.1315689       17.8538094       8.94445133       5.67970991    
   59.1159058       17.9715576       8.93683147       5.66022062    
   60.0596161       18.0250797       9.01320076       5.64740992    
   61.0357513       18.0820065       9.02019978       5.65111113    
   62.0188103       18.1417522       9.04814148       5.64077044    
   62.9929886       18.2193031       9.00807953       5.66242027    
   63.9390907       18.2223740       8.99898052       5.68580914    
   64.8350601       18.2169991       9.00061035       5.68539047    
   65.8131714       18.2700062       9.00091076       5.66434050    
   66.8232727       18.2774181       8.97175217       5.66339064    
   67.8524094       18.2720356       8.99752903       5.65750074    
   68.7768021       18.3132744       9.01406860       5.64361048    
   69.7832413       18.3851719       8.98532200       5.64511061    
   70.7745209       18.3988113       8.98686981       5.65477180    
   71.8906937       18.3802414       9.02209854       5.64050007    
   72.8176346       18.4908142       8.98596954       5.67775059    
   73.8402100       18.4846306       8.99764061       5.66104984    
   74.8332367       18.4436169       9.02056026       5.66689014    
   75.7310867       18.5111103       9.04142952       5.66970015    
   76.7319336       18.4755459       9.03952980       5.69107008    
   77.6894302       18.5561066       9.01334095       5.64903021    
   78.6600189       18.5634670       9.00667000       5.64943027    
   79.6347809       18.5885773       8.98408222       5.65687990    
   80.6237411       18.6585979       8.99872017       5.67225981    
   81.5529785       18.6742706       9.00207043       5.66426039    
   82.5310135       18.6976223       9.03156185       5.63446999    
   83.4928741       18.7080860       9.00458908       5.61490965    
   84.5733795       18.7427387       8.99359131       5.62333012    
   85.6541901       18.7234573       8.95308971       5.64480019    
   86.6633224       18.7530136       8.93932152       5.66301966    
   87.7124252       18.7456837       8.86410141       5.64704037    
   88.7646179       18.7749691       8.82637978       5.64843988    
   89.7956161       18.8124084       8.83714867       5.64551878    
   90.7773132       18.8294201       8.84777832       5.65087986    
   91.6949005       18.8668499       8.85123825       5.63933945    
   92.7604599       18.8685608       8.85397053       5.66202021    
   93.8666229       18.9022312       8.91061211       5.64871025    
   94.8761826       18.8879032       8.93830967       5.63997984    
   95.8602219       18.9465313       8.94068909       5.62990952    
   96.8358994       19.0025826       8.95088005       5.64850950    
   97.8533630       19.0150108       8.95180893       5.62225914    
   98.8855133       19.0341282       8.93786049       5.62923002    
   99.9417877       18.9618130       8.92486000       5.61962032    
   100.930130       18.9401627       8.90464020       5.62172985    
   101.888229       18.9404430       8.90145969       5.64250088    
   102.964142       19.0106983       8.94650936       5.64842939    
   103.941742       19.1153030       8.87968063       5.66204023    
   104.859451       19.1016006       8.89252090       5.63209057    
   105.805565       19.1500473       8.88113880       5.62219095    
   106.890129       19.1895561       8.87735748       5.65183926    
   107.898956       19.2365494       8.89918041       5.65345907    
   108.853180       19.2206268       8.85859108       5.62169981    
   109.868980       19.1730347       8.83610058       5.61821985    
   110.767738       19.1424255       8.85509109       5.65295982    
   111.749519       19.0580750       8.90910053       5.66812992    
   112.784492       19.0068913       8.90187931       5.66776991    
   113.804024       19.0116024       8.91954803       5.68949032    
   114.833443       19.0594730       8.81149960       5.65676928    
   115.829353       19.0194454       8.82946014       5.64653015    
   116.823418       19.0104580       8.86765003       5.67894030    
   117.782524       18.9844246       8.92395973       5.63890028    
   118.803230       18.9143581       8.92776871       5.63772964    
   119.747147       18.8941765       8.90237999       5.63798046    
   120.837852       18.8365917       8.89157104       5.67044067    
   121.901482       18.8488712       8.88452053       5.64739037    
   122.910103       18.8613071       8.80692959       5.68022060    
   123.848419       18.8374023       8.82580853       5.71536922    
   124.934608       18.8059902       8.84514999       5.74344015    
   125.947151       18.8287430       8.84799767       5.73398972    
   127.009018       18.8836327       8.88017941       5.74261045    
   128.163773       18.9544392       8.89888954       5.72819996    
   129.310486       18.9080086       8.88711071       5.72720003    
   130.278229       18.8614483       8.89503002       5.76180029    
   131.350159       18.8541012       8.90624046       5.72780991    
   132.366348       18.8082790       8.99680805       5.69405127    
   133.281036       18.8181953       9.03859043       5.68468046    
   134.280029       18.7994480       9.03673935       5.66419077    
   135.168213       18.8310356       9.03847980       5.64972019    
   136.030746       18.8238754       9.01754093       5.63928032    
   136.969315       18.8454876       9.05052090       5.64075947    
   138.074020       18.8346119       9.05190086       5.62985992    
   139.016891       18.8127747       9.05025005       5.63445997    
   139.822006       18.8510571       9.04292965       5.63565016    
   140.833664       18.8154926       9.00917053       5.62792063    
   141.863510       18.7805443       9.02538013       5.66156006    
   142.780716       18.8447914       9.01473904       5.65064049    
   143.775299       18.8487911       9.03703022       5.66951036    
   144.840073       18.8836594       8.99409008       5.66136980    
   145.946304       18.8625698       9.01784039       5.62992907    
   147.055847       18.8349285       9.00922012       5.63372946    
   148.096512       18.8479900       8.92952919       5.68633127    
   149.143311       18.8631725       8.91002846       5.69234991    
   150.209229       18.8790359       8.90340042       5.72404051    
   151.181076       18.8257294       8.96025848       5.72808027    
   152.122452       18.8659477       8.97395992       5.71928024    
   153.026749       18.9184875       8.93875122       5.72094965    
   154.130707       18.9690704       8.93083954       5.69238949    
   154.970261       19.0097389       8.94242859       5.69140911    
   156.059311       19.0551910       8.93021965       5.69090033    
   157.043213       19.0138035       8.97072029       5.68791962    
   157.953705       18.9960423       8.99472141       5.67654943    
   158.981247       19.0669918       8.99623108       5.69106054    
   159.991211       19.1146374       8.97914124       5.69188881    
   161.050278       19.1254692       8.96657944       5.66463041    
   162.011658       19.1444378       8.92811012       5.64799070    
   163.292892       19.1273174       8.91334820       5.62029934    
   164.264633       19.1168709       8.92044067       5.64814997    
   165.250397       19.1243362       8.90738964       5.64176035    
   166.303055       19.1495304       8.93435860       5.66698074    
   167.310394       19.1053009       8.94895840       5.69338894    
   168.214615       19.1262875       8.93474007       5.72932959    
   169.210846       19.0503273       8.97930050       5.71430063    
   170.118103       18.9970970       9.00604057       5.71487045    
   171.204132       18.9884968       9.02516842       5.69151020    
   172.249329       19.0250187       9.03930950       5.68055058    
   173.107071       19.0702400       9.03988934       5.70584965    
   174.211838       19.0980282       9.02861118       5.69503880    
   175.195557       19.0769024       9.03885746       5.71512127    
   176.238617       19.0538273       9.03933144       5.71930122    
   177.381943       19.0498409       9.04326820       5.68413973    
   178.530975       19.1103687       9.06694031       5.74670124    
   179.524170       19.1176624       9.06878948       5.77509022    
   180.375122       19.1025391       9.06792164       5.74229002    
   181.311569       19.1622028       9.05231094       5.72899008    
   182.184982       19.1880627       9.04891109       5.69355011    
   183.342590       19.1348724       9.05455112       5.66965008    
   184.375824       19.1215839       9.05821228       5.65653038    
   185.391312       19.1350765       9.01171112       5.65691042    
   186.432693       19.1324291       9.00874233       5.68594027    
   187.426834       19.0933895       8.99206924       5.64364004    
   188.465500       19.1369705       9.01733112       5.66401958    
   189.455933       19.1704330       8.99487972       5.65233946    
   190.621811       19.1567307       8.99990082       5.65043926    
   191.684677       19.1057091       8.99959087       5.62919998    
   192.805939       19.0864773       9.00216103       5.64540005    
   193.706207       19.1210423       9.00819969       5.65484047    
   194.676056       19.0529575       9.03999996       5.65686893    
   195.642319       19.0455971       9.04104996       5.64658976    
   196.547150       19.1013660       9.05498028       5.61855888    
   197.579758       19.0545807       9.04661846       5.63565063    
   198.555649       19.0301800       9.03297710       5.67642021    
   199.504211       19.0197563       9.05459976       5.66359949    
   200.486984       19.1230106       9.01295948       5.69320965    
   201.585785       19.0655365       8.98662853       5.66625023    
   202.589661       19.0309620       8.95033932       5.67651033    
   203.579147       18.9486580       8.95758915       5.66849041    
   204.615051       18.9350204       8.92814922       5.64603949    
   205.473770       18.8960075       8.94997978       5.62347031    
   206.563431       18.8682690       8.97846031       5.61841011    
   207.584106       18.8810291       8.95950890       5.63141060    
   208.496078       18.8620872       8.95637989       5.64954042    
   209.587585       18.8413887       8.93237972       5.65900993    
   210.787827       18.8089981       8.90748787       5.63088036    
   211.810883       18.7713318       8.91921902       5.57565975    
   212.912888       18.8481388       8.91853905       5.52271986    
   214.107635       18.8926849       8.93848991       5.49756050    
   214.974838       18.9177704       8.94328976       5.49899912    
   215.918823       18.9089775       8.96420097       5.51175976    
   216.975922       18.9596634       8.97157097       5.53451920    
   217.936905       18.9119415       8.95108128       5.56667948    
   218.923965       18.9011822       8.98670959       5.57084990    
   219.898605       18.9370136       9.03526974       5.60156965    
   221.029999       18.9008198       9.04863167       5.62026024    
   221.991669       18.8908806       9.01193905       5.60563993    
   222.904999       18.8791599       9.05275726       5.60316038    
   223.958099       18.8532505       9.05647755       5.60824108    
   224.866913       18.8493824       9.06779957       5.61520100    
   225.820343       18.9000397       9.12062931       5.61942959    
   226.882660       18.9512730       9.11620140       5.62313938    
   227.708984       18.9258060       9.07847977       5.62919044    
   228.675171       18.9066105       9.08619118       5.65648031    
   229.743942       18.8910904       9.08352280       5.67676020    
   230.578766       18.9142818       9.04537010       5.70601940    
   231.608276       18.9343395       9.05283928       5.69844007    
   232.576126       18.9603195       9.03795910       5.71023989    
   233.490845       18.9491558       9.02710056       5.69445848    
   234.349548       18.9108810       8.95940971       5.70984888    
   235.327988       19.0078316       8.99992943       5.69856024    
   236.089310       18.9252510       9.02505112       5.69457960    
   237.159454       18.8684177       9.01375866       5.68032932    
   238.104431       18.9243793       9.03605938       5.68679094    
   239.126602       18.9355125       9.03024960       5.69716024    
   240.230988       18.9368896       9.06556034       5.70298004    
   241.267456       18.9449997       9.05651951       5.66700983    
   242.339355       18.9585724       9.02586842       5.67640972    
   243.146896       18.9795837       9.01490021       5.65568924    
   244.277313       19.0165939       8.99541855       5.63987064    
   245.264877       19.0591488       9.02258015       5.62972069    
   246.263931       19.0989590       8.98015118       5.60474014    
   247.191574       19.1582680       8.95073032       5.63480091    
   248.363754       19.1501675       8.94104195       5.62978029    
   249.587372       19.0996609       8.98528862       5.64426994    
   250.427505       19.0857086       8.95199871       5.66994095    
   251.205536       19.0897751       8.98357964       5.69325972    
   252.344894       19.0242481       8.94898033       5.69529009    
   253.459106       19.0514736       8.94160938       5.68105984    
   254.288834       19.0847645       8.93957043       5.67704010    
   255.303284       19.0858650       8.97377014       5.69555950    
   256.471069       19.0174599       8.94307137       5.68455076    
   257.343964       18.9564400       8.98744011       5.67521000    
   258.524811       19.0643215       9.00367069       5.67966032    
   259.561798       19.1296425       9.00551987       5.67389011    
   260.507843       19.1260681       9.03295898       5.67910910    
   261.418152       19.1043034       9.04885006       5.66996002    
   262.414703       19.1061268       9.08059978       5.67685938    
   263.406342       19.0803699       9.10560036       5.66479015    
   264.421478       19.0989075       9.08948898       5.68441057    
   265.461029       19.0882683       9.06447887       5.71265984    
   266.352722       19.0911961       9.08186054       5.70595074    
   267.254791       19.1129913       9.09082127       5.70807886    
   268.239624       19.0671425       9.06446934       5.73719025    
   269.228821       19.1187019       9.09710884       5.70536041    
   270.208435       19.1432362       9.08480072       5.69763041    
   271.329132       19.1420383       9.07739067       5.67913103    
   272.359589       19.1637459       9.04050922       5.68592978    
   273.431915       19.1815624       8.99053192       5.67132044    
   274.221100       19.1492043       8.97793007       5.69230890    
   275.072601       19.0978527       8.95802116       5.68296003    
   275.990875       19.0364819       8.98233223       5.69423008    
   276.887878       19.0200214       9.00171852       5.71841002    
   278.164459       19.0550194       8.92994976       5.71371984    
   279.211487       19.0926685       8.92374992       5.70804930    
   280.321808       19.0302467       8.99029922       5.70841026    
   281.313324       19.0540371       8.94715881       5.68276024    
   282.383484       19.0599861       8.93469048       5.65263939    
   283.201385       19.0039310       8.95925045       5.66091967    
   284.104706       19.0056992       8.94122982       5.65830088    
   285.058136       18.9731197       8.91455936       5.64834070    
   285.925262       19.0062695       8.91967869       5.59609032    
   286.747772       19.0309410       8.95407772       5.60153008    
   287.901978       19.0068016       8.88405991       5.61251068    
   288.983276       19.0151100       8.85495853       5.61618948    
   290.015228       18.9736385       8.85334110       5.65235043    
   290.958252       18.9876633       8.84661007       5.62267971    
   291.812836       19.0137119       8.89414120       5.62459993    
   292.766449       19.0181046       8.91481972       5.63842916    
   293.924225       19.0626049       8.89649105       5.65851068    
   294.866028       19.0311737       8.95220947       5.67077065    
   296.037292       18.9280071       8.95645046       5.65474892    
   297.109741       18.9427586       8.93466854       5.58878088    
   298.031372       18.8920898       8.95655060       5.59369040    
   299.166992       18.9460506       8.91660881       5.58938026    
   300.176697       18.9430618       8.91496849       5.58792114    
   301.286316       18.9457493       8.93070889       5.60697985    
   302.331848       18.9480629       8.97574997       5.62257004    
   303.103912       18.8876171       8.96908951       5.60208035    
   304.255157       18.8113575       8.97934914       5.57305908    
   305.406250       18.8238029       9.01799965       5.58000994    
   306.275543       18.8236408       9.01319981       5.61974001    
   307.321350       18.8415527       9.03482151       5.65435028    
   308.251526       18.8097534       8.99317074       5.66197920    
   309.165192       18.8266010       9.03600025       5.65873003    
   310.174927       18.8460960       8.97845936       5.66550016    
   311.196777       18.8317776       8.96816921       5.65422058    
   312.222473       18.8615398       8.93449974       5.69030046    
   313.358734       18.7881413       9.01224899       5.66821957    
   314.395905       18.7872810       9.01427174       5.69655895    
   315.133667       18.7254963       9.03013039       5.68636036    
   316.316437       18.7102699       9.02891159       5.68859005    
   317.338531       18.7202702       9.05226898       5.69227028    
   318.427979       18.7581959       9.07076931       5.70964003    
   319.533478       18.7346077       9.08187962       5.73582029    
   320.489441       18.6699409       9.11248970       5.74498987    
   321.562531       18.7415123       9.09656048       5.74876022    
   322.677979       18.8162880       9.04973125       5.72297001    
   323.744110       18.8558388       8.99504089       5.72689009    
   324.707550       18.8755074       8.96441936       5.74422026    
   325.868469       18.9149380       9.00916958       5.71689034    
   326.773651       18.8730030       9.00761032       5.68870020    
   327.732147       18.8447018       9.01040077       5.68033075    
   328.629486       18.8468075       9.03194904       5.71767092    
   329.768311       18.8570080       8.97419262       5.69427061    
   330.683258       18.7914944       8.95063877       5.68250036    
   331.662781       18.8381424       8.95714092       5.67000008    
   332.797699       18.8319588       8.97415924       5.66079998    
   334.002655       18.7495518       8.96691799       5.65987062    
   334.844086       18.7438850       8.95103073       5.62791157    
   335.959869       18.7957344       8.95289040       5.63929987    
   337.113556       18.7523327       8.93680000       5.65238047    
   338.054291       18.7388363       8.93657017       5.66194010    
   338.953003       18.7642307       8.94812202       5.67480946    
   340.060089       18.7963505       8.98408985       5.70779991    
   340.920441       18.7703075       9.00536919       5.69911051    
   342.244263       18.7870502       9.01201057       5.67809963    
   343.330902       18.7890701       9.02198124       5.69138050    
   344.192963       18.7730503       9.00475979       5.68765926    
   345.255737       18.8332710       8.99684906       5.65673971    
   346.169739       18.8622131       8.93295956       5.67666960    
   347.123199       18.8545895       8.94290924       5.65495968    
   348.201141       18.8706818       8.96654987       5.65281057    
   349.290710       18.8286228       8.97148132       5.65216970    
   350.487000       18.8514519       8.96270847       5.66190004    
   351.380219       18.9228363       8.96176052       5.63451958    
   352.330902       18.9441929       8.99557018       5.62740040    
   353.262146       18.9809494       9.07406044       5.63042021    
   354.358337       18.9463291       9.06468964       5.64631033    
   355.413055       18.9764118       9.03793907       5.63068056    
   356.615051       18.9674187       9.05893707       5.67212009    
   357.675354       18.9357452       8.99439049       5.69707012    
   358.565643       18.9361572       8.99833298       5.69257069    
   359.453552       18.9754696       9.00955200       5.65297031    
   360.284790       18.9130669       8.98931122       5.67175055    
   361.264160       18.8874073       9.01697922       5.61598015    
   362.041840       18.7773666       9.01287937       5.67944050    
   363.023407       18.8576832       8.98851299       5.69177008    
   363.940125       18.8647385       8.98671150       5.67633009    
   364.894989       18.8552399       8.97246075       5.66924000    
   365.824585       18.8940067       8.94734859       5.66210938    
   366.755768       18.9465904       8.93496895       5.70472002    
   367.939240       19.0073719       8.95009995       5.68610096    
   368.842621       19.0268574       8.97633171       5.69504976    
   369.809937       19.1003914       8.91414165       5.69763088    
   370.957458       19.1174183       8.93146038       5.66510201    
   371.928864       19.0572567       8.94606972       5.65859079    
   372.690582       19.1114540       8.95472908       5.64628029    
   373.723938       19.1280766       8.99396992       5.66223001    
   374.855896       19.1364613       8.94460964       5.66443920    
   375.953339       19.1684685       8.89579010       5.67568016    
   376.856934       19.1888981       8.91132069       5.67755032    
   378.020691       19.1623497       8.93116951       5.67729950    
   379.036346       19.1227875       8.91872883       5.68459034    
   379.870972       19.0618000       8.88520908       5.68566036    
   380.974152       19.1430798       8.94122982       5.71120930    
   382.242188       19.2337818       8.96218109       5.69367933    
   383.457794       19.2204781       9.00061035       5.67970991    
   384.422638       19.1679649       9.01720810       5.67456007    
   385.382385       19.1796608       9.02009964       5.66816998    
   386.566467       19.0879841       9.01038933       5.66703987    
   387.621277       19.0685291       8.98354053       5.67026997    
   388.528625       19.0810814       8.96561050       5.70127010    
   389.228638       19.1654377       8.95738029       5.69529057    
   389.945312       19.2526684       8.94557953       5.68571091    
   391.163513       19.2342243       8.92184067       5.67868948    
   392.114258       19.2992115       8.88283920       5.73589087    
   393.087006       19.2890987       8.87727833       5.73379040    
   394.088776       19.2648411       8.87082767       5.73999977    
   395.187531       19.2141094       8.87460804       5.71840000    
   396.245331       19.2167072       8.88332939       5.70099974    
   397.346130       19.2439175       8.89694023       5.68834972    
   398.078400       19.3106022       8.91266155       5.72911930    
   398.819305       19.3083210       8.96661949       5.71391010    
   399.869904       19.2876587       8.94791031       5.70898914    
   400.919006       19.3000507       8.93906975       5.67800999    
   402.182587       19.2737217       8.91621971       5.68264961    
   403.350708       19.2846222       8.95661926       5.70439005    
   404.316742       19.3266506       8.98185158       5.68918943    
   405.337860       19.3311214       8.96270084       5.69634962    
   406.231110       19.3044090       8.98289871       5.66459084    
   407.403198       19.2799301       8.97021961       5.68311930    
   408.520111       19.3020267       8.96868038       5.65718079    
   409.396423       19.3233109       8.97764778       5.63845062    
   410.255463       19.2378159       9.00454044       5.62124014    
   411.241364       19.2023811       8.99535942       5.65489960    
   412.495819       19.1756191       9.03105068       5.68308067    
   413.327698       19.1104832       9.03265953       5.70376921    
   414.074188       19.1336594       9.07024002       5.67569971    
   415.040314       19.1266479       9.05906010       5.68673992    
   416.144165       19.1080933       9.09356022       5.68764925    
   417.233063       19.1657887       9.07047939       5.71102047    
   418.337860       19.1844063       9.04958057       5.69542980    
   419.385498       19.2168293       9.05667019       5.68692970    
   420.453400       19.1864014       9.02966976       5.68519020    
   421.397400       19.1298523       9.05589104       5.69399977    
   422.416901       19.1431713       9.11094856       5.68224001    
   423.311371       19.0871086       9.10539913       5.64560032    
   424.342072       19.0357323       9.07449150       5.65134001    
   425.086060       19.0890827       9.07334900       5.66700125    
   426.017639       19.0230522       9.00153160       5.67576981    
   426.947998       19.0115814       9.05634212       5.66179991    
   427.828552       19.0088997       9.02444077       5.67190027    
   428.856171       19.0454979       9.06557941       5.68080091    
   429.739166       19.0484428       9.04365063       5.69702053    
   430.851349       19.0523529       9.01734924       5.73147058    
   431.922913       19.0508518       9.00094128       5.70990181    
   432.737457       19.0495186       8.98367023       5.72265053    
   433.959686       19.0541286       9.00566101       5.71604967    
   434.921661       19.0478001       8.97694016       5.73439026    
   435.968475       19.0041790       8.99421024       5.71632004    
   437.199310       18.9710274       8.99888992       5.68993044    
   438.369904       18.9279633       8.94237041       5.66197920    
   439.409241       18.9498520       8.91475964       5.65499067    
   440.484711       18.8937054       8.93216133       5.66676998    
   441.319092       18.8571301       8.94507885       5.68255043    
   442.325592       18.9002686       8.95999908       5.67487001    
   443.281952       18.8434772       8.97192955       5.67124128    
   444.264771       18.9540291       8.98690033       5.66667032    
   445.401093       18.8826408       9.01437950       5.67794943    
   446.390259       18.8446999       9.01483059       5.66334009    
   447.418457       18.8476200       9.05255890       5.66487026    
   448.059845       18.8046150       9.04385948       5.67578936    
   449.067780       18.8543987       9.07209015       5.67966986    
   450.161469       18.8598976       9.07621002       5.65071011    
   451.303772       18.8454475       9.15565777       5.65182018    
   452.279999       18.8152790       9.15762138       5.62612057    
   453.056396       18.7907104       9.15750980       5.59222031    
   453.811554       18.7506943       9.13152790       5.60424042    
   454.875336       18.7731094       9.12100124       5.63780975    
   455.949158       18.7967415       9.07280922       5.65396118    
   456.896210       18.7569714       9.08769035       5.67910051    
   457.647278       18.7726994       9.11248970       5.67405081    
   458.613586       18.7816162       9.08014107       5.69709015    
   459.757172       18.8062515       9.06072044       5.67383003    
   460.731079       18.8877087       9.02196884       5.68019009    
   461.689301       18.8722725       8.96215057       5.67021990    
   462.838379       18.9010582       8.96026993       5.69365025    
   463.705078       18.9380169       8.95675087       5.67749023    
   464.675751       19.0028248       8.98184109       5.67184019    
   465.726013       19.0244637       8.97233009       5.70319033    
   466.421875       18.9307194       8.97977924       5.67836094    
   467.641785       18.9705601       8.93300056       5.69702005    
   468.466339       18.9401569       8.91843033       5.66005993    
   469.528412       18.9721203       8.92568970       5.64882040    
   470.640320       18.9582520       8.90890980       5.62980986    
   471.694000       18.9808502       8.94873142       5.61462927    
   472.689270       19.0222664       8.96085072       5.62200975    
   473.478271       18.9789505       8.95823002       5.62467003    
   474.468842       19.0076790       8.99631977       5.58901978    
   475.542969       18.9665127       8.98557854       5.60189009    
   476.455536       18.9274197       8.94700909       5.56679058    
   477.262726       18.8879528       8.98027897       5.59280014    
   478.249146       18.9424438       8.98444176       5.58634996    
   479.236023       18.9130878       8.97582912       5.56945038    
   480.470551       18.9029274       9.05489063       5.58518124    
   481.608826       18.9366322       9.07511902       5.56185913    
   482.584839       18.9946613       9.04334068       5.58729076    
   483.608704       18.9323139       9.03644943       5.61451054    
   484.601440       18.9835796       9.03503895       5.58587074    
   485.788513       19.0368519       9.04379082       5.57258987    
   486.822662       19.0573692       9.00974083       5.59330082    
   487.971436       19.0595703       9.01105118       5.60191011    
   488.944763       19.1509094       9.05005932       5.61641121    
   490.034637       19.1689777       8.99637985       5.62081003    
   491.040863       19.1112423       9.00169849       5.65817165    
   492.086426       19.1146984       9.04254150       5.64988041    
   493.407379       19.1100388       8.99435902       5.62557077    
   494.496918       19.0740452       8.96029949       5.64255095    
   495.307007       18.9204769       8.94486809       5.65142012    
   496.098236       18.8403187       8.97889042       5.66660976    
   496.879578       18.7904263       8.95333004       5.65523005    
   497.994324       18.7939701       8.94679070       5.64770031    
   498.767914       18.8202496       8.95967960       5.62476063    
   499.899353       18.8453388       8.96605968       5.63218069    
   501.154724       18.8307114       8.96666145       5.61442947    
   502.226685       18.8544674       9.00002098       5.56940937    
   503.220245       18.8194504       9.01136875       5.60444021    
   504.093262       18.8378086       8.98456001       5.63310146    
   505.110931       18.8458900       8.93581963       5.63647079    
   505.796265       18.8906193       8.95806980       5.57061005    
   506.787567       18.8946571       8.95514107       5.57706976    
   507.766602       18.9151611       8.94470882       5.59021997    
   508.695892       18.9322052       8.97729778       5.59622049    
   509.690918       18.8725414       9.02492905       5.63196039    
   510.437012       18.9273396       8.98683071       5.64701080    
   511.556671       18.8713226       8.99855900       5.64480019    
   512.801208       18.9037476       9.04584885       5.66607094    
   513.800598       18.8960609       8.97269058       5.68044949    
   514.648071       18.9330692       9.01429939       5.70259905    
   515.843689       18.9163685       9.01089001       5.70716095    
   517.010071       18.8969154       9.03163815       5.67162037    
   518.022217       18.8806057       9.04356098       5.69163036    
   518.998291       18.8212490       9.05430031       5.67072964    
   519.941345       18.7675343       9.03487968       5.66299963    
   520.743286       18.8409309       9.05118847       5.65677023    
   521.805115       18.8144093       9.05018139       5.64894056    
   522.973694       18.9229965       9.07713032       5.62164021    
   523.832764       18.9626198       9.07450199       5.60163975    
   524.747681       18.9015160       9.09030151       5.61783886    
   525.515991       18.8695030       9.07750893       5.59978104    
   526.540039       18.8698845       9.07430935       5.60099077    
   527.835876       18.8760433       9.03660774       5.56049061    
   528.804871       18.8815289       9.05228043       5.58097029    
   529.564209       18.8840237       9.01023006       5.56778002    
   530.559570       18.9291706       9.00959873       5.57691050    
   531.793457       18.8777275       8.98526859       5.59644985    
   532.814331       18.8745956       8.93943882       5.59601974    
   533.783264       18.8650665       8.98016930       5.60582924    
   534.766235       18.8180180       8.97447014       5.61616039    
   535.815247       18.8303490       8.94976997       5.61760998    
   536.751648       18.8293285       8.92976093       5.67125130    
   538.004761       18.8871098       8.92828178       5.64858913    
   539.203735       18.8619328       8.95414829       5.66665936    
   540.090759       18.8519630       8.95546913       5.69634151    
   541.115784       18.8834038       8.96360970       5.68462944    
   541.777344       18.8476295       8.94081116       5.68630123    
   542.615784       18.8804512       8.91929054       5.68813992    
   543.712769       18.8680630       8.90646076       5.69400024    
   544.667419       19.0117607       8.92469025       5.66046953    
   545.776306       18.9912186       8.93069172       5.64820099    
   546.977722       18.9886894       8.88928986       5.64118099    
   547.904358       18.9763660       8.85016823       5.66952038    
   548.693787       19.0052090       8.88584995       5.66958952    
   549.772217       19.0193920       8.84504890       5.65160990    
   550.732422       18.9459381       8.82387924       5.65382004    
   551.795227       18.9619293       8.81645012       5.67515087    
   552.741333       18.9273777       8.82808971       5.65468979    
   553.933960       18.8799152       8.87893009       5.65195990    
   554.902771       18.9839172       8.89777851       5.64110041    
   555.812683       18.9602127       8.91605854       5.64694023    
   557.228882       19.0198021       8.93155098       5.64894009    
   558.505371       19.0410099       8.94421864       5.64819098    
   559.446350       19.0186863       8.92355061       5.63938999    
   560.792175       19.0554066       8.88528824       5.64050102    
   561.620544       19.0923767       8.91447830       5.62810040    
   562.574158       19.0562801       8.94894981       5.61915970    
   563.417053       19.1236668       8.93714905       5.64562130    
   564.431763       19.0873337       8.91622925       5.61837959    
   565.424072       19.1086826       8.89649963       5.63580990    
   566.018433       18.9896564       8.93500042       5.65929985    
   566.835876       18.9926605       8.92401981       5.65037012    
   567.695007       18.9232330       8.92765808       5.67588997    
   568.772888       18.9314728       8.94730282       5.69085979    
   569.640015       18.9569702       8.95635128       5.69506025    
   570.713318       18.9412117       8.95166779       5.69945097    
   571.694702       18.9264717       9.00020981       5.72358036    
   572.719360       18.9175358       8.98041058       5.73331022    
   573.649292       18.8122196       8.93748093       5.71816969    
   574.903809       18.8368607       8.96232986       5.70426083    
   575.916626       18.8664608       8.95759869       5.67547035    
   577.287903       18.8505859       8.96269035       5.64419031    
   578.280396       18.8624783       8.97471046       5.62423944    
   579.208862       18.8953209       8.97775841       5.64018965    
   580.219482       18.8495388       8.94473934       5.62353039    
   581.419556       18.9077816       8.90542030       5.64312172    
   582.487549       18.9197998       8.89820004       5.64509964    
   583.588440       18.9886494       8.89755154       5.63123989    
   584.594177       19.0104618       8.85310841       5.62687016    
   585.456177       18.9910984       8.87799072       5.58076954    
   586.201660       18.9376087       8.90201950       5.58590937    
   587.036499       18.9470062       8.91738033       5.62061119    
   588.106934       18.8923645       8.91043758       5.63483047    
   588.984009       18.9497547       8.88536930       5.65346098    
   589.915344       18.8977890       8.93128204       5.65709066    
   590.677124       18.8931408       8.96441936       5.66949034    
   591.884827       19.0037060       9.01408005       5.66678953    
   592.927368       18.9504185       8.95218849       5.63907957    
   593.984436       18.9970512       8.92264080       5.61352015    
   594.830566       18.9724350       8.92624855       5.62387991    
   595.423523       18.9821262       8.93027973       5.66541052    
   596.353882       18.9260120       8.95833015       5.63216972    
   597.301086       18.9380322       9.00144863       5.63757992    
   598.262512       18.9998703       8.98436069       5.66809988    
   599.386963       18.9930439       9.02205086       5.63935995    
   600.073059       18.9538136       9.04375935       5.61465025    
   601.022034       18.9456768       9.04736042       5.62869024    
   602.210266       18.9410152       9.09093189       5.62959051    
   603.261719       19.0098209       9.02654076       5.58778000    
   604.203735       18.9839497       9.04321957       5.59315062    
   605.142517       19.0681095       9.07963848       5.63798952    
   606.337585       19.0004082       9.13535118       5.64894009    
   607.231323       18.9912186       9.10146999       5.61902905    
   608.150269       19.0058060       9.09155941       5.64016008    
   609.084778       19.0027676       9.08412075       5.58977032    
   610.191101       18.9359989       9.04294205       5.60107994    
   611.056824       18.9536095       9.01660824       5.61425018    
   612.099548       18.9646492       9.09483910       5.60176945    
   613.142273       18.9965782       9.07035828       5.57345104    
   614.255310       19.0244179       9.08420086       5.58128977    
   615.191345       18.9836102       9.01206875       5.58101034    
   616.277222       18.9717865       8.96290970       5.62209988    
   617.205566       18.9996014       8.98185921       5.63406992    
   618.112305       19.0194397       9.07195950       5.62493992    
   619.011292       19.0599995       9.06086922       5.59961987    
   620.204407       19.0958443       9.05586910       5.65954924    
   621.003662       19.0882206       9.03811932       5.69707060    
   621.855591       19.0832405       9.10118866       5.70048046    
   622.794678       19.0397129       9.10291195       5.66992044    
   623.882263       18.9754696       9.06711006       5.66044950    
   625.101807       18.9375210       9.03902054       5.66815090    
   626.026978       18.9625893       9.09760952       5.69164085    
   626.977539       18.9268017       9.07638168       5.66490984    
   628.001831       18.9170971       9.09692001       5.65398932    
   628.834778       18.9660435       9.07493019       5.66323948    
   629.856201       19.0006485       9.04957008       5.70179081    
   630.869019       18.9868107       8.97791100       5.70418930    
   631.676697       18.9626808       9.00169849       5.68305016    
   632.634949       18.9847507       9.02739906       5.64919901    
   633.790100       19.0670109       9.03059196       5.64110041    
   634.534363       19.1022186       9.00755882       5.65806007    
   635.547852       19.0771923       9.01895905       5.64038992    
   636.540649       19.0798588       9.00019932       5.66944981    
   637.393372       19.0976906       9.00352955       5.65626955    
   638.256531       19.0790634       9.00641060       5.65660858    
   639.215393       19.0455303       8.99800968       5.66461992    
   640.604309       18.9801731       8.98079014       5.66163015    
   641.512512       18.9636860       8.99456978       5.64346933    
   642.754761       19.0138035       9.00219059       5.64617014    
   643.763245       19.0634308       8.96558094       5.67280960    
   644.856445       19.0685673       8.98637772       5.67886114    
   645.982971       19.0997486       8.94117069       5.68655014    
   647.155579       19.1513691       8.92262936       5.66760063    
   647.999084       19.1579113       8.96389771       5.68155003    
   649.002991       19.1111145       8.91287041       5.71060038    
   649.984924       19.0646915       8.90024185       5.68951941    
   651.035034       19.0537815       8.87511921       5.67571068    
   652.085083       19.0434723       8.89161110       5.67262888    
   652.944702       19.0273399       8.88148975       5.66114950    
   653.708679       19.0615311       8.91426182       5.67248011    
   654.737732       19.0089207       8.88901043       5.68987083    
   655.708191       18.9975166       8.89840794       5.70485973    
   656.689636       19.0489178       8.93793106       5.70534039    
   657.737427       19.0913601       8.95721054       5.70006037    
   659.063782       19.0702534       8.94332886       5.69397926    
   660.049927       19.0971413       8.92086983       5.69152069    
   660.690857       19.0304298       8.94298744       5.69193029    
   661.787292       18.9984875       8.93236065       5.66225958    
   662.841431       19.0353203       8.98705959       5.65596008    
   663.983276       18.9306240       8.99195957       5.66403055    
   664.933289       18.8825836       8.98203850       5.65896034    
   666.018982       18.9268589       9.00282955       5.64952040    
   666.603027       18.9398174       9.00191975       5.67721987    
   667.535034       18.9363575       9.06216908       5.65747023    
   668.506897       18.9031506       9.03271770       5.66535950    
   669.723328       18.8518562       9.04710102       5.65158129    
   670.565979       18.8586693       9.00439930       5.62801027    
   671.551392       18.8632660       9.01013851       5.62468147    
   672.594788       18.8126488       9.01814747       5.60153151    
   673.320862       18.8506107       9.02498150       5.59008980    
   674.191284       18.8119316       9.05009937       5.62861061    
   675.121094       18.8331604       9.05256939       5.59093952    
   676.157776       18.9060040       9.04583836       5.59120131    
   677.101440       18.9309597       9.07890987       5.58377981    
   678.040894       18.9965172       9.04067135       5.61739063    
   679.150391       19.0180607       9.02514839       5.63875055    
   680.218689       19.0222492       9.05728149       5.62071991    
   681.270508       18.9790993       9.01740932       5.62201977    
   682.021179       19.0135918       8.97329140       5.66328049    
   682.783936       19.0029202       8.92876816       5.66143942    
   683.709900       19.0585003       8.97662354       5.65639067    
   684.782349       19.0951195       9.02281952       5.69185019    
   685.628296       19.1112804       9.03395844       5.68035078    
   686.930420       19.1426659       9.01579094       5.69097996    
   687.673950       19.1747665       9.04857063       5.67273951    
   688.527283       19.1885414       9.06200886       5.65535021    
   689.383484       19.1496029       9.04938984       5.68913984    
   690.443298       19.0694790       9.08529949       5.69435072    
   691.257385       19.0456219       9.10527134       5.70316029    
   692.085510       19.0870514       9.10307026       5.68661070    
   692.722595       19.0646248       9.11053085       5.65191031    
   693.713806       19.0196228       9.08242989       5.62653017    
   694.850342       19.0217438       9.07182980       5.66025925    
   695.987122       19.0601139       9.01428032       5.68595934    
   697.051941       19.1055660       9.00767040       5.66379976    
   698.239685       19.1272850       9.02414036       5.65552044    
   699.197449       19.1750984       9.02461052       5.65363979    
   700.194946       19.1113205       8.96603107       5.62050056    
   701.341248       19.1087971       8.99345779       5.61424923    
   702.522461       19.0983162       9.00302982       5.63222075    
   703.723267       19.0664787       9.03771210       5.61228132    
   704.966614       19.0856018       9.03110790       5.59604120    
   705.843384       19.0729904       9.01976967       5.58196020    
   707.044434       19.0764656       9.02500916       5.60175991    
   707.901794       19.0296383       9.04079151       5.61243916    
   708.935242       19.1207657       9.04080009       5.64245081    
   710.255127       19.1950703       9.03945065       5.60663033    
   711.505249       19.1608067       9.04592705       5.58793020    
   712.444946       19.1861324       9.08977032       5.55625963    
   713.440613       19.2874947       9.04776955       5.58802891    
   714.477051       19.2828274       9.02045918       5.58446026    
   715.633728       19.2325096       8.97133732       5.60444069    
   716.781555       19.2624321       9.02208996       5.61496973    
   717.659119       19.2496128       9.01640892       5.61097050    
   718.596497       19.1925182       9.02468109       5.63079071    
   719.631653       19.2304726       9.03057957       5.66486025    
   720.991028       19.1747055       9.03323078       5.64167976    
   722.200928       19.1727848       9.00177097       5.64721966    
   723.054199       19.1485806       9.00294971       5.71189070    
   723.802979       19.1481800       9.03191853       5.67429113    
   724.862122       19.1457062       9.04101944       5.64159060    
   725.712280       19.1890526       9.06922913       5.65564060    
   726.802734       19.1948223       9.04131126       5.69639921    
   727.874207       19.1890278       8.98211861       5.66512966    
   728.776794       19.1752281       9.01085091       5.67185974    
   729.567139       19.1670208       8.99877167       5.68573999    
   730.878357       19.1841583       8.97671223       5.71345043    
   732.055054       19.1597080       8.98242950       5.76160002    
   733.233643       19.1759834       8.97207832       5.75599051    
   734.072815       19.2021885       8.98900032       5.76462126    
   734.992554       19.2261906       9.00784969       5.74277020    
   736.011047       19.2313728       8.99455833       5.72500038    
   737.097900       19.2620430       9.04130077       5.72253990    
   738.304260       19.3357658       9.03714085       5.68532038    
   739.217590       19.3844337       9.07730865       5.69738054    
   740.381348       19.2967491       9.11168861       5.70363045    
   741.342407       19.2877293       9.07676792       5.68981934    
   742.230042       19.2251320       9.04382133       5.70691013    
   743.487854       19.2136478       9.07803917       5.74323034    
   744.528992       19.1561337       9.08764076       5.74274015    
   745.506592       19.1917267       9.08409977       5.73940945    
   746.462036       19.1945801       9.09036160       5.73397923    
   747.571167       19.1870804       9.07114792       5.72743034    
   748.827332       19.1586475       9.07852936       5.70507956    
   749.825500       19.1511803       9.06323910       5.71093082    
   750.576294       19.1823826       9.07572079       5.70167065    
   751.561646       19.2145767       9.11790752       5.72573042    
   752.261902       19.2350559       9.08903980       5.72608089    
   753.375427       19.2567444       9.05381966       5.72115946    
   754.463135       19.1519299       9.07269192       5.72593069    
   755.334778       19.1098671       9.05955791       5.72683954    
   756.358887       19.0951214       9.05370998       5.74124002    
   757.095337       19.0666504       9.07721138       5.70449018    
   758.080627       19.0893192       9.05946922       5.71881056    
   758.947510       19.1200714       9.07910061       5.71857977    
   759.997314       19.1239433       9.07632828       5.73060989    
   761.219849       19.1255283       9.08073997       5.70412064    
   762.354919       19.1632233       9.05769062       5.71168995    
   763.181946       19.1779251       9.06645966       5.68994045    
   764.234680       19.1837234       9.09976006       5.69282007    
   765.514221       19.2310925       9.11368942       5.69092989    
   766.429260       19.1758099       9.11402035       5.69887924    
   767.459412       19.1329193       9.09120083       5.68992043    
   768.462402       19.1665955       9.09467125       5.70743132    
   769.580322       19.1735840       9.05266094       5.74380064    
   770.356018       19.2592392       9.07360935       5.78017092    
   771.361511       19.1618652       9.07748985       5.77053070    
   772.339905       19.1360264       9.04029942       5.71913052    
   773.331604       19.0995140       9.08730030       5.73670006    
   774.303040       19.1203003       9.03904152       5.71186972    
   775.159180       19.1146545       9.04710960       5.67128992    
   776.175110       19.1161480       9.04308033       5.61781073    
   777.175781       19.1170006       9.04622936       5.60476017    
   777.961487       19.1660614       9.03827858       5.62236023    
   779.074829       19.1983318       9.00590134       5.60670090    
   779.811462       19.1758137       9.02540112       5.61570978    
   780.501587       19.1546650       9.02069759       5.62372971    
   781.514893       19.1374340       9.00604153       5.63740015    
   782.595459       19.1125507       8.99060059       5.61969995    
   783.572754       19.0694046       8.97675896       5.66034031    
   784.757446       19.0588799       9.00305939       5.66977978    
   785.721313       19.0437279       9.00550842       5.66881084    
   786.581299       18.9484577       8.97243881       5.69471979    
   787.747864       18.9879265       9.02587032       5.70021963    
   788.856506       19.0458927       9.04605007       5.69832134    
   789.880005       19.1221104       8.99412823       5.68420029    
   790.975281       19.1375885       8.99703979       5.71981096    
   791.808777       19.1194553       9.04078865       5.72114992    
   792.885132       19.1444073       9.05876923       5.71870041    
   793.689331       19.1429367       9.08661079       5.69729996    
   794.878723       19.0897598       9.04003811       5.67783976    
   796.062622       19.0789375       9.01898003       5.69900036    
   797.533020       19.0974426       9.02567959       5.71224976    
   798.470093       19.1751804       9.05918884       5.72698927    
   799.518555       19.1215992       9.02718067       5.73437929    
   800.673218       19.1000710       8.99630070       5.73452997    
   801.856995       19.0347118       8.99021053       5.71260023    
   802.614197       19.0570793       8.97961903       5.64968014    
   804.217041       19.0049000       9.00461006       5.62689066    
   805.241333       19.0499287       8.99773884       5.64633942    
   806.321716       19.0065022       8.99936771       5.63041019    
   807.302063       19.0103512       8.99354935       5.64620972    
   808.531555       19.0479565       8.99700069       5.63981104    
   809.383118       19.0430107       9.00392056       5.63040972    
   810.391296       18.9170723       8.95053101       5.67409134    
   811.133118       18.9506226       8.92924881       5.68567991    
   812.263245       18.8977489       8.95604992       5.70498037    
   813.110535       18.9526138       9.01978970       5.68628979    
   813.997742       18.9592514       9.02347183       5.68610144    
   815.114319       18.9533062       8.99508953       5.66481972    
   816.029419       19.0085964       9.00243950       5.70522070    
   816.750061       19.0396996       8.98155117       5.71906042    
   817.321960       19.0381069       8.97393990       5.71272945    
   818.348511       18.9637489       8.99757862       5.71415997    
   819.069763       18.9129772       9.00379276       5.70756960    
   820.244568       18.9217453       9.03149986       5.71475029    
   821.215027       18.9689922       8.98444939       5.71787071    
   822.134155       18.9479485       9.03862000       5.69899988    
   823.427795       18.8738995       9.01908875       5.70674992    
   824.388367       18.8894615       9.01367855       5.70735025    
   825.492981       18.9063931       9.00070000       5.71781063    
   826.542236       18.9482670       9.04080009       5.66921091    
   827.449280       18.9062710       9.02881050       5.68124056    
   828.190063       18.8980160       9.02446938       5.64866114    
   829.242432       18.8499031       9.03122044       5.64707947    
   830.217285       18.8413067       9.02271843       5.63594961    
   831.055603       18.8638630       9.03176117       5.64934063    
   831.831482       18.8831825       8.99429989       5.59268951    
   832.665771       18.9176693       8.99716854       5.60029984    
   833.745544       18.8900986       9.03271961       5.65725851    
   834.680359       18.8892384       8.97186947       5.68648052    
   835.947449       18.8941288       8.95885086       5.72877026    
   837.236084       18.9181137       8.98497963       5.78977919    
   838.374207       18.9405270       8.99905872       5.79854012    
   839.233948       18.8799934       8.96067142       5.79887962    
   840.490723       18.9395733       8.96564102       5.79155970    
   841.390259       18.9446793       8.96617985       5.76511002    
   842.310059       18.9707489       8.96179008       5.74035168    
   843.514587       19.0659275       8.99611092       5.70804024    
   844.801636       19.1494637       9.00211048       5.71820974    
   845.620300       19.0579681       8.99212074       5.68136978    
   846.764832       19.1138687       9.01662922       5.63314056    
   847.626099       19.0776615       9.02248955       5.61143017    
   848.463074       19.1088390       8.98789883       5.62921143    
   849.622009       19.0805054       8.95574856       5.61622953    
   850.558350       19.1294308       8.93005943       5.62524080    
   851.649841       19.1821938       8.91172123       5.63677025    
   852.465088       19.0612392       8.94720840       5.67188978    
   853.202148       19.0867863       8.98399067       5.65908909    
   854.234131       19.0928192       8.99661064       5.66688013    
   854.995789       19.0465660       8.98173046       5.65512943    
   855.985229       18.9787388       8.92231083       5.66665983    
   856.986206       19.0098743       8.93835831       5.67376900    
   857.973022       19.0260143       8.94549084       5.69094896    
   859.111145       19.0223198       8.97064686       5.69355011    
   860.177429       19.0377750       8.98374939       5.70955038    
   861.163330       19.0432816       8.97036076       5.69851971    
   862.517944       19.0401402       8.99909210       5.67127943    
   863.362732       19.0506325       8.99583054       5.68365002    
   864.613831       18.9783974       9.04263115       5.64754915    
   865.661804       18.9904842       9.06666946       5.65380049    
   866.658936       19.0063610       9.08319950       5.68329096    
   867.594604       18.9704895       9.08134174       5.66357994    
   868.802673       19.1156883       9.07834148       5.65497112    
   869.867859       19.1113644       9.03390217       5.66841984    
   870.616455       19.1347294       9.03245163       5.63875961    
   871.850586       19.1339664       8.98934174       5.64260101    
   873.050781       19.1230278       8.95730019       5.66640091    
   873.909241       19.1266708       8.98008919       5.66941023    
   874.971985       19.1312771       8.98528004       5.69940090    
   876.361694       19.1399117       9.01476002       5.66292048    
   877.324036       19.1378727       8.97731113       5.62943077    
   878.385437       19.1742611       8.98255825       5.63735008    
   879.346985       19.2936306       8.94524002       5.62355185    
   880.171082       19.2959423       8.95400810       5.62098074    
   881.131104       19.2277641       9.00263977       5.55875063    
   882.106140       19.2124081       8.99478817       5.58934021    
   882.857605       19.1940250       9.01768208       5.60965014    
   883.727051       19.2114506       8.96969891       5.64390039    
   884.999084       19.1908817       9.01110077       5.65447998    
   886.034180       19.1880665       8.98606777       5.66354036    
   886.826965       19.1491909       8.93262959       5.62223005    
   887.351685       19.1797199       8.91302776       5.66158009    
   888.471802       19.1516838       8.93030834       5.65738964    
   889.697144       19.1330490       8.87108040       5.68503952    
   890.336304       19.0693398       8.85127831       5.67308950    
   891.175781       19.0589218       8.86216927       5.67455959    
   892.084290       19.1349335       8.86944962       5.70733976    
   892.999146       19.0765266       8.87877083       5.67131996    
   894.243958       19.0991306       8.83385086       5.68041992    
   895.359985       19.0789700       8.83481121       5.70556021    
   896.492859       19.1199017       8.87262154       5.72366142    
   897.347961       19.0926991       8.89839077       5.74025011    
   898.400024       19.1171303       8.88252831       5.68243074    
   899.735107       19.1275349       8.85166073       5.69791937    
   900.504639       19.0627308       8.88672924       5.72893047    
   901.597961       19.0923595       8.91861916       5.68907022    
   902.434326       19.0858345       8.93674946       5.68717003    
   903.146790       19.0709324       8.97624874       5.66386938    
   904.120239       19.1018391       8.95841885       5.69266033    
   905.000610       19.2034435       8.99948120       5.67462921    
   905.824829       19.1476231       9.03195000       5.68006992    
   906.787231       19.0765381       9.01348114       5.71159029    
   907.650452       19.0961609       9.02787876       5.72442007    
   908.437866       19.1138840       8.98513031       5.70538855    
   909.679443       19.1466846       8.96231079       5.71101952    
   910.667419       19.1312428       8.97886944       5.67728043    
   911.756409       19.1702557       8.97781944       5.64570951    
   912.811768       19.1489506       8.99633026       5.64322996    
   914.078735       19.2158394       8.99921036       5.64338064    
   915.058960       19.1828480       8.99837112       5.67118025    
   916.086121       19.2215824       8.96804142       5.67003012    
   916.906860       19.1657696       9.00704956       5.65256071    
   918.674622       19.1574039       9.02051926       5.66044044    
   919.499390       19.1461868       9.02300930       5.66275024    
   920.646362       19.1073608       9.03547001       5.65448093    
   921.509705       19.1589565       9.09315777       5.66694021    
   922.763916       19.1050930       9.03308678       5.67930984    
   923.629944       19.1170769       8.99641895       5.66249037    
   924.747437       19.1468201       9.02538013       5.66170073    
   925.347290       19.2161598       9.00573158       5.66595984    
   926.132996       19.2085361       9.01074028       5.63329029    
   927.215942       19.1560917       9.02047825       5.63249159    
   928.095825       19.0518875       9.01155949       5.65240955    
   929.104248       18.9794807       9.04975891       5.63477993    
   930.139221       18.9906254       9.04207039       5.64481020    
   931.196777       19.0167198       9.00030041       5.64621925    
   932.262634       18.9694977       9.02334976       5.64235067    
   933.391174       19.0085831       9.01085091       5.63075113    
   934.378845       19.0055695       9.00850296       5.61774969    
   935.742065       19.0806580       9.00584888       5.65277958    
   936.483276       19.0801659       9.00441074       5.69641018    
   937.468262       19.0599842       8.99104118       5.68485022    
   938.717590       19.0551109       8.98371887       5.66570950    
   939.640076       19.0731068       8.99867916       5.70396996    
   940.745605       19.0859184       9.03899956       5.66065168    
   941.676575       19.0794334       9.07371902       5.66692019    
   942.497375       19.0599880       9.08289814       5.65913057    
   943.225098       19.0159607       9.08205032       5.67495871    
   944.082703       19.0393028       9.05070877       5.69702005    
   944.814575       19.0905514       9.05147934       5.71378899    
   945.871521       19.0793419       9.06351948       5.73673105    
   946.869995       19.0796165       9.04504967       5.72616005    
   948.159485       19.1306934       8.99797821       5.72915030    
   949.326721       19.1150780       9.01749039       5.71735954    
   950.462097       19.1669197       9.00564003       5.72097015    
   951.675110       19.1498909       9.01242828       5.64375973    
   952.756531       19.2089386       9.00047016       5.61508989    
   953.823486       19.1812916       9.00897789       5.65892029    
   954.806091       19.2296944       9.01896954       5.70390129    
   955.566162       19.2664509       9.01160908       5.68938017    
   956.459778       19.3368473       9.00991917       5.68474102    
   957.404907       19.2753582       8.99372768       5.67419004    
   958.306702       19.3049755       8.95882988       5.68179989    
   959.506226       19.3669395       8.85435963       5.68828011    
   960.519775       19.3070774       8.89882183       5.68832970    
   961.652161       19.3247509       8.92486000       5.64715958    
   962.494019       19.3032207       8.93862057       5.64541960    
   963.454102       19.3023930       8.96668911       5.67165995    
   964.488037       19.3754902       8.96074200       5.61659956    
   965.430420       19.2939091       8.98810101       5.61202908    
   966.549011       19.3070164       8.97200871       5.64111042    
   967.533447       19.3289471       8.97809982       5.65063000    
   968.815369       19.2636280       8.97182941       5.67498112    
   969.994446       19.3008175       8.96427822       5.68751049    
   970.721985       19.3065662       8.97621059       5.70681095    
   971.810181       19.2350292       8.95895004       5.69277143    
   973.090393       19.3115025       8.91655159       5.69623089    
   974.484680       19.3216419       8.89077950       5.72826004    
   975.423645       19.3434849       8.86468983       5.72884941    
   976.505310       19.2951946       8.88866806       5.71282005    
   977.544922       19.2752914       8.91409969       5.68716002    
   978.106018       19.4161110       8.93414021       5.69691038    
   979.199463       19.3927212       8.88806820       5.70572042    
   980.366516       19.4419708       8.90160942       5.70520020    
   981.709290       19.4519806       8.90931225       5.67226076    
   982.615356       19.4601364       8.93462086       5.64546108    
   983.638184       19.4114227       8.94395924       5.68540955    
   984.574280       19.4040184       8.95737934       5.65256977    
   985.422913       19.3839874       8.94995975       5.64206028    
   986.144470       19.3405170       8.98774910       5.66814041    
   986.890625       19.2869797       8.96735001       5.67100048    
   987.793579       19.2093410       8.94969082       5.66211033    
   988.800964       19.1027012       8.94206905       5.70045948    
   990.114258       19.0880127       8.98438072       5.71295118    
   990.818420       19.1067257       8.95312881       5.70651054    
   991.756592       19.0932922       8.94624805       5.72624922    
   992.744446       19.0448723       8.92106915       5.70141077    
   993.915100       19.0244675       8.93715096       5.69534016    
   994.871094       18.9921055       8.94866943       5.68235064    
   996.016052       19.0103264       8.95491886       5.68027973    
   996.653259       19.0435658       8.95511818       5.69314003    
   997.369019       19.0316620       8.99500084       5.69106007    
   998.513367       18.9982071       8.97208881       5.71772099    
   999.451843       18.9928207       8.97516918       5.68044949    
