   0.00000000       0.00000000       0.00000000    
   1.00000000       1.00000000       1.00000000    
   1.99720001       1.99776006       2.00871992    
   3.01904011       2.99160004       3.01272011    
   4.02816010       3.98036003       4.01164007    
   5.03056002       4.96191978       5.02392006    
   6.02911997       5.97312021       6.01527977    
   7.02632046       6.96632004       7.04983997    
   8.03732014       7.98356056       8.03464031    
   9.02479935       9.00399971       9.02064037    
   10.0214796       10.0301208       10.0121193    
   11.0188007       11.0525599       11.0428801    
   11.9981213       12.0838785       12.0124807    
   13.0339203       13.0870399       13.0500011    
   14.0203590       14.0623608       14.0265188    
   15.0365601       15.0620804       15.0544815    
   16.0567188       16.0689602       16.0595989    
   17.0819187       17.1015205       17.0493584    
   18.0838394       18.0702782       18.0498791    
   19.0499191       19.0308781       19.0943222    
   20.0694008       19.9902802       20.1234398    
   21.0640011       21.0144806       21.1223202    
   22.0787182       22.0077991       22.1642780    
   23.0520020       23.0329571       23.1301632    
   24.0673561       24.0457211       24.1205597    
   25.0504818       25.0249577       25.1427994    
   26.0335197       25.9844856       26.1110802    
   27.0380764       26.9456787       27.0878391    
   28.0550022       27.9588394       28.0813179    
   29.1222401       29.0123997       29.1116810    
   30.1338005       30.0604019       30.1423626    
   31.1336002       31.0741596       31.1320801    
   32.1498032       32.0974388       32.1650009    
   33.1224022       33.0111198       33.1959229    
   34.1485214       34.0337219       34.2090797    
   35.0885582       35.0659142       35.2089577    
   36.1153603       36.0448418       36.2533569    
   37.1335182       37.0460014       37.1710358    
   38.1009598       38.0165176       38.1716805    
   39.0912781       39.0556755       39.1834373    
   40.0739136       39.9911537       40.1786728    
   41.0699997       41.0652809       41.1764755    
   42.0563164       42.1104431       42.1031494    
   43.0511131       43.0880775       43.0915260    
   44.0899124       44.0911560       44.0886345    
   45.0262413       45.1196060       45.0230370    
   46.0705643       46.1302719       46.0081253    
   47.0407219       47.1069527       46.9975967    
   48.0110817       48.1278000       47.9950790    
   49.0769653       49.1562347       48.9253616    
   50.0445213       50.1450005       49.9616432    
   51.0151253       51.1613579       50.9379997    
   51.9750786       52.1756401       51.9032364    
   52.9397659       53.1434402       52.9228821    
   53.9866829       54.1404800       53.9220772    
   54.9363976       55.1078377       54.9338417    
   55.8581161       56.1277275       56.0452423    
   56.8965569       57.1618423       57.0433578    
   57.8528366       58.2079620       58.0892410    
   58.8759232       59.2231903       59.1088867    
   59.7597961       60.2213593       60.1226387    
   60.8506355       61.1805611       61.0594406    
   61.8558464       62.2169571       62.0386772    
   62.8164787       63.2970428       63.0400009    
   63.8127632       64.2949600       64.0043182    
   64.8143921       65.2558441       64.9235306    
   65.8119583       66.1947937       65.8368759    
   66.8032684       67.1734314       66.7899323    
   67.7399597       68.2575607       67.7875214    
   68.6966400       69.2577744       68.7415161    
   69.6463547       70.2554855       69.6972733    
   70.6975174       71.1919174       70.7359085    
   71.7076035       72.1811981       71.8569946    
   72.7033615       73.1894302       72.8948135    
   73.6753693       74.3130417       73.9611053    
   74.6397552       75.2817612       74.9199982    
   75.6078796       76.2584000       75.9875259    
   76.6052017       77.3646240       76.9890213    
   77.5933228       78.3346481       77.9297104    
   78.6626434       79.4037628       78.9157867    
   79.6443634       80.3535995       79.9263687    
   80.6916046       81.3555145       80.8613663    
   81.7194824       82.4565506       81.8150101    
   82.6795197       83.4277573       82.7959061    
   83.6928711       84.4266052       83.8976669    
   84.6953430       85.3797531       85.0047302    
   85.6997757       86.4388046       86.0780792    
   86.8467178       87.4854507       87.0383148    
   87.8279648       88.4035187       88.1058044    
   88.8223190       89.4670334       89.1456070    
   89.8210754       90.4627914       90.2174683    
   90.7776718       91.4960861       91.2139130    
   91.7656174       92.4944305       92.2674789    
   92.7189713       93.5439987       93.3061600    
   93.6875916       94.4832764       94.4659195    
   94.6491241       95.5073471       95.4205704    
   95.6475983       96.5035400       96.3589935    
   96.7562332       97.5561752       97.3888092    
   97.8342285       98.4719696       98.3383636    
   98.6995850       99.4753647       99.4091263    
