   0.00000000       0.00000000       0.00000000    
   1.36002898E-03  -2.23997235E-03  -1.62002444E-03
  -1.07997656E-03  -8.96000862E-03  -1.72001123E-03
   3.83996964E-03  -3.44002247E-03  -2.01997161E-03
  -9.99987125E-04  -5.29994071E-03  -3.34002078E-03
  -3.08005512E-03  -8.78001750E-03  -2.90003419E-03
  -6.35997951E-03  -1.31200328E-02   3.63999605E-03
  -4.34002653E-03  -1.35200992E-02   6.10005483E-03
  -6.57997839E-03  -1.63799897E-02   6.52000308E-03
  -1.20400675E-02  -1.67800430E-02   4.41998057E-03
  -1.14599532E-02  -1.66600700E-02   3.09998821E-03
  -9.75984335E-03  -1.48000000E-02   3.81999742E-03
  -1.07400604E-02  -1.67799871E-02   5.67999622E-03
  -9.47999861E-03  -1.92799922E-02   3.97993391E-03
  -6.70002401E-03  -1.60599928E-02   3.85994092E-03
  -6.58002216E-03  -1.73000079E-02   3.67989065E-03
  -6.95989886E-03  -1.10398745E-02   5.87998424E-03
  -2.03996082E-03  -1.10998750E-02   1.20599512E-02
   6.00045198E-04  -1.39800496E-02   1.13400919E-02
  -2.51981406E-03  -1.28000788E-02   1.27198249E-02
  -2.74003437E-03  -9.13998205E-03   1.23999659E-02
  -8.04007240E-03  -5.93998842E-03   1.33398520E-02
  -1.08398795E-02  -9.45980009E-03   1.38200782E-02
  -9.20000114E-03  -4.70015965E-03   1.44799659E-02
  -1.52400145E-02  -2.89994478E-03   1.17600150E-02
  -1.56400613E-02  -1.00007700E-03   1.28800282E-02
  -1.08000776E-02   8.00145848E-04   1.19000962E-02
  -6.88012363E-03   7.39885378E-04   1.13400100E-02
  -9.00052371E-04   2.49996944E-03   1.70999803E-02
  -6.26016036E-03   7.59686576E-04   2.40399390E-02
  -3.41972383E-03  -4.48017148E-03   2.25799773E-02
  -3.59830796E-04  -5.19990781E-03   2.25601401E-02
   6.37998525E-03  -8.00013356E-03   2.38999669E-02
   1.08802458E-02  -6.00945496E-05   2.29201615E-02
   7.34006288E-03  -3.00079118E-04   2.18200367E-02
   8.89980793E-03  -4.45981603E-03   1.75198410E-02
   6.95976336E-03  -1.03801461E-02   1.88400876E-02
   9.43990331E-03  -1.42999776E-02   1.69000402E-02
   7.56020471E-03  -1.14997737E-02   1.52001623E-02
   1.20998863E-02  -9.48023051E-03   1.45200798E-02
   9.60011967E-03  -8.26003216E-03   9.66019183E-03
   1.32204229E-02  -1.12398788E-02   1.10398736E-02
   1.62399467E-02  -1.63801145E-02   5.22017712E-03
   1.66202728E-02  -1.29599618E-02   4.70001390E-03
   1.57596357E-02  -1.45399813E-02   2.59982445E-03
   1.56798679E-02  -1.67002603E-02   6.00003498E-03
   7.15977047E-03  -1.77800879E-02   7.62004917E-03
   9.99978278E-03  -1.67600587E-02   4.51992964E-03
   1.15801198E-02  -1.93001702E-02   4.01985692E-03
   8.73994827E-03  -2.04198137E-02   4.57946816E-03
   9.50009469E-03  -1.62997339E-02   7.49996910E-03
   1.22600850E-02  -6.08002627E-03   1.09799821E-02
   1.50602767E-02  -6.37974404E-03   8.30004644E-03
   1.68994125E-02  -3.90012097E-03   1.00201815E-02
   1.52999628E-02  -1.88021653E-03   7.43989646E-03
   9.20000765E-03   5.01991622E-03   7.19986344E-03
   9.21993330E-03  -4.19926830E-04   5.01999678E-03
   7.49990810E-03   2.88031879E-03  -1.26008270E-03
   1.13799470E-02   6.77996129E-03  -2.65996763E-03
   8.96013342E-03   6.23991527E-03  -4.43990668E-03
   8.69993679E-03   1.12000639E-02  -6.47996366E-03
   9.34019685E-03   1.77998170E-02  -7.80010736E-03
   1.06801679E-02   1.60403121E-02  -6.74018823E-03
   1.22797452E-02   1.29802087E-02  -5.31994877E-03
   9.18001495E-03   1.64800622E-02  -4.36001737E-03
   4.98011848E-03   1.83599405E-02  -2.13995995E-03
   4.20299591E-04   2.13197973E-02   8.80215201E-04
  -7.42030237E-03   1.78596713E-02  -1.14008260E-03
  -8.18005484E-03   1.97804105E-02  -7.19899894E-04
  -1.03198607E-02   2.43598893E-02  -1.86044886E-03
  -1.41398301E-02   2.23401599E-02  -8.12005717E-03
  -1.20800147E-02   2.21602675E-02  -9.84027423E-03
  -8.83985963E-03   2.42398027E-02  -8.50004330E-03
  -6.43994799E-03   2.28798036E-02  -1.06396573E-02
  -1.10801691E-02   2.81199850E-02  -3.80038703E-03
  -8.00034590E-03   2.25802995E-02  -7.49947783E-03
  -1.44601893E-02   2.04799697E-02  -6.67970069E-03
  -1.70598868E-02   1.92406196E-02  -8.11993144E-03
  -1.56201757E-02   2.26000920E-02  -4.93971957E-03
  -1.68600623E-02   2.10197456E-02  -7.08008837E-03
  -1.27798552E-02   1.91598162E-02  -1.29400352E-02
  -1.04998164E-02   1.69201121E-02  -1.04200160E-02
  -1.09796068E-02   1.95601732E-02  -1.03800492E-02
  -1.45402327E-02   1.87601484E-02  -7.54021527E-03
  -1.65601224E-02   1.70599669E-02  -8.47987179E-03
  -2.06597410E-02   1.87799670E-02  -7.90042337E-03
  -1.70399919E-02   1.92400236E-02  -6.48034876E-03
  -1.77397169E-02   2.07800101E-02  -3.21991369E-03
  -1.52598992E-02   2.33195536E-02  -3.77994450E-03
  -1.73998773E-02   2.59598736E-02   2.79722590E-04
  -1.07396105E-02   2.21997201E-02  -1.94422610E-05
  -1.52602484E-02   2.66399011E-02  -8.80153500E-04
  -2.12600213E-02   2.88599748E-02   2.06016144E-03
  -2.39006281E-02   2.69797649E-02   4.79929091E-04
  -2.23998465E-02   2.80397274E-02   2.99949711E-03
  -2.29800697E-02   2.56798994E-02   3.37997102E-03
  -2.28800420E-02   2.82198880E-02   4.29982739E-03
  -2.53597535E-02   2.55202502E-02   6.56029303E-03
  -2.68000327E-02   2.59004552E-02   5.41960215E-03
  -3.02195270E-02   3.00995242E-02   4.93943319E-03
