   0.00000000       0.00000000       0.00000000    
   1.36002898E-03  -2.23997235E-03  -1.62002444E-03
  -4.31990623E-03  -3.58400345E-02  -6.88004494E-03
   1.63199902E-02  -2.24001408E-02  -4.06599045E-02
  -4.33597565E-02  -2.64794827E-02  -6.37600422E-02
  -9.71601009E-02 -0.141740322      -7.27400780E-02
  -3.45594883E-02 -0.177759886       4.62396145E-02
 -0.118340015     -0.351679802       2.97999382E-03
 -0.233680606     -0.419759274       5.91988564E-02
 -0.469479918     -0.454540730       8.26569796E-02
 -0.327119589     -0.492398620       5.55987358E-02
 -0.471278548     -0.320799351      0.298537195    
 -0.687600613     -0.503437757      0.329442114    
 -0.454921663     -0.799278498      0.313340217    
 -0.541359007     -0.616237640      0.153679878    
 -0.481539845     -0.502581954      0.385522604    
 -0.751196146     -0.567837298      0.495359510    
 -0.766198575     -0.979980946      0.743343353    
 -0.595677435     -0.951599360      0.784077883    
  -1.12476051      -1.06639421      0.265433908    
  -1.61944699     -0.362490386      0.213757411    
  -1.56035781     -0.598497212      0.328944504    
  -1.62735474      -1.05016065      0.362476528    
  -1.51111174     -0.646934330      -7.50344247E-02
  -2.34384155     -0.253516167     -0.432486475    
  -2.24692249     -0.117646873      0.236331671    
  -2.11775541      0.246567562     -0.730963111    
  -1.94800806      0.151221991     -0.347217083    
  -1.17959535      0.681039989      0.269050360    
  -1.62099147      0.500190735       1.02868021    
  -1.58567667     -0.251683891      0.739281297    
  -1.81286716     -0.373599708      0.353034973    
 -0.551427245     -0.906555057       1.44583368    
 -0.735976934      -3.15159559E-03   1.29082394    
 -0.934481382      0.426480412       1.52678180    
 -0.815474927      0.528802633      0.910334527    
  -7.82486200E-02  -3.19207013E-02   1.12847090    
 -0.220739186      -1.00765324       1.09256423    
  -1.01470852      -1.38616908       1.07788885    
 -0.245399624      -1.34292543      0.571543574    
 -0.352805823      -1.04441953     -0.211441338    
 -0.389252484      -1.00819886      -2.02004015E-02
   1.04608679      -1.23816085     -0.101054609    
  0.703256130      -1.88470232      -1.05611038    
 -0.113604993      -2.88630581      -1.58416343    
  0.408797175      -3.19647241     -0.861848176    
 -0.834387183      -3.35288167     -0.746166706    
  -1.42018461      -3.10242057      -1.68701112    
  -1.80025244      -3.82743311      -1.35717607    
  -2.31495738      -3.20979333     -0.991687596    
  -3.76170206      -4.50037861      0.274807364    
  -3.52368426      -3.11382961       1.57314575    
  -2.85335398      -2.00355291       1.39930248    
  -3.71915078      -1.04527259       2.15226865    
  -4.08212996     -0.983865321       3.85343695    
  -5.18218803     -0.633407414       3.41875505    
  -5.06405926      -1.24249041       1.35305858    
  -4.60649204      -4.58247066E-02  0.742685318    
  -3.30190802       1.41289437       2.86786556E-02
  -4.58156776       1.10685825      0.164743841    
  -3.96067333       1.54390490     -0.709424973    
  -3.68972158       2.75068092       7.50066340E-02
  -3.21264648       3.26384401      0.660880446    
  -3.58628511       3.26811719     -0.466089308    
  -3.20334649       3.74411154     -0.653454065    
  -4.28286743       3.18208551     -0.164906949    
  -4.62643719       4.31788015       1.20450902    
  -6.08300495       4.89707279     -0.458646536    
  -8.12749100       5.44553804     -0.416162670    
  -9.28153324       6.60184288      0.479814827    
  -11.0053558       5.07894993      0.133555472    
  -9.56677055       4.10621071     -0.708008528    
  -8.22754383       4.90369606      0.372072995    
  -8.18183899       4.03090906       1.42665768    
  -9.95290470       5.30940580       3.36445284    
  -8.65404415       2.25888920       1.10087061    
  -10.1905603       3.22546101       1.63118339    
  -10.1506500       4.17313194      0.468694121    
  -9.88858700       5.21198845       2.07169056    
  -9.52630234       4.75114346       2.55684853    
  -9.44433880       4.39566708       1.73142529    
  -7.85741663       3.11201167       2.30330086    
  -7.75990009       4.63153315       3.58776188    
  -7.61396265       5.23281145       3.84322906    
  -10.2325907       4.00618219       4.21462393    
  -11.0655146       6.06889915       4.52974796    
  -11.5411549       5.70198965       3.48723173    
  -11.5635338       6.11257219       4.74280977    
  -10.6518135       6.40334272       5.85429716    
  -12.3680325       8.00404549       4.89001322    
  -8.84574223       7.53167915       3.62631416    
  -12.1066036       6.70268059       3.21309686    
  -14.1461468       8.39636326       2.50956798    
  -13.8068542       10.2456551       5.24093580    
  -12.7222462       9.72599506       5.22436333    
  -12.8879280       10.4581242       6.41501284    
  -14.4595232       8.26327515       8.08310699    
  -14.9685526       8.28429317       6.60470915    
  -15.3531246       7.03231239       6.16514540    
  -15.9181175       9.34110451       7.06184244    
