   0.00000000       0.00000000       0.00000000    
   1.00000000       1.00000000       1.00000000    
   7.98880005       7.99104023       8.03487968    
   21.1903992       20.9160004       21.1272011    
   40.4390411       39.6238403       40.2404785    
   65.4976044       63.9971161       65.4811172    
   96.3795166       95.1724854       96.8675156    
   133.151840       131.860641       135.084320    
   177.124634       174.824478       177.664963    
   226.430725       225.658249       226.416000    
   280.324005       281.270569       281.235046    
   341.940674       343.460968       343.126068    
   407.595032       412.933929       407.291534    
   482.836761       488.644135       483.116577    
   561.486816       565.130127       560.578430    
   646.924683       647.529358       647.480103    
   741.739197       740.463379       742.153931    
   840.258789       842.831909       834.269226    
   943.600647       942.509583       939.304077    
   1049.75000       1046.31091       1052.25623    
   1169.15381       1156.12305       1169.59070    
   1287.71094       1276.70959       1292.31091    
   1416.97034       1398.40625       1419.19019    
   1551.51184       1536.83301       1549.24817    
   1696.40918       1677.78284       1688.82837    
   1838.41479       1818.63708       1840.73962    
   1993.59058       1966.16699       1990.26843    
   2154.53540       2122.47266       2149.96387    
   2320.19312       2286.69214       2308.25610    
   2500.32959       2459.48315       2480.26343    
   2679.37891       2644.38696       2666.32080    
   2866.92993       2834.61328       2840.71826    
   3062.62061       3035.66504       3026.68677    
   3255.15820       3209.77832       3229.94263    
   3456.79224       3423.55273       3421.04443    
   3647.49194       3636.54053       3629.62280    
   3861.90210       3850.77344       3848.57446    
   4083.59131       4078.38013       4044.50684    
   4296.89062       4292.12695       4268.89648    
   4511.93311       4529.84717       4500.03223    
   4741.17578       4736.92773       4729.64893    
   4972.26074       4998.19434       4976.15820    
   5230.27051       5257.37256       5203.69727    
   5472.03320       5513.32520       5461.87305    
   5726.62695       5758.77979       5724.08301    
   5976.50000       6021.88867       5969.31445    
   6254.16992       6290.95264       6235.73047    
   6523.28906       6552.01025       6501.40430    
   6777.80420       6836.81152       6807.75635    
   7081.00244       7129.51416       7083.34082    
   7368.18311       7430.64746       7387.89941    
   7673.28760       7742.13818       7691.95410    
   7950.33398       8055.91260       7963.91357    
   8240.37598       8362.96387       8277.72754    
   8567.76953       8680.81738       8581.69238    
   8874.92578       8995.53516       8913.31738    
   9167.42090       9328.50391       9294.57715    
   9491.62988       9687.49609       9603.66992    
   9809.91895       10059.0938       9972.12695    
   10163.7354       10387.6592       10333.8867    
   10488.4229       10757.0586       10696.1855    
   10879.3545       11098.7197       11009.2354    
   11251.4004       11463.2559       11363.0059    
   11601.7686       11907.3652       11717.4404    
   11991.5859       12269.1787       12067.8291    
   12383.6221       12644.0889       12379.6260    
   12792.5078       13041.3770       12707.3076    
   13179.4678       13436.0283       13077.4014    
   13522.8076       13856.6777       13472.6533    
   13940.2500       14284.2656       13857.3252    
   14377.0146       14724.7100       14266.4033    
   14801.4805       15151.9219       14711.0078    
   15265.8828       15584.7168       15145.7012    
   15709.0859       16045.5439       15592.9844    
   16123.1436       16551.6094       16088.7979    
   16555.8984       16996.6562       16540.4316    
   17041.5566       17423.9844       17033.1973    
   17490.1953       17889.5625       17468.6895    
   17938.8477       18341.3652       17896.8477    
   18447.7383       18853.1816       18374.3652    
   18935.9141       19276.6660       18863.6836    
   19438.8223       19744.2051       19331.4180    
   19908.9922       20301.4863       19839.8633    
   20448.9395       20734.2246       20332.6113    
   20947.7129       21258.2207       20845.0820    
   21436.6973       21736.3164       21423.4961    
   21968.9883       22254.4414       21951.1484    
   22544.0820       22742.1465       22450.5254    
   23028.8633       23209.6953       23023.4922    
   23573.8320       23795.7598       23605.5801    
   24106.9316       24335.1602       24214.8086    
   24611.7656       24943.1719       24799.1484    
   25113.4629       25457.2324       25360.4473    
   25630.0996       25994.4688       25946.4980    
   26167.2676       26555.9062       26622.3574    
   26757.6797       27166.6289       27150.7539    
   27320.0566       27763.6230       27667.8555    
   27932.5156       28358.3438       28293.7422    
   28577.3867       28909.6680       28849.7402    
   29036.5449       29461.0176       29505.6094    
