         191           0           0           0
         209           0           0           0
         214           0           0           0
         222           0           0           0
         243           0           0           0
         241           0           0           0
         294           0           0           0
         383           0           0           0
         419           0           0           0
         415           0           0           0
         401           0           0           0
         395           0           0           0
         401           0           0           0
         409           0           0           0
         443           0           0           0
         493           0           0           0
         482           0           0           0
         441           0           0           0
         430           0           0           0
         430           0           0           0
         414           0           0           0
         422           0           0           0
         432           0           0           0
         425           0           0           0
         408           0           0           0
         374           0           0           0
         370           0           0           0
         412           0           0           0
         435           0           0           0
         411           0           0           0
         416           0           0           0
         442           0           0           0
         465           0           0           0
         501           0           0           0
         557           0           0           0
         610           0           0           0
         685           0           0           0
         763           0           0           0
         734           0           0           0
         662           0           0           0
         685           0           0           0
         764           0           0           0
         800           0           0           0
         799           0           0           0
         758           0           0           0
         715           0           0           0
         710           0           0           0
         741           0           0           0
         770           0           0           0
         807           0           0           0
         818           0           0           0
         837           0           0           0
         843           0           0           0
         847           0           0           0
         903           0           0           0
         917           0           0           0
         936           0           0           0
        1055           0           0           0
        1264           0           0           0
        1444           0           0           0
        1502           0           0           0
        1585           0           0           0
        1753           0           0           0
        1892           0           0           0
        2030           0           0           0
        2214           0           0           0
        2397           0           0           0
        2523           0           0           0
        2540           0           0           0
        2599           0           0           0
        2693           0           0           0
        2805           0           0           0
        2917           0           0           0
        2985           0           0           0
        3032           0           0           0
        3179           0           0           0
        3359           0           0           0
        3451           0           0           0
        3545           0           0           0
        3614           0           0           0
        3600           0           0           0
        3677           0           0           0
        3874           0           0           0
        4067           0           0           0
        4219           0           0           0
        4419           0           0           0
        4563           0           0           0
        4661           0           0           0
        4772           0           0           0
        4923           0           0           0
        5177           0           0           0
        5418           0           0           0
        5555           0           0           0
        5677           0           0           0
        5784           0           0           0
        5976           0           0           0
        6437           0           0           0
        6902           0           0           0
        7059           0           0           0
        7222           0           0           0
        7578           0           0           0
        8032           0           0           0
        8378           0           0           0
        8516           0           0           0
        8808           0           0           0
        9327           0           0           0
        9814           0           0           0
       10205           0           0           0
       10654           0           0           0
       11102           0           0           0
       11419           0           0           0
       11745           0           0           0
       12123           0           0           0
       12620           0           0           0
       12889           0           0           0
       13178           0           0           0
       13675           0           0           0
       14256           0           0           0
       14619           0           0           0
       15141           0           0           0
       15970           0           0           0
       16630           0           0           0
       17177           0           0           0
       17828           0           0           0
       18486           0           0           0
       19041           0           0           0
       19858           0           0           0
       20701           0           0           0
       21286           0           0           0
       22061           0           0           0
       22807           0           0           0
       23560           0           0           0
       24376           0           0           0
       25093           0           0           0
       25538           0           0           0
       26187           0           0           0
       27259           0           0           0
       28509           0           0           0
       29623           0           0           0
       30927           0           0           0
       32116           0           0           0
       32780           0           0           0
       33355           0           0           0
       34268           0           0           0
       35074           0           0           0
       35749           0           0           0
       36710           0           0           0
       37834           0           0           0
       38668           0           0           0
       39865           0           0           0
       41284           0           0           0
       42325           0           0           0
       43105           0           0           0
       44595           0           0           0
       46268           0           0           0
       47895           0           0           0
       49487           0           0           0
       51155           0           0           0
       52667           0           0           0
       54066           0           0           0
       55765           0           0           0
       57632           0           0           0
       59291           0           0           0
       60933           0           0           0
       62838           0           0           0
       64524           0           0           0
       66138           0           0           0
       67686           0           0           0
       69063           0           0           0
       71018           0           0           0
       73480           0           0           0
       76209           0           0           0
       78023           0           0           0
       79706           0           0           0
       81842           0           0           0
       84484           0           0           0
       87611           0           0           0
       90339           0           0           0
       92565           0           0           0
       95227           0           0           0
       97965           0           0           0
      101211           0           0           0
      104017           0           0           0
      106433           0           0           0
      109678           0           0           0
      113219           0           0           0
      116858           0           0           0
      119773           0           0           0
      122347           0           0           0
      125620           0           0           0
      128164           0           0           0
      131197           0           0           0
      134560           0           0           0
      137635           0           0           0
      141370           0           0           0
      145924           0           0           0
      149654           0           0           0
      153828           0           0           0
      158844           0           0           0
      164060           0           0           0
      169062           0           0           0
      173906           0           0           0
      178737           0           0           0
      183622           0           0           0
      188657           0           0           0
      194621           0           0           0
      199681           0           0           0
      204266           0           0           0
      209896           0           0           0
      216005           0           0           0
      220782           0           0           0
      225523           0           0           0
      232100           0           0           0
      239675           0           0           0
      245982           0           0           0
      252289           0           0           0
      259493           0           0           0
      266296           0           0           0
      272104           0           0           0
      278460           0           0           0
      285181           0           0           0
      292249           0           0           0
      299972           0           0           0
      307932           0           0           0
      314723           0           0           0
      321589           0           0           0
      329017           0           0           0
      337402           0           0           0
      346125           0           0           0
      355854           0           0           0
      365096           0           0           0
      374083           0           0           0
      382455           0           0           0
      389886           0           0           0
      396961           0           0           0
      406612           0           0           0
      417453           0           0           0
      426394           0           0           0
      435149           0           0           0
      445755           0           0           0
      456910           0           0           0
      468276           0           0           0
      479396           0           0           0
      490436           0           0           0
      500497           0           0           0
      511831           0           0           0
      523774           0           0           0
      535157           0           0           0
      546979           0           0           0
      561096           0           0           0
      574300           0           0           0
      586094           0           0           0
      598452           0           0           0
      612918           0           0           0
      627058           0           0           0
      642042           0           0           0
      658052           0           0           0
      674253           0           0           0
      689524           0           0           0
      705632           0           0           0
      721438           0           0           0
      736561           0           0           0
      752969           0           0           0
      770084           0           0           0
      787545           0           0           0
      806867           0           0           0
      825096           0           0           0
      844045           0           0           0
      862373           0           0           0
      882539           0           0           0
      901901           0           0           0
      920114           0           0           0
      940044           0           0           0
      960369           0           0           0
      981283           0           0           0
     1001744           0           0           0
     1022763           0           0           0
     1045164           0           0           0
     1067123           0           0           0
     1089784           0           0           0
     1112423           0           0           0
     1135736           0           0           0
     1157641           0           0           0
     1181413           0           0           0
     1205759           0           0           0
     1230684           0           0           0
     1255256           0           0           0
     1280651           0           0           0
     1306933           0           0           0
     1333810           0           0           0
     1358848           0           0           0
     1384635           0           0           0
     1411690           0           0           0
     1438997           0           0           0
     1466935           0           0           0
     1497142           0           0           0
     1527075           0           0           0
     1555676           0           0           0
     1583499           0           0           0
     1616249           0           0           0
     1648178           0           0           0
     1679787           0           0           0
     1712328           0           0           0
     1745508           0           0           0
     1779291           0           0           0
     1816187           0           0           0
     1852991           0           0           0
     1885298           0           0           0
     1918569           0           0           0
     1957877           0           0           0
     1997077           0           0           0
     2037151           0           0           0
     2075287           0           0           0
     2111914           0           0           0
     2150812           0           0           0
     2190106           0           0           0
     2226438           0           0           0
     2266685           0           0           0
     2309316           0           0           0
     2353240           1           0           0
     2394695           4           0           0
     2436461           8           0           0
     2484277          10           0           0
     2531624           8           0           0
     2577881           5           0           0
     2624758           6           0           0
     2667935          12           0           0
     2711997          28           0           0
     2758622          70           0           0
     2806330         120           0           0
     2856345         152           0           0
     2912868         188           0           0
     2967287         231           0           0
     3020448         301           0           0
     3071066         415           0           0
     3124220         553           0           0
     3175801         733           0           0
     3225355         915           0           0
     3276446        1148           0           0
     3333255        1470           0           0
     3389238        1962           0           0
     3440904        2542           0           0
     3490785        3073           1           0
     3549424        3741           3           0
     3614171        4563           5           0
     3674228        5512          10           0
     3728310        6777          14           0
     3785534        8544          26           0
     3845382       10630          55           0
     3904520       12961          78           3
     3962656       16058         113           9
     4024435       19700         191          10
     4085522       24311         320          10
     4146936       30210         516          15
     4209523       37316         805          30
     4276524       46021        1127          43
     4344673       57285        1523          76
     4410196       71352        2142         123
     4473423       88008        3055         174
     4538212      108173        4260         303
     4608343      132912        5975         461
     4680652      163084        8213         669
     4751591      199675       11541        1007
     4823557      244419       16240        1541
     4893436      299374       22314        2170
     4969218      365302       30382        3161
     5043244      444417       41176        4640
     5112982      540468       55606        6765
     5183644      655736       74881        9788
     5258728      792742      100067       14413
     5336124      959896      133065       21345
     5415961     1160312      177612       31601
     5493485     1396337      235909       46739
     5576968     1676890      312777       68112
     5661398     2007800      414316       97947
     5742755     2397407      547353      140348
     5829112     2852748      718725      199247
     5916592     3384657      941637      280495
     5997260     4011651     1229968      395758
     6078744     4742545     1599103      557438
     6160874     5585661     2072486      782720
     6244182     6548872     2669344     1095224
     6330904     7653863     3423487     1521659
     6421660     8913681     4366612     2096612
     6508705    10335712     5532861     2868984
     6596616    11927546     6961123     3898094
     6686759    13702045     8693838     5250665
     6781206    15672932    10781804     7003868
     6873489    17825888    13276305     9260113
     6964094    20160637    16206590    12122583
     7058965    22658746    19597503    15684266
     7154467    25286065    23466435    20016961
     7241813    28008151    27803576    25191641
     7333500    30769185    32541752    31229033
     7432622    33524456    37557642    38026983
     7529652    36163709    42680204    45409486
     7623233    38614344    47690192    53015104
     7721577    40747724    52288064    60316346
     7816988    42435778    56089053    66575440
     7913634    43558097    58686564    70933965
     8011418    43977801    59668594    72581856
     7911223    43376893    58451747    70583137
     7816129    42088884    55628452    65854876
     7717185    40240134    51633046    59287670
     7618221    37974440    46877033    51736059
     7520922    35411970    41725276    43946940
     7421132    32647329    36491755    36428080
     7326330    29810348    31401038    29521536
     7230629    26975288    26613255    23455138
     7138274    24185576    22246335    18280062
     7048662    21501146    18350773    13983473
     6962148    18974646    14947304    10518889
     6875437    16623429    12040605     7783682
     6784326    14463804     9597605     5679691
     6691788    12498117     7571554     4091816
     6602221    10731384     5924104     2911065
     6513056     9164453     4600562     2045192
     6425824     7782903     3542784     1422818
     6335858     6574522     2706642      981047
     6250568     5532039     2056919      673660
     6167532     4632850     1551195      459606
     6082120     3861012     1164735      311132
     5999956     3205255      871595      209308
     5920958     2651544      649627      140394
     5834065     2188858      482838       93606
     5749937     1800711      357277       62179
     5667445     1475462      263558       41223
     5582134     1205186      193884       27154
     5494443      980843      141674       18013
     5409018      796401      103367       11883
     5324847      645820       75122        7766
     5248377      524653       54254        5087
     5173558      424478       39511        3249
     5094348      341986       28615        2038
     5018074      275273       20890        1288
     4947583      220147       15196         779
     4876882      175713       11133         486
     4809449      139476        8138         327
     4739703      110965        5889         198
     4669505       88822        4188         114
     4600010       70531        2813          69
     4534112       56295        2047          38
     4465510       44595        1541          21
     4393632       35138        1126          11
     4328573       27632         829           6
     4266243       21780         591           5
     4199157       17511         427           2
     4132273       13836         301           0
     4064379       10728         202           0
     4001622        8384         137           0
     3942451        6733          91           0
     3879982        5413          60           0
     3814298        4372          33           0
     3750929        3438          15           0
     3690107        2632           2           0
     3634569        2108           1           0
     3577699        1684           1           0
     3518344        1359           1           0
     3459297        1122           1           0
     3401711         915           1           0
     3345963         716           0           0
     3293019         566           0           0
     3241132         474           0           0
     3189849         375           0           0
     3135141         291           0           0
     3079079         215           0           0
     3025075         132           0           0
     2977309          87           0           0
     2930817          62           0           0
     2884093          41           0           0
     2837074          22           0           0
     2791772          11           0           0
     2745766           6           0           0
     2701672           9           0           0
     2657854           7           0           0
     2613497           2           0           0
     2568267           5           0           0
     2522240           6           0           0
     2477414           5           0           0
     2435479           5           0           0
     2394616          10           0           0
     2354857          15           0           0
     2313051          11           0           0
     2270798           5           0           0
     2227705           2           0           0
     2187915           0           0           0
     2150824           0           0           0
     2115073           0           0           0
     2080973           0           0           0
     2046852           0           0           0
     2007996           0           0           0
     1970262           0           0           0
     1935544           0           0           0
     1903237           0           0           0
     1870393           0           0           0
     1837399           0           0           0
     1802644           0           0           0
     1767081           0           0           0
     1733147           0           0           0
     1702892           0           0           0
     1670949           0           0           0
     1639810           0           0           0
     1609560           0           0           0
     1579137           0           0           0
     1547322           0           0           0
     1518313           0           0           0
     1490641           0           0           0
     1461746           0           0           0
     1432161           0           0           0
     1406232           0           0           0
     1380713           0           0           0
     1354492           0           0           0
     1327397           0           0           0
     1300806           0           0           0
     1274459           0           0           0
     1248742           0           0           0
     1224138           0           0           0
     1201389           0           0           0
     1177048           0           0           0
     1153511           0           0           0
     1130238           0           0           0
     1106083           0           0           0
     1083199           0           0           0
     1060965           0           0           0
     1038442           0           0           0
     1016150           0           0           0
      994492           0           0           0
      973841           0           0           0
      951233           0           0           0
      931808           0           0           0
      914645           0           0           0
      896443           0           0           0
      877493           0           0           0
      859414           0           0           0
      840480           0           0           0
      823824           0           0           0
      808032           0           0           0
      790980           0           0           0
      772418           0           0           0
      755323           0           0           0
      739679           0           0           0
      724420           0           0           0
      708637           0           0           0
      694037           0           0           0
      677540           0           0           0
      660533           0           0           0
      644811           0           0           0
      630883           0           0           0
      618037           0           0           0
      604564           0           0           0
      589919           0           0           0
      575167           0           0           0
      561135           0           0           0
      548639           0           0           0
      536087           0           0           0
      522707           0           0           0
      509423           0           0           0
      497350           0           0           0
      484436           0           0           0
      471234           0           0           0
      458773           0           0           0
      447800           0           0           0
      437311           0           0           0
      427682           0           0           0
      417271           0           0           0
      405275           0           0           0
      393742           0           0           0
      384457           0           0           0
      375017           0           0           0
      365937           0           0           0
      357464           0           0           0
      349758           0           0           0
      340383           0           0           0
      330621           0           0           0
      321037           0           0           0
      311469           0           0           0
      302771           0           0           0
      295882           0           0           0
      288436           0           0           0
      281119           0           0           0
      274858           0           0           0
      268723           0           0           0
      262186           0           0           0
      255744           0           0           0
      249353           0           0           0
      242998           0           0           0
      236549           0           0           0
      231261           0           0           0
      226094           0           0           0
      220588           0           0           0
      214703           0           0           0
      208551           0           0           0
      202901           0           0           0
      199188           0           0           0
      194347           0           0           0
      188137           0           0           0
      183176           0           0           0
      179029           0           0           0
      174614           0           0           0
      170256           0           0           0
      165978           0           0           0
      161657           0           0           0
      157093           0           0           0
      152780           0           0           0
      149027           0           0           0
      145292           0           0           0
      141057           0           0           0
      137489           0           0           0
      133814           0           0           0
      129841           0           0           0
      125910           0           0           0
      122414           0           0           0
      118537           0           0           0
      114744           0           0           0
      112044           0           0           0
      109624           0           0           0
      106732           0           0           0
      103764           0           0           0
      101380           0           0           0
       99364           0           0           0
       96668           0           0           0
       93729           0           0           0
       91141           0           0           0
       89411           0           0           0
       87020           0           0           0
       84460           0           0           0
       81814           0           0           0
       79390           0           0           0
       77504           0           0           0
       75375           0           0           0
       73654           0           0           0
       72342           0           0           0
       70266           0           0           0
       67657           0           0           0
       65746           0           0           0
       64443           0           0           0
       62587           0           0           0
       60848           0           0           0
       59032           0           0           0
       57301           0           0           0
       55909           0           0           0
       54202           0           0           0
       52246           0           0           0
       50993           0           0           0
       49837           0           0           0
       48201           0           0           0
       46727           0           0           0
       45327           0           0           0
       43680           0           0           0
       42577           0           0           0
       41813           0           0           0
       40745           0           0           0
       39105           0           0           0
       37305           0           0           0
       35954           0           0           0
       35026           0           0           0
       34054           0           0           0
       32799           0           0           0
       31266           0           0           0
       30054           0           0           0
       29009           0           0           0
       28253           0           0           0
       27492           0           0           0
       26626           0           0           0
       25746           0           0           0
       25032           0           0           0
       24347           0           0           0
       23919           0           0           0
       23275           0           0           0
       22427           0           0           0
       21977           0           0           0
       21724           0           0           0
       21166           0           0           0
       20334           0           0           0
       19359           0           0           0
       18638           0           0           0
       18162           0           0           0
       17539           0           0           0
       17028           0           0           0
       16337           0           0           0
       15452           0           0           0
       14945           0           0           0
       14292           0           0           0
       13577           0           0           0
       13086           0           0           0
       12628           0           0           0
       12173           0           0           0
       11693           0           0           0
       11218           0           0           0
       10813           0           0           0
       10418           0           0           0
        9979           0           0           0
        9686           0           0           0
        9577           0           0           0
        9325           0           0           0
        9032           0           0           0
        8652           0           0           0
        8321           0           0           0
        8101           0           0           0
        7830           0           0           0
        7414           0           0           0
        6966           0           0           0
        6601           0           0           0
        6286           0           0           0
        6063           0           0           0
        5907           0           0           0
        5573           0           0           0
        5290           0           0           0
        5217           0           0           0
        5230           0           0           0
        5214           0           0           0
        5067           0           0           0
        4792           0           0           0
        4548           0           0           0
        4344           0           0           0
        4120           0           0           0
        4076           0           0           0
        4088           0           0           0
        3831           0           0           0
        3629           0           0           0
        3434           0           0           0
        3092           0           0           0
        2899           0           0           0
        2850           0           0           0
        2732           0           0           0
        2601           0           0           0
        2486           0           0           0
        2289           0           0           0
        2084           0           0           0
        2006           0           0           0
        1928           0           0           0
        1810           0           0           0
        1700           0           0           0
        1679           0           0           0
        1702           0           0           0
        1639           0           0           0
        1601           0           0           0
        1599           0           0           0
        1488           0           0           0
        1419           0           0           0
        1338           0           0           0
        1178           0           0           0
        1054           0           0           0
         972           0           0           0
         993           0           0           0
        1027           0           0           0
        1010           0           0           0
        1004           0           0           0
         959           0           0           0
         899           0           0           0
         819           0           0           0
         728           0           0           0
         699           0           0           0
         712           0           0           0
         648           0           0           0
         576           0           0           0
         552           0           0           0
         552           0           0           0
         555           0           0           0
         520           0           0           0
         510           0           0           0
         482           0           0           0
         449           0           0           0
         432           0           0           0
         398           0           0           0
         401           0           0           0
         395           0           0           0
         338           0           0           0
         286           0           0           0
         288           0           0           0
         328           0           0           0
         349           0           0           0
         335           0           0           0
         318           0           0           0
         300           0           0           0
         281           0           0           0
         257           0           0           0
         233           0           0           0
         206           0           0           0
         173           0           0           0
         155           0           0           0
         167           0           0           0
         182           0           0           0
         180           0           0           0
         178           0           0           0
         193           0           0           0
         223           0           0           0
         221           0           0           0
         206           0           0           0
         185           0           0           0
         162           0           0           0
         153           0           0           0
         134           0           0           0
         114           0           0           0
         108           0           0           0
         121           0           0           0
         114           0           0           0
          99           0           0           0
          94           0           0           0
          86           0           0           0
          86           0           0           0
