          25           0           0           0
          31           0           0           0
          47           0           0           0
          87           0           0           0
         116           0           0           0
         131           0           0           0
         147           0           0           0
         138           0           0           0
         126           0           0           0
         138           0           0           0
         139           0           0           0
         149           0           0           0
         151           0           0           0
         152           0           0           0
         174           0           0           0
         198           0           0           0
         209           0           0           0
         196           0           0           0
         198           0           0           0
         228           0           0           0
         276           0           0           0
         331           0           0           0
         314           0           0           0
         294           0           0           0
         307           0           0           0
         305           0           0           0
         315           0           0           0
         356           0           0           0
         376           0           0           0
         371           0           0           0
         412           0           0           0
         469           0           0           0
         525           0           0           0
         605           0           0           0
         644           0           0           0
         652           0           0           0
         688           0           0           0
         757           0           0           0
         813           0           0           0
         839           0           0           0
         879           0           0           0
         949           0           0           0
         956           0           0           0
         916           0           0           0
         927           0           0           0
         952           0           0           0
        1028           0           0           0
        1087           0           0           0
        1086           0           0           0
        1111           0           0           0
        1150           0           0           0
        1188           0           0           0
        1247           0           0           0
        1253           0           0           0
        1246           0           0           0
        1278           0           0           0
        1265           0           0           0
        1310           0           0           0
        1420           0           0           0
        1517           0           0           0
        1566           0           0           0
        1664           0           0           0
        1794           0           0           0
        1874           0           0           0
        1972           0           0           0
        2114           0           0           0
        2158           0           0           0
        2192           0           0           0
        2334           0           0           0
        2418           0           0           0
        2435           0           0           0
        2529           0           0           0
        2719           0           0           0
        2864           0           0           0
        2872           0           0           0
        2858           0           0           0
        2842           0           0           0
        2863           0           0           0
        2904           0           0           0
        3023           0           0           0
        3267           0           0           0
        3437           0           0           0
        3542           0           0           0
        3676           0           0           0
        3869           0           0           0
        4191           0           0           0
        4308           0           0           0
        4432           0           0           0
        4753           0           0           0
        4947           0           0           0
        5274           0           0           0
        5680           0           0           0
        5895           0           0           0
        6226           0           0           0
        6597           0           0           0
        6923           0           0           0
        7315           0           0           0
        7695           0           0           0
        8007           0           0           0
        8188           0           0           0
        8217           0           0           0
        8427           0           0           0
        8885           0           0           0
        9273           0           0           0
        9557           0           0           0
       10115           0           0           0
       10644           0           0           0
       10907           0           0           0
       11124           0           0           0
       11430           0           0           0
       11690           0           0           0
       12148           0           0           0
       12567           0           0           0
       12761           0           0           0
       13075           0           0           0
       13723           0           0           0
       14381           0           0           0
       14857           0           0           0
       15491           0           0           0
       15985           0           0           0
       16169           0           0           0
       16682           0           0           0
       17409           0           0           0
       17893           0           0           0
       18294           0           0           0
       18957           0           0           0
       19514           0           0           0
       19860           0           0           0
       20407           0           0           0
       21091           0           0           0
       21937           0           0           0
       22772           0           0           0
       22971           0           0           0
       23030           0           0           0
       23379           0           0           0
       24122           0           0           0
       24783           0           0           0
       25477           0           0           0
       26273           0           0           0
       26940           0           0           0
       28086           0           0           0
       29423           0           0           0
       30867           0           0           0
       32452           0           0           0
       33340           0           0           0
       34561           0           0           0
       36126           0           0           0
       37476           0           0           0
       38411           0           0           0
       39511           0           0           0
       41098           0           0           0
       42464           0           0           0
       43283           0           0           0
       44082           0           0           0
       45223           0           0           0
       46519           0           0           0
       47721           0           0           0
       48955           0           0           0
       50445           0           0           0
       52604           0           0           0
       54409           0           0           0
       55777           0           0           0
       57548           0           0           0
       59386           0           0           0
       61106           0           0           0
       63043           0           0           0
       65173           0           0           0
       66847           0           0           0
       69135           0           0           0
       72253           0           0           0
       74343           0           0           0
       76246           0           0           0
       78472           0           0           0
       80636           0           0           0
       82910           0           0           0
       85952           0           0           0
       88770           0           0           0
       91609           0           0           0
       94176           0           0           0
       96901           0           0           0
       99043           0           0           0
      100935           0           0           0
      103319           0           0           0
      105698           0           0           0
      107623           0           0           0
      110259           0           0           0
      113115           0           0           0
      116267           0           0           0
      119740           0           0           0
      123133           0           0           0
      126881           0           0           0
      130534           0           0           0
      133815           0           0           0
      138097           0           0           0
      143265           0           0           0
      148181           0           0           0
      152198           0           0           0
      156273           0           0           0
      160157           0           0           0
      164469           0           0           0
      169987           0           0           0
      175792           0           0           0
      180132           0           0           0
      184081           0           0           0
      189387           0           0           0
      195183           0           0           0
      199879           0           0           0
      204644           0           0           0
      210443           0           0           0
      216589           0           0           0
      222472           0           0           0
      228591           0           0           0
      232985           0           0           0
      237656           0           0           0
      243260           0           0           0
      249669           0           0           0
      256346           0           0           0
      262936           0           0           0
      269490           0           0           0
      276307           0           0           0
      283635           0           0           0
      292018           0           0           0
      300241           0           0           0
      308458           0           0           0
      316321           0           0           0
      323981           0           0           0
      332398           0           0           0
      341162           0           0           0
      349952           0           0           0
      359495           0           0           0
      367453           0           0           0
      375588           0           0           0
      385161           0           0           0
      394186           0           0           0
      402153           0           0           0
      410604           0           0           0
      419645           0           0           0
      429595           0           0           0
      439224           0           0           0
      449302           0           0           0
      459677           0           0           0
      471063           0           0           0
      481527           0           0           0
      492564           0           0           0
      504489           0           0           0
      516320           0           0           0
      529087           0           0           0
      543098           0           0           0
      555695           0           0           0
      567619           0           0           0
      579892           0           0           0
      593339           0           0           0
      606057           0           0           0
      618811           0           0           0
      633983           0           0           0
      649137           0           0           0
      661807           0           0           0
      676497           0           0           0
      692364           0           0           0
      708568           0           0           0
      723040           0           0           0
      739912           0           0           0
      757865           0           0           0
      774483           0           0           0
      791179           0           0           0
      808103           0           0           0
      825837           0           0           0
      844080           0           0           0
      861866           0           0           0
      879674           0           0           0
      897154           0           0           0
      915981           0           0           0
      934497           0           0           0
      954048           0           0           0
      973920           0           0           0
      994847           0           0           0
     1016142           0           0           0
     1038074           0           0           0
     1060142           0           0           0
     1082451           0           0           0
     1104595           0           0           0
     1126637           0           0           0
     1150004           0           0           0
     1175493           0           0           0
     1200221           0           0           0
     1225500           0           0           0
     1251846           0           0           0
     1278441           0           0           0
     1303478           0           0           0
     1330094           0           0           0
     1358052           0           0           0
     1385458           0           0           0
     1410947           0           0           0
     1439014           0           0           0
     1467281           0           0           0
     1495760           0           0           0
     1526066           0           0           0
     1559926           0           0           0
     1590955           0           0           0
     1620406           0           0           0
     1652104           0           0           0
     1685491           0           0           0
     1719868           0           0           0
     1755476           0           0           0
     1788251           0           0           0
     1821525           0           0           0
     1853799           0           0           0
     1887375           0           0           0
     1922749           0           0           0
     1957598           0           0           0
     1994540           0           0           0
     2033276           0           0           0
     2069695           0           0           0
     2108890           0           0           0
     2150828           0           0           0
     2192824           0           0           0
     2231410           0           0           0
     2271060           0           0           0
     2312593           0           0           0
     2353167           0           0           0
     2393007           0           0           0
     2435490           0           0           0
     2477359           0           0           0
     2519747           0           0           0
     2562709           0           0           0
     2607833           0           0           0
     2652951           0           0           0
     2698833           0           0           0
     2744470           0           0           0
     2791735           0           0           0
     2837418           0           0           0
     2886014           0           0           0
     2935032           0           0           0
     2983751           0           0           0
     3032141           0           0           0
     3078653           0           0           0
     3127415           0           0           0
     3179435           0           0           0
     3233567           0           0           0
     3289380           1           0           0
     3341956           2           0           0
     3397379           1           0           0
     3455705           1           0           0
     3513480           1           0           0
     3571374           1           0           0
     3630980           2           0           0
     3689904           3           0           0
     3751540           3           0           0
     3812140           4           0           0
     3873786           3           0           0
     3939981           2           0           0
     4007084           3           0           0
     4066819          12           0           0
     4125584          37           0           0
     4185687          64           0           0
     4249460          66           0           0
     4315155          86           0           0
     4379188         127           0           0
     4437650         183           0           0
     4500047         257           0           0
     4566813         313           0           0
     4635450         453           0           0
     4705459         729           1           0
     4776712        1053           7           0
     4847821        1409          15           0
     4919622        1947          21           0
     4992414        2665          32           0
     5069680        3733          50           0
     5150527        5244          67           1
     5231369        7191          99           5
     5305916        9873         172           8
     5381711       13748         298          10
     5458331       18937         491          15
     5536695       26022         728          29
     5612715       35901        1131          61
     5688499       49479        1827         119
     5768531       68332        2959         225
     5855627       94246        4751         375
     5938341      130198        7816         678
     6015995      179418       12805        1256
     6096548      247863       20342        2266
     6185445      343026       32014        4183
     6279874      474501       50757        7507
     6372790      656024       80772       13451
     6459737      904922      128710       24193
     6549467     1249970      205975       43721
     6643525     1729839      329469       78301
     6737222     2394983      526581      139759
     6824594     3312585      842484      251295
     6917378     4572092     1343173      452400
     7017674     6314333     2144143      813486
     7119939     8725915     3424436     1461331
     7217961    12060575     5463453     2627599
     7313830    16667032     8714006     4718077
     7405981    23029491    13901691     8472254
     7499316    31819145    22178214    15218666
     7593814    43970084    35374718    27343035
     7691973    60756306    56461010    49122075
     7793814    83947821    90120426    88246951
     7898054   115993443   143821629   158532321
     8002172   160272717   229519441   284816119
     7908229   115991418   143840660   158537922
     7810031    83936893    90143955    88252228
     7711575    60753259    56480573    49120366
     7615214    43977227    35393082    27340368
     7517737    31833853    22181738    15222619
     7420551    23039145    13898824     8479005
     7326016    16671818     8709747     4724185
     7233291    12066817     5458674     2631720
     7141783     8735384     3420458     1465103
     7046925     6326339     2142619      814420
     6952198     4581198     1344836      452344
     6860502     3313462      844579      251583
     6777601     2398100      529421      140308
     6693706     1734925      332207       78484
     6606164     1256394      207889       43647
     6515034      910522      130566       23936
     6424507      659217       82193       13300
     6337967      475737       51788        7608
     6256522      343700       32700        4186
     6173612      249088       20868        2163
     6087328      180423       13358        1157
     6001578      130482        8279         637
     5918761       94827        5295         390
     5838062       68569        3399         250
     5757392       49358        2121         136
     5675060       35607        1354          74
     5594724       25630         794          41
     5514556       18417         458          23
     5435365       13159         293          13
     5351928        9521         179           8
     5273884        6951         117           3
     5200134        5087          80           1
     5124931        3774          64           0
     5050867        2684          53           0
     4980999        1875          39           0
     4908613        1354          20           0
     4840122         993           6           0
     4773787         725           0           0
     4708115         477           0           0
     4647713         311           0           0
     4582835         232           0           0
     4512227         179           0           0
     4447941         127           0           0
     4378957          87           0           0
     4311310          72           0           0
     4244264          54           0           0
     4177161          37           0           0
     4112844          24           0           0
     4051727          18           0           0
     3989754          13           0           0
     3928487          11           0           0
     3870797           7           0           0
     3816970           2           0           0
     3760750           0           0           0
     3703878           0           0           0
     3644167           0           0           0
     3585527           0           0           0
     3527527           0           0           0
     3468980           0           0           0
     3412040           0           0           0
     3357968           0           0           0
     3304112           0           0           0
     3250044           0           0           0
     3194451           0           0           0
     3139790           0           0           0
     3085501           0           0           0
     3034902           0           0           0
     2986074           0           0           0
     2935927           0           0           0
     2885497           0           0           0
     2836349           0           0           0
     2786926           0           0           0
     2738634           0           0           0
     2688962           0           0           0
     2642808           0           0           0
     2599473           0           0           0
     2555803           0           0           0
     2510134           0           0           0
     2465754           0           0           0
     2420934           0           0           0
     2374661           0           0           0
     2328674           0           0           0
     2287299           0           0           0
     2246865           0           0           0
     2206427           0           0           0
     2166313           0           0           0
     2130307           0           0           0
     2093016           0           0           0
     2055650           0           0           0
     2020007           0           0           0
     1984307           0           0           0
     1945746           0           0           0
     1907703           0           0           0
     1872677           0           0           0
     1838712           0           0           0
     1800245           0           0           0
     1761587           0           0           0
     1728071           0           0           0
     1695671           0           0           0
     1661944           0           0           0
     1631205           0           0           0
     1598635           0           0           0
     1568145           0           0           0
     1540366           0           0           0
     1513532           0           0           0
     1485696           0           0           0
     1458266           0           0           0
     1429131           0           0           0
     1402491           0           0           0
     1376466           0           0           0
     1348781           0           0           0
     1321929           0           0           0
     1298174           0           0           0
     1275509           0           0           0
     1251444           0           0           0
     1225874           0           0           0
     1200147           0           0           0
     1175067           0           0           0
     1151692           0           0           0
     1126433           0           0           0
     1103086           0           0           0
     1080802           0           0           0
     1059030           0           0           0
     1037256           0           0           0
     1014166           0           0           0
      990844           0           0           0
      971118           0           0           0
      951228           0           0           0
      931260           0           0           0
      912791           0           0           0
      894757           0           0           0
      877617           0           0           0
      861552           0           0           0
      843646           0           0           0
      824379           0           0           0
      805926           0           0           0
      788384           0           0           0
      769652           0           0           0
      752993           0           0           0
      736045           0           0           0
      718581           0           0           0
      701793           0           0           0
      686057           0           0           0
      671332           0           0           0
      657921           0           0           0
      643624           0           0           0
      629172           0           0           0
      615271           0           0           0
      602341           0           0           0
      587997           0           0           0
      573131           0           0           0
      560419           0           0           0
      548604           0           0           0
      536224           0           0           0
      525538           0           0           0
      513586           0           0           0
      502073           0           0           0
      490441           0           0           0
      478504           0           0           0
      466326           0           0           0
      454587           0           0           0
      443455           0           0           0
      433209           0           0           0
      423740           0           0           0
      414115           0           0           0
      404848           0           0           0
      397028           0           0           0
      388812           0           0           0
      379892           0           0           0
      369728           0           0           0
      359456           0           0           0
      349322           0           0           0
      339093           0           0           0
      329450           0           0           0
      320952           0           0           0
      312197           0           0           0
      303832           0           0           0
      295862           0           0           0
      287954           0           0           0
      280544           0           0           0
      274238           0           0           0
      267771           0           0           0
      262326           0           0           0
      256294           0           0           0
      249596           0           0           0
      243457           0           0           0
      237086           0           0           0
      229174           0           0           0
      221771           0           0           0
      216595           0           0           0
      212489           0           0           0
      207874           0           0           0
      203376           0           0           0
      198259           0           0           0
      193091           0           0           0
      187576           0           0           0
      181834           0           0           0
      176762           0           0           0
      172780           0           0           0
      168241           0           0           0
      163222           0           0           0
      158202           0           0           0
      153813           0           0           0
      149879           0           0           0
      146090           0           0           0
      142753           0           0           0
      139933           0           0           0
      136376           0           0           0
      132412           0           0           0
      128465           0           0           0
      124742           0           0           0
      121211           0           0           0
      118153           0           0           0
      115565           0           0           0
      113088           0           0           0
      110473           0           0           0
      108129           0           0           0
      105140           0           0           0
      102062           0           0           0
       98765           0           0           0
       95288           0           0           0
       92551           0           0           0
       90057           0           0           0
       86874           0           0           0
       83787           0           0           0
       80702           0           0           0
       77368           0           0           0
       74566           0           0           0
       72418           0           0           0
       70181           0           0           0
       68413           0           0           0
       66423           0           0           0
       64381           0           0           0
       62677           0           0           0
       60451           0           0           0
       57790           0           0           0
       56171           0           0           0
       54847           0           0           0
       53152           0           0           0
       51630           0           0           0
       50059           0           0           0
       48370           0           0           0
       46987           0           0           0
       45554           0           0           0
       44281           0           0           0
       42818           0           0           0
       41247           0           0           0
       39848           0           0           0
       38910           0           0           0
       37951           0           0           0
       36776           0           0           0
       36084           0           0           0
       35851           0           0           0
       34939           0           0           0
       33646           0           0           0
       32455           0           0           0
       31325           0           0           0
       30278           0           0           0
       29492           0           0           0
       28727           0           0           0
       27955           0           0           0
       27504           0           0           0
       27114           0           0           0
       26157           0           0           0
       25190           0           0           0
       24280           0           0           0
       23335           0           0           0
       22561           0           0           0
       21841           0           0           0
       21032           0           0           0
       20367           0           0           0
       19924           0           0           0
       19540           0           0           0
       19197           0           0           0
       18743           0           0           0
       18057           0           0           0
       17491           0           0           0
       17168           0           0           0
       17016           0           0           0
       16593           0           0           0
       16176           0           0           0
       15935           0           0           0
       15638           0           0           0
       15118           0           0           0
       14585           0           0           0
       14082           0           0           0
       13508           0           0           0
       13049           0           0           0
       12682           0           0           0
       12128           0           0           0
       11694           0           0           0
       11313           0           0           0
       10801           0           0           0
       10370           0           0           0
       10071           0           0           0
        9816           0           0           0
        9543           0           0           0
        9276           0           0           0
        9018           0           0           0
        8748           0           0           0
        8513           0           0           0
        8190           0           0           0
        7888           0           0           0
        7585           0           0           0
        7277           0           0           0
        7024           0           0           0
        6655           0           0           0
        6357           0           0           0
        6204           0           0           0
        6004           0           0           0
        5830           0           0           0
        5617           0           0           0
        5311           0           0           0
        5055           0           0           0
        4880           0           0           0
        4698           0           0           0
        4600           0           0           0
        4463           0           0           0
        4235           0           0           0
        4093           0           0           0
        3945           0           0           0
        3717           0           0           0
        3546           0           0           0
        3461           0           0           0
        3308           0           0           0
        3150           0           0           0
        3201           0           0           0
        3150           0           0           0
        2926           0           0           0
        2770           0           0           0
        2680           0           0           0
        2580           0           0           0
        2603           0           0           0
        2688           0           0           0
        2646           0           0           0
        2434           0           0           0
        2280           0           0           0
        2149           0           0           0
        2056           0           0           0
        1996           0           0           0
        1923           0           0           0
        1820           0           0           0
        1656           0           0           0
        1551           0           0           0
        1492           0           0           0
        1519           0           0           0
        1582           0           0           0
        1497           0           0           0
        1326           0           0           0
        1203           0           0           0
        1085           0           0           0
        1066           0           0           0
        1139           0           0           0
        1160           0           0           0
        1147           0           0           0
        1119           0           0           0
        1073           0           0           0
        1015           0           0           0
         967           0           0           0
         962           0           0           0
         943           0           0           0
         901           0           0           0
         920           0           0           0
         927           0           0           0
         895           0           0           0
         825           0           0           0
         724           0           0           0
         651           0           0           0
         575           0           0           0
         495           0           0           0
         461           0           0           0
         447           0           0           0
         452           0           0           0
         431           0           0           0
         412           0           0           0
         387           0           0           0
         332           0           0           0
         297           0           0           0
         280           0           0           0
         272           0           0           0
         269           0           0           0
         257           0           0           0
         267           0           0           0
         275           0           0           0
         277           0           0           0
         263           0           0           0
         244           0           0           0
         235           0           0           0
         234           0           0           0
         236           0           0           0
         233           0           0           0
         239           0           0           0
         227           0           0           0
         207           0           0           0
         198           0           0           0
         173           0           0           0
         153           0           0           0
         127           0           0           0
          91           0           0           0
          67           0           0           0
