           0           0          72
           0           0          93
           0           0         113
           0           0         105
           0           0          94
           0           0          89
           0           0          79
           0           0          92
           0           0         124
           0           0         148
           0           0         169
           0           0         172
           0           0         172
           0           0         174
           0           0         147
           0           0         143
           0           0         154
           0           0         172
           0           0         202
           0           0         185
           0           0         157
           0           0         177
           0           0         187
           0           0         195
           0           0         190
           0           0         171
           0           0         176
           0           0         202
           0           0         219
           0           0         221
           0           0         237
           0           0         283
           0           0         320
           0           0         306
           0           0         305
           0           0         349
           0           0         360
           0           0         341
           0           0         348
           0           0         395
           0           0         415
           0           0         435
           0           0         508
           0           0         591
           0           0         688
           0           0         772
           0           0         778
           0           0         795
           0           0         871
           0           0         930
           0           0         951
           0           0         972
           0           0         972
           0           0         964
           0           0        1028
           0           0        1114
           0           0        1193
           0           0        1314
           0           0        1371
           0           0        1402
           0           0        1487
           0           0        1573
           0           0        1656
           0           0        1816
           0           0        1930
           0           0        1971
           0           0        2071
           0           0        2142
           0           0        2120
           0           0        2163
           0           0        2275
           0           0        2348
           0           0        2508
           0           0        2780
           0           0        2921
           0           0        2915
           0           0        2956
           0           0        2979
           0           0        3026
           0           0        3162
           0           0        3253
           0           0        3340
           0           0        3419
           0           0        3521
           0           0        3743
           0           0        3837
           0           0        3839
           0           0        3986
           0           0        4094
           0           0        4405
           0           0        4865
           0           0        5213
           0           0        5341
           0           0        5424
           0           0        5607
           0           0        5913
           0           0        6229
           0           0        6452
           0           0        6773
           0           0        7052
           0           0        7276
           0           0        7594
           0           0        7931
           0           0        8343
           0           0        8707
           0           0        9092
           0           0        9491
           0           0        9687
           0           0        9948
           0           0       10392
           0           0       10659
           0           0       11174
           0           0       11807
           0           0       12210
           0           0       12664
           0           0       13083
           0           0       13300
           0           0       13562
           0           0       13798
           0           0       13885
           0           0       14116
           0           0       14517
           0           0       14922
           0           0       15500
           0           0       15955
           0           0       16438
           0           0       17052
           0           0       17830
           0           0       18328
           0           0       18742
           0           0       19357
           0           0       20011
           0           0       20655
           0           0       21270
           0           0       21957
           0           0       22599
           0           0       23297
           0           0       24337
           0           0       25384
           0           0       26653
           0           0       27956
           0           0       29044
           0           0       30115
           0           0       31493
           0           0       32876
           0           0       33908
           0           0       34834
           0           0       36250
           0           0       37907
           0           0       39236
           0           0       40481
           0           0       41876
           0           0       43237
           0           0       44739
           0           0       46199
           0           0       47788
           0           0       49649
           0           0       51178
           0           0       52203
           0           0       53687
           0           0       55559
           0           0       57405
           0           0       58915
           0           0       60890
           0           0       63139
           0           0       64867
           0           0       66504
           0           0       68850
           0           0       70499
           0           0       71964
           0           0       74111
           0           0       76412
           0           0       78090
           0           0       79705
           0           0       81972
           0           0       84710
           0           0       87429
           0           0       90185
           0           0       93148
           0           0       96217
           0           0       99111
           0           0      102726
           0           0      106351
           0           0      109615
           0           0      112440
           0           0      114753
           0           0      117205
           0           0      121009
           0           0      125895
           0           0      129550
           0           0      131733
           0           0      134815
           0           0      138486
           0           0      142829
           0           0      147340
           0           0      151977
           0           0      156305
           0           0      160578
           0           0      165121
           0           0      168999
           0           0      172263
           0           0      176402
           0           0      180513
           0           0      185137
           0           0      190208
           0           0      195717
           0           0      200686
           0           0      205898
           0           0      211688
           0           0      217438
           0           0      222543
           0           0      227689
           0           0      232939
           0           0      238770
           0           0      245544
           0           0      252033
           0           0      257301
           0           0      262655
           0           0      269043
           0           0      276086
           0           0      283477
           0           0      291438
           0           0      298743
           0           0      305652
           0           0      312244
           0           0      319736
           0           0      327745
           0           0      336838
           0           0      345012
           0           0      352348
           0           0      359785
           0           0      368368
           0           0      377362
           0           0      386350
           0           0      395598
           0           0      406061
           0           0      415996
           0           0      427127
           0           0      439610
           0           0      451665
           0           0      463312
           0           0      474640
           0           0      485202
           0           0      497018
           0           0      509411
           0           0      520214
           0           0      531661
           0           0      544572
           0           0      556740
           0           0      569955
           0           0      582164
           0           0      595913
           0           0      609560
           0           0      622417
           0           4      635974
           0          10      650594
           0          10      665070
           0          10      679732
           0          16      695314
           0          20      711708
           0          19      727400
           0          28      744068
           0          36      761968
           0          36      780316
           0          33      799198
           0          26      820167
           0          30      839189
           0          44      856629
           0          51      875606
           0          49      896112
           0          41      914441
           0          39      932915
           0          36      951804
           0          31      971156
           0          31      991634
           0          37     1012113
           0          47     1030578
           0          59     1052130
           0          76     1075370
           0          89     1098307
           0          90     1122314
           0         103     1147953
           0         144     1172217
           0         195     1196093
           0         226     1221617
           0         251     1248224
           0         263     1272945
           0         288     1297608
           0         312     1322464
           0         349     1349115
           0         417     1374663
           0         457     1400016
           0         501     1426669
           0         592     1455910
           0         659     1484400
           0         766     1514760
           0         896     1545567
           0        1046     1575014
           0        1085     1602198
           0        1176     1632417
           0        1391     1661279
           0        1677     1689620
           0        1890     1721253
           0        2154     1753183
           0        2453     1784002
           0        2782     1818331
           0        3072     1855143
           0        3336     1889772
           0        3606     1921847
           0        4080     1957283
           0        4714     1995540
           0        5404     2032999
           0        5913     2070975
           0        6466     2110861
           0        7122     2150890
           0        7810     2194995
           0        8440     2239374
           0        9269     2283530
           0       10094     2327054
           0       11029     2369258
           0       11933     2409535
           0       13315     2451696
           0       14725     2493690
           0       16048     2536783
           0       17219     2580596
           0       18946     2624631
           0       20673     2669117
           0       22714     2716099
           0       24737     2763189
           0       27113     2812096
           0       29337     2861600
           0       31891     2908086
           0       34755     2953676
           0       38272     3005774
           0       41562     3057952
           0       45287     3111098
           0       49491     3169032
           0       54269     3224595
           0       58719     3273982
           0       64259     3325888
           0       69250     3377275
           0       74552     3428393
           0       80504     3481142
           0       88018     3535085
           0       95389     3588497
           0      103329     3649297
           0      111271     3714750
           0      121246     3779426
           0      131105     3840934
           0      141233     3904252
           0      151870     3967610
           0      164002     4031212
           0      176037     4098785
           0      189538     4165748
           0      202524     4226008
           0      216868     4288398
           0      231595     4352140
           3      248677     4416174
           6      265590     4478749
           5      285175     4545802
           2      305291     4614553
           9      328605     4687198
          19      351176     4760541
          33      374710     4832705
          51      399071     4904773
         108      426678     4973808
         154      455279     5042831
         245      487014     5113640
         362      516146     5180674
         565      547390     5250395
         719      579236     5320241
        1056      614047     5393556
        1388      649296     5470920
        2062      690108     5549527
        2720      731608     5626019
        3902      776838     5707379
        5088      820581     5795730
        7077      865685     5882335
        9070      911523     5961449
       12560      961615     6040994
       15972     1013374     6125589
       21534     1069033     6216139
       27298     1124266     6307392
       36333     1181874     6395104
       45205     1238244     6475514
       58403     1301910     6559592
       71998     1367090     6649315
       91591     1433497     6737077
      111221     1499626     6828234
      138570     1574965     6923498
      165123     1647240     7010858
      201618     1722146     7100941
      238502     1798676     7191657
      287477     1882071     7282481
      335479     1962190     7367468
      395769     2045546     7452828
      458335     2133289     7549321
      534812     2225621     7649752
      611671     2318477     7747277
      706213     2420071     7851383
      797979     2520617     7956876
      704752     2422811     7857757
      612786     2325003     7754407
      536163     2231949     7652420
      459487     2138372     7551526
      397898     2054180     7458679
      335568     1967923     7365615
      286506     1882615     7270837
      237619     1800608     7174620
      200088     1722143     7077334
      163673     1644646     6986440
      137646     1572441     6898205
      111413     1499656     6809493
       92411     1433710     6724850
       72922     1366100     6634681
       59228     1301498     6542278
       45501     1237771     6457071
       36505     1180224     6378458
       27654     1121495     6296466
       21983     1065246     6209366
       16022     1010176     6119649
       12368      958845     6036220
        8913      907378     5953351
        6820      861738     5874065
        4819      816688     5796714
        3695      776058     5719553
        2626      734700     5638990
        1994      694037     5556997
        1310      653335     5480379
        1043      617441     5405624
         733      582158     5327028
         549      548870     5249910
         357      515325     5174688
         233      486131     5099824
         143      456847     5022059
         114      429766     4953652
          56      402150     4886806
          28      377921     4815444
          14      354384     4748828
          14      333076     4682527
           9      311781     4615408
           5      292980     4552197
           3      274304     4483797
           4      257804     4414731
           3      240834     4346029
           3      225762     4282626
           3      210888     4221679
           2      197367     4160395
           3      184298     4098217
           2      172610     4032306
           1      159380     3961965
           1      147347     3895888
           0      135807     3834066
           0      126232     3774089
           0      116077     3711071
           0      106965     3648286
           0       98306     3588461
           0       90518     3534059
           0       83043     3476398
           0       76777     3418722
           0       70788     3365170
           0       65399     3313507
           0       59908     3262176
           0       55490     3210003
           0       51346     3153997
           0       48080     3100072
           0       44174     3048897
           0       40657     2999314
           0       37252     2949624
           0       34061     2903104
           0       31014     2860119
           0       28589     2818377
           0       26033     2770438
           0       23657     2724478
           0       21380     2680635
           0       19747     2633383
           0       17914     2585754
           0       16360     2540246
           0       14896     2495569
           0       13500     2452119
           0       11978     2408770
           0       10770     2369622
           0        9741     2328691
           0        8869     2287892
           0        7902     2248826
           0        7093     2207974
           0        6411     2170226
           0        5889     2135035
           0        5277     2096095
           0        4772     2058240
           0        4246     2020487
           0        3845     1987254
           0        3464     1952013
           0        3127     1912274
           0        2782     1874767
           0        2463     1841651
           0        2162     1806493
           0        1923     1771733
           0        1734     1739613
           0        1623     1706617
           0        1427     1674051
           0        1224     1643639
           0         994     1611300
           0         846     1581919
           0         739     1552325
           0         644     1523784
           0         538     1495407
           0         471     1465920
           0         430     1436144
           0         383     1407338
           0         334     1381190
           0         302     1354138
           0         279     1326918
           0         239     1303435
           0         203     1278652
           0         205     1253708
           0         207     1228953
           0         202     1204855
           0         173     1180561
           0         158     1155760
           0         129     1131563
           0          90     1109892
           0          71     1086593
           0          50     1063751
           0          26     1041446
           0          27     1020876
           0          48     1002045
           0          60      983020
           0          49      963619
           0          37      944791
           0          34      923012
           0          22      902508
           0           9      883326
           0           9      863511
           0           6      843840
           0           4      824584
           0           6      806082
           0           6      788776
           0           5      772155
           0           9      758206
           0          14      742596
           0          12      725073
           0           8      708759
           0           6      693727
           0           7      677616
           0           9      662405
           0           7      646919
           0           6      632253
           0          10      618379
           0          15      602428
           0          17      586307
           0          13      573964
           0          13      560983
           0          16      548375
           0          10      537193
           0           8      525846
           0           9      513789
           0           8      503663
           0           9      492870
           0          16      480454
           0          22      469910
           0          19      461951
           0          15      453023
           0          12      441695
           0          10      430983
           0           9      422308
           0           7      413167
           0           3      404089
           0           0      394881
           0           0      385538
           0           0      375072
           0           0      365417
           0           0      355817
           0           0      345908
           0           0      337638
           0           0      329822
           0           0      321448
           0           0      312980
           0           0      303901
           0           0      296740
           0           0      289956
           0           0      282149
           0           0      274561
           0           0      269052
           0           0      263940
           0           0      258521
           0           0      251930
           0           0      245605
           0           0      239833
           0           0      233226
           0           0      226229
           0           0      220590
           0           0      215154
           0           0      210948
           0           0      206800
           0           0      201474
           0           0      195553
           0           0      189498
           0           0      183808
           0           0      178353
           0           0      173003
           0           0      168026
           0           0      163401
           0           0      158908
           0           0      154259
           0           0      149992
           0           0      146234
           0           0      142794
           0           0      138936
           0           0      134773
           0           0      130835
           0           0      127592
           0           0      123660
           0           0      119783
           0           0      116164
           0           0      113114
           0           0      110640
           0           0      107754
           0           0      104617
           0           0      101701
           0           0       98884
           0           0       96312
           0           0       93344
           0           0       91198
           0           0       89380
           0           0       87133
           0           0       84583
           0           0       82380
           0           0       80765
           0           0       79280
           0           0       76790
           0           0       74112
           0           0       71947
           0           0       69482
           0           0       67212
           0           0       65293
           0           0       63288
           0           0       61335
           0           0       59209
           0           0       57201
           0           0       55240
           0           0       53539
           0           0       52099
           0           0       50331
           0           0       48621
           0           0       47419
           0           0       45788
           0           0       44132
           0           0       42624
           0           0       41304
           0           0       40062
           0           0       38638
           0           0       37118
           0           0       35654
           0           0       33859
           0           0       32421
           0           0       31454
           0           0       30248
           0           0       29001
           0           0       28023
           0           0       27132
           0           0       26263
           0           0       25336
           0           0       24462
           0           0       23827
           0           0       23347
           0           0       22746
           0           0       22480
           0           0       22086
           0           0       21247
           0           0       20484
           0           0       20142
           0           0       19480
           0           0       18494
           0           0       17769
           0           0       17385
           0           0       17157
           0           0       16995
           0           0       16488
           0           0       15774
           0           0       15228
           0           0       14873
           0           0       14271
           0           0       13769
           0           0       13344
           0           0       12804
           0           0       12552
           0           0       12190
           0           0       11870
           0           0       11488
           0           0       10946
           0           0       10761
           0           0       10669
           0           0       10550
           0           0       10347
           0           0       10125
           0           0        9835
           0           0        9455
           0           0        8988
           0           0        8658
           0           0        8435
           0           0        8214
           0           0        8157
           0           0        7926
           0           0        7523
           0           0        7229
           0           0        6882
           0           0        6431
           0           0        5981
           0           0        5526
           0           0        5052
           0           0        4888
           0           0        4819
           0           0        4620
           0           0        4388
           0           0        4231
           0           0        4083
           0           0        3891
           0           0        3757
           0           0        3615
           0           0        3474
           0           0        3451
           0           0        3332
           0           0        3144
           0           0        3027
           0           0        2981
           0           0        2983
           0           0        2921
           0           0        2787
           0           0        2702
           0           0        2581
           0           0        2469
           0           0        2423
           0           0        2364
           0           0        2302
           0           0        2217
           0           0        2189
           0           0        2173
           0           0        2147
           0           0        2064
           0           0        1922
           0           0        1835
           0           0        1707
           0           0        1501
           0           0        1318
           0           0        1249
           0           0        1206
           0           0        1157
           0           0        1097
           0           0        1000
           0           0         924
           0           0         882
           0           0         857
           0           0         842
           0           0         808
           0           0         744
           0           0         656
           0           0         610
           0           0         569
           0           0         516
           0           0         469
           0           0         392
           0           0         299
           0           0         287
           0           0         329
           0           0         352
           0           0         353
           0           0         333
           0           0         274
           0           0         224
           0           0         221
           0           0         242
           0           0         227
           0           0         195
           0           0         167
           0           0         144
           0           0         125
           0           0         142
           0           0         167
           0           0         166
           0           0         140
           0           0         108
           0           0          90
           0           0          75
           0           0          60
           0           0          45
           0           0          44
           0           0          45
           0           0          49
           0           0          56
           0           0          52
           0           0          39
           0           0          31
           0           0          29
           0           0          18
           0           0          10
           0           0           9
           0           0          11
           0           0          13
           0           0          15
           0           0          19
