   0.00000000       0.00000000       0.00000000       0.00000000    
  0.999986172      0.948959768      0.900506437      0.849595368    
   1.99789345       1.87596858       1.76210284       1.62900996    
   2.99014926       2.78571916       2.57590365       2.36570001    
   3.99229670       3.67194295       3.33604026       3.04861593    
   4.97680712       4.54172468       4.07469511       3.67905855    
   5.97883654       5.36570597       4.78775597       4.26544857    
   6.95431900       6.17241955       5.46285677       4.83815575    
   7.94639683       6.97672987       6.09776258       5.35296965    
   8.94534683       7.75572062       6.71305370       5.84793949    
   9.94452000       8.51793289       7.31671429       6.30881500    
   10.9532614       9.27109909       7.88562584       6.72370958    
   11.9576674       9.99497795       8.36973000       7.14324284    
   12.9700613       10.6955109       8.85782051       7.51664734    
   14.0036345       11.4023609       9.38828945       7.89308023    
   15.0099182       12.0753994       9.86376953       8.21512985    
   15.9723997       12.7399597       10.3170795       8.55062199    
   16.9538383       13.3780165       10.7887535       8.84143734    
   17.9263592       13.9947805       11.2309189       9.12873554    
   18.9238377       14.6523952       11.6471395       9.43774796    
   19.8909588       15.2848368       12.0486927       9.71072769    
   20.9117622       15.8597069       12.4050283       9.99349308    
   21.8984222       16.3868065       12.7500219       10.2279701    
   22.8635979       16.9681416       13.0977879       10.4955912    
   23.8704357       17.5573997       13.4275465       10.7395754    
   24.8482819       18.0794125       13.7164383       10.9887009    
   25.8364010       18.6453667       14.1035442       11.2165298    
   26.8226299       19.1008339       14.4321613       11.3661041    
   27.8212032       19.5932751       14.7152529       11.5873432    
   28.8246365       20.0586758       15.0636539       11.8092136    
   29.8318005       20.6404800       15.3095379       11.9422541    
   30.8547153       21.1562080       15.6042213       12.1106167    
   31.8265953       21.6025944       15.8358517       12.2932177    
   32.8204651       22.1223812       16.1041355       12.4444571    
   33.7963028       22.5482826       16.3600426       12.6346712    
   34.8652000       22.9947376       16.6057472       12.7778835    
   35.8808594       23.3904686       16.9192009       12.9861155    
   36.8354378       23.8366947       17.1396046       13.1510668    
   37.8428574       24.2889957       17.3871422       13.2387428    
   38.8812828       24.7875652       17.6045208       13.3578768    
   39.8629570       25.2167358       17.8144398       13.4641991    
   40.8475761       25.6070251       18.0335484       13.6443844    
   41.8291397       26.0239735       18.2191429       13.7548790    
   42.7421951       26.4694576       18.4643135       13.8891983    
   43.7922363       26.9148636       18.7588367       13.9906263    
   44.7767334       27.3892593       18.9079819       14.1273088    
   45.7225151       27.7400990       19.0480347       14.3197222    
   46.7247124       28.1599426       19.2721958       14.4084024    
   47.7427635       28.4763393       19.4934521       14.5331039    
   48.7298317       28.7094421       19.6468315       14.6762476    
   49.7343140       29.1403103       19.8115597       14.7661800    
   50.8106308       29.4175816       19.9900398       14.8709269    
   51.8029404       29.7293854       20.1975460       14.9343729    
   52.7696609       30.1051216       20.3813419       15.0689707    
   53.7836609       30.4847736       20.5791798       15.1740179    
   54.8610535       30.8315811       20.7993279       15.2838449    
   55.8121490       31.1248989       20.9182186       15.4174404    
   56.8193779       31.3449612       21.0618000       15.4871092    
   57.8062019       31.6347885       21.2602654       15.6476564    
   58.8886032       31.9005566       21.4061680       15.7314787    
   59.8446884       32.1846390       21.6499596       15.7977076    
   60.8775673       32.4729195       21.7572269       15.8431072    
   61.8780022       32.7780724       21.9081059       15.9039574    
   62.8961372       33.0277748       21.9848156       15.9639196    
   63.8801003       33.2840042       22.1060295       16.0346661    
   64.8052902       33.4387054       22.2403431       16.1813641    
   65.8301926       33.7067184       22.3795986       16.2331886    
   66.8151245       33.9305649       22.5880318       16.3501358    
   67.8718262       34.2370148       22.7405281       16.5034924    
   68.8600998       34.5565796       22.8806477       16.5376072    
   69.8633804       34.8197365       22.9935017       16.6256771    
   70.8857269       35.0668793       23.1803322       16.7274876    
   71.9140320       35.2994156       23.2448120       16.8321209    
   72.8507233       35.5631866       23.3268547       16.9102707    
   73.7672272       35.9236412       23.3999786       16.9612942    
   74.8640671       36.1082001       23.5204372       17.1170387    
   75.9174881       36.3608208       23.6639290       17.1925316    
   76.9395828       36.5344276       23.8006897       17.1923351    
   77.9201508       36.8429260       23.9097881       17.2517357    
   78.9628677       37.1296768       23.9691067       17.3924828    
   79.8693085       37.3957672       24.0323429       17.5412350    
   80.7955780       37.7014656       24.1507492       17.5964985    
   81.7650146       37.9050179       24.3260059       17.6011295    
   82.8049698       38.1200600       24.4926567       17.7114296    
   83.7684021       38.3472328       24.6283817       17.7915020    
   84.8049622       38.4645386       24.7568531       17.8819122    
   85.7558060       38.6131058       24.8371506       17.8836002    
   86.7166672       38.7814980       25.0554123       17.9707661    
   87.7516632       39.0254822       25.2066002       17.9939861    
   88.6940765       39.2445755       25.3336716       18.0417919    
   89.6988068       39.4924049       25.2845402       18.1204224    
   90.7703934       39.7136536       25.3579578       18.1475391    
   91.7784958       39.8618126       25.3593903       18.1905174    
   92.7460632       40.0160637       25.4529324       18.2507763    
   93.7226028       40.1379204       25.6210308       18.3218784    
   94.7481613       40.4046173       25.6867790       18.3532104    
   95.6689453       40.6387901       25.7516689       18.3793907    
   96.6742630       40.8454361       25.8220634       18.5138416    
   97.6475830       41.1563568       25.9160156       18.5646610    
   98.6951523       41.4173775       26.0498352       18.6861496    
   99.6954575       41.5867996       26.0793571       18.7530994    
   100.725655       41.8107147       26.3049622       18.8346367    
   101.710159       42.0307579       26.3268414       18.9232273    
   102.731140       42.2812614       26.3856812       18.8879681    
   103.790016       42.3936501       26.4600372       18.8943577    
   104.806183       42.6304436       26.6053371       18.9629478    
   105.905472       42.8010788       26.7365398       18.9589062    
   106.893433       43.0698166       26.8411369       19.0494480    
   107.840050       43.2471199       26.8209229       19.1585655    
   108.962448       43.4357681       26.9417496       19.1014977    
   109.969856       43.5777931       26.9949150       19.1579952    
   111.075928       43.7365189       27.0447006       19.2027874    
   111.977905       43.9266129       27.1094913       19.2250271    
   112.968727       43.9486923       27.1408234       19.2967815    
   114.107185       44.0819931       27.2037678       19.3306293    
   115.163773       44.2009430       27.3035717       19.3699265    
   116.252701       44.5294533       27.3436813       19.3727150    
   117.064087       44.7912788       27.3259125       19.4569530    
   118.024582       44.9145775       27.3535252       19.5133629    
   119.031616       45.0650139       27.2364731       19.5813637    
   120.045143       45.3119164       27.4454975       19.6566467    
   121.006683       45.4722099       27.5283871       19.6549835    
   122.036201       45.7192116       27.6745548       19.6854248    
   123.028885       45.8898048       27.7609863       19.6946945    
   124.094368       46.0566406       27.9166489       19.8611526    
   124.960091       46.1554756       28.0210972       19.8942299    
   125.942474       46.2261047       28.0484657       19.9646358    
   126.858971       46.4458351       28.2434635       20.0010414    
   127.956940       46.5684700       28.3826141       20.0770607    
   128.903748       46.7296638       28.5076923       20.1104527    
   129.872147       46.8378067       28.6285458       20.0766125    
   130.964523       46.9104500       28.6161308       20.1635208    
   131.898438       47.0313377       28.7121792       20.2773895    
   132.864059       47.2487488       28.7526760       20.3383904    
   133.909332       47.3736572       28.8411007       20.4788628    
   135.018250       47.5093727       28.8946991       20.4733009    
   136.017807       47.6628265       28.9230633       20.4845276    
   137.009491       47.8481979       28.9184895       20.5142288    
   138.009186       48.0140266       29.1243229       20.5282192    
   138.917068       48.1557159       29.1048470       20.5359535    
   139.879929       48.1694145       29.1293812       20.5420837    
   141.010452       48.2312126       29.1827126       20.5869827    
   141.924988       48.4172630       29.2033634       20.6738071    
   142.874603       48.5516014       29.3216381       20.7531681    
   143.829971       48.7048492       29.4005508       20.7732582    
   144.705963       48.9306335       29.3389950       20.8217831    
   145.600998       49.0039062       29.4190807       20.7310390    
   146.688599       49.0079269       29.4555092       20.7015247    
   147.853775       49.1030083       29.4759655       20.7609863    
   148.956360       49.3383713       29.5354652       20.7791805    
   149.895325       49.3279991       29.5381184       20.8857288    
   150.907059       49.4834137       29.4643707       20.9618568    
   151.963211       49.6031189       29.5422440       21.0371437    
   152.895004       49.6080360       29.6564713       21.1251049    
   153.876770       49.7910843       29.7119484       21.1552601    
   154.923157       49.9017906       29.7864704       21.1477108    
   155.806992       50.1422119       29.8927574       21.2581444    
   156.810364       50.3070221       30.0005875       21.3862152    
   157.867828       50.4447517       29.9986057       21.3758106    
   158.826599       50.5426064       30.1276398       21.2891636    
   159.766586       50.6997528       30.2365456       21.2420483    
   160.831085       50.7476845       30.3229275       21.2550602    
   161.876434       50.9208450       30.3881512       21.3355713    
   162.887589       50.8933716       30.5220013       21.2774696    
   163.982254       50.9132576       30.6452751       21.3637009    
   164.999374       51.0151558       30.7097588       21.3542213    
   165.951569       51.1371307       30.6174526       21.4658051    
   166.888199       51.3903656       30.5853920       21.4616241    
   167.818344       51.5102119       30.6283913       21.5376968    
   168.769699       51.5186882       30.7011433       21.5290451    
   169.798370       51.6831551       30.7466087       21.6134472    
   170.748978       51.7198105       30.8778267       21.6212234    
   171.644485       51.8669548       31.0756493       21.7114239    
   172.755630       51.7879601       31.1177959       21.6740513    
   173.703384       51.8836479       31.2051563       21.6943398    
   174.703156       52.0356674       31.2876472       21.8361874    
   175.778885       52.1459618       31.3122330       21.8664303    
   176.803345       52.2688637       31.3192577       21.9092865    
   177.764084       52.5510559       31.3902340       21.9418697    
   178.928024       52.7280083       31.3255062       22.0530128    
   179.873672       52.7912521       31.4066238       22.0596867    
   180.902206       52.9344215       31.4689064       22.1720428    
   181.930420       53.0258217       31.4481468       22.1082821    
   183.093369       53.2709236       31.4619770       22.0712528    
   184.052887       53.5399323       31.5067291       22.1028996    
   185.122971       53.6836395       31.6284084       22.1529274    
   186.045563       53.7052307       31.7190418       22.2873230    
   186.971802       53.7585907       31.6698971       22.2996693    
   187.921265       53.7399597       31.7231331       22.3009148    
   188.932266       53.7834282       31.8355942       22.2913780    
   189.845917       53.7106171       31.8561840       22.3595333    
   190.956161       53.8760605       31.9084911       22.4088116    
   192.027390       54.1124077       31.9828300       22.4277534    
   193.074905       54.2433281       31.9471645       22.4394379    
   194.191147       54.4413033       32.0570374       22.3759899    
   195.237930       54.5594788       32.0695572       22.4988232    
   196.112442       54.6301537       32.0586891       22.6010342    
   196.972198       54.6025848       32.1175880       22.6364479    
   198.061020       54.7270126       32.1108208       22.6790180    
   199.089142       54.9240379       32.2174339       22.6290684    
   200.052216       54.9678497       32.2791214       22.6380558    
   201.033371       55.0399780       32.3162422       22.6400394    
   202.023315       55.0721855       32.4980087       22.5441761    
   203.003967       55.2317543       32.5124092       22.6505718    
   204.130798       55.2676506       32.5841179       22.6616783    
   205.041290       55.4039688       32.6953659       22.7005424    
   206.160141       55.3611794       32.6535339       22.7638378    
   207.024933       55.5864677       32.6032639       22.7916965    
   208.115448       55.7018356       32.6435051       22.9177399    
   209.194489       55.7242966       32.7282944       22.9260139    
   210.158127       55.9529953       32.5526848       22.8892174    
   211.289001       55.9419937       32.5673523       22.9118557    
   212.207138       56.1530533       32.6329041       22.8925133    
   213.164566       56.1524849       32.7000885       22.9203224    
   214.201080       56.3627625       32.7921219       22.8764782    
   215.087967       56.4269333       32.8248940       22.9271088    
   216.055984       56.3718491       32.9048729       22.8483677    
   217.175659       56.4344254       32.9020233       22.9215355    
   217.939774       56.4330368       32.9447136       22.9327965    
   218.979553       56.5497589       33.0163956       22.9581585    
   219.903625       56.5059586       32.9798393       22.9315414    
   221.034027       56.6106377       33.0520630       23.0277290    
   221.940735       56.6192131       32.9994850       22.9650784    
   222.900574       56.6931686       32.9389000       22.9507580    
   224.012024       56.7780685       32.9293213       23.1403370    
   225.054901       56.6971359       32.9234505       23.1205959    
   225.937332       56.9244652       33.1167259       23.2034798    
   226.976395       57.0544205       33.3390388       23.2137451    
   228.085098       57.1864052       33.4302826       23.3544559    
   229.099258       57.4283180       33.3897285       23.3398762    
   230.159027       57.5600090       33.4505424       23.3260269    
   231.104950       57.5955963       33.4039001       23.4560699    
   232.127075       57.7088165       33.5210915       23.5013256    
   233.202820       57.7940292       33.5594444       23.5659294    
   234.157639       57.9070587       33.6442947       23.4858494    
   235.095032       57.9814377       33.6943741       23.4998264    
   236.153503       57.9098701       33.6169014       23.5167122    
   237.100113       58.0502434       33.6351128       23.4705811    
   238.246964       58.2904930       33.6078339       23.5195808    
   239.140594       58.3395615       33.6497650       23.4918079    
   240.256653       58.3575935       33.7182693       23.5509338    
   241.198822       58.3965988       33.7089882       23.6264763    
   242.180618       58.3570709       33.6225090       23.7533073    
   243.176376       58.4549828       33.6976776       23.6968536    
   244.098953       58.6495743       33.7790184       23.8149338    
   245.035477       58.6934776       33.8610497       23.9267826    
   245.979553       58.8937416       33.8379402       23.9191246    
   247.059219       58.9578209       33.8937149       23.9846153    
   248.066360       58.9376450       33.9602394       23.9988937    
   249.077957       58.8903008       33.9882011       23.9574509    
   250.158401       59.1416664       33.9789619       23.8643684    
   251.155670       59.2389259       34.0133553       23.9357624    
   252.058594       59.3036804       34.1680908       23.9738083    
   253.068115       59.2754898       34.2509575       23.9610882    
   254.184967       59.3561325       34.3842545       24.0114174    
   255.262360       59.4661102       34.6445847       24.0443268    
   256.476898       59.5754051       34.6536026       23.9605427    
   257.548645       59.6325531       34.4976997       24.0621872    
   258.543579       59.7384796       34.5980339       24.0493145    
   259.546997       59.5845032       34.7106972       24.1647797    
   260.646057       59.7671967       34.8346100       24.2122288    
   261.860260       59.9451408       34.8651810       24.2452793    
   262.760223       60.0684395       34.7315636       24.2473736    
   263.916962       60.2816772       34.8336906       24.2984905    
   265.165192       60.4437714       34.8271446       24.3301086    
   266.284698       60.6527290       34.9710884       24.3116016    
   267.270355       60.6803741       34.9485893       24.3500595    
   268.322968       60.7736778       34.9544716       24.3683414    
   269.400513       60.7882767       34.8935814       24.3976974    
   270.441376       60.9473076       34.9349136       24.3281994    
   271.537384       60.9752045       34.8316841       24.3258801    
   272.327240       61.1715279       34.8581085       24.2708168    
   273.402405       61.2200966       34.8637238       24.3529320    
   274.515106       61.2631416       35.0402107       24.4532471    
   275.514801       61.2959900       35.2118568       24.5101910    
   276.649567       61.3676872       35.2376823       24.4328938    
   277.671906       61.3286705       35.3760223       24.4530697    
   278.708527       61.4054604       35.3250046       24.5086823    
   279.778198       61.4775124       35.3348770       24.4385090    
   280.840302       61.4494934       35.3702621       24.4950714    
   281.962952       61.3043556       35.4898987       24.5259342    
   282.958893       61.3870697       35.4871025       24.5391388    
   284.042358       61.3192673       35.5064354       24.5073013    
   284.807709       61.4349518       35.6431122       24.5469990    
   285.897583       61.3721161       35.7454987       24.6109085    
   286.844574       61.4499512       35.7608070       24.5752563    
   287.812622       61.5305977       35.7611160       24.7396698    
   288.757721       61.4650536       35.8876915       24.7310886    
   289.812561       61.6650581       35.9327126       24.7017422    
   290.932709       61.7338905       35.8493195       24.6934891    
   291.788513       61.6946602       35.8064384       24.6747932    
   292.900604       61.9207306       35.8203964       24.6542892    
   294.062500       61.9608078       35.8628120       24.6141586    
   295.080231       62.0456390       35.7256737       24.7465611    
   296.169189       62.1588860       35.7811966       24.9216290    
   297.203430       62.2548103       35.7494736       24.9189701    
   298.136322       62.1351395       35.8926811       24.9195728    
   298.939789       62.1328430       35.9400330       24.9736633    
   300.101166       62.3277588       36.0685234       25.0445995    
   301.048584       62.3739777       36.1012268       25.0089588    
   301.980560       62.4127617       35.9994049       25.0437202    
   302.965393       62.6540527       36.0589638       25.1645832    
   303.878754       62.7160187       35.9457893       25.0620918    
   304.930359       62.6491470       35.8600960       25.0613651    
   305.961243       62.7669296       35.9788208       25.1282654    
   307.012787       62.8998566       36.0088654       25.1059761    
   307.945282       62.9724464       36.0023689       25.0345592    
   308.830597       63.1289215       35.9571266       25.1733265    
   309.761566       63.1384315       35.9787254       25.1038799    
   310.723938       63.2572517       35.8652229       25.1717854    
   311.642090       63.1206970       35.9887390       25.1057205    
   312.417114       63.2576332       36.0995255       25.1706982    
   313.184479       63.3547592       36.2285881       25.1690483    
   314.133453       63.4487572       36.2006149       25.1805229    
   314.953308       63.5006523       36.1696358       25.1988659    
   315.984863       63.3901787       36.2377281       25.2830696    
   317.063019       63.3639984       36.2978783       25.2670860    
   317.961578       63.4730606       36.4394379       25.2459106    
   318.909973       63.6404724       36.4747772       25.2167835    
   319.992401       63.7350998       36.6298141       25.2319794    
   320.863983       63.9002914       36.6390953       25.2362499    
   321.841034       63.8250923       36.5824585       25.2237873    
   322.789673       63.7090225       36.5466805       25.2985153    
   323.833130       63.8329582       36.4614639       25.2631397    
   324.803680       63.8509674       36.5182495       25.3281803    
   325.946625       63.8494759       36.5932083       25.3077240    
   326.893311       63.8552017       36.5509567       25.3332520    
   327.892700       64.0370789       36.5494881       25.3843403    
   328.781403       64.1527100       36.6964035       25.3539448    
   329.735382       64.1199036       36.8537903       25.4630108    
   330.641113       64.2113647       36.8684464       25.4059620    
   331.573486       64.2898788       36.8621254       25.3482552    
   332.596039       64.2515182       36.9704971       25.3608036    
   333.717316       64.5060959       37.0326385       25.4702969    
   334.841125       64.4701233       37.0234795       25.5031357    
   335.766663       64.5625839       37.0125122       25.5267582    
   336.786530       64.5132217       36.9829407       25.4247532    
   337.933502       64.4564514       36.8676872       25.5739098    
   338.886505       64.4127731       36.7530670       25.6269417    
   339.962891       64.5144653       36.7502518       25.5992107    
   340.944031       64.5931168       36.7953377       25.7077007    
   341.942078       64.5788879       36.7943726       25.7351570    
   343.150421       64.5411301       36.7762413       25.8722305    
   344.119720       64.4810104       36.8586540       25.8154335    
   345.139984       64.4980240       37.0073318       25.7496967    
   346.243500       64.6225662       36.9374390       25.6613979    
   347.342438       64.7988815       36.9728394       25.6984825    
   348.467438       64.9563446       37.0402756       25.6536808    
   349.666199       65.2113495       37.0765572       25.6590767    
   350.734528       65.3381271       37.2937660       25.7175217    
   351.836029       65.4549332       37.3068695       25.8387775    
   352.922791       65.4238663       37.2337189       25.8555946    
   354.089020       65.5259933       37.3000069       25.7806950    
   355.336090       65.4340210       37.2886887       25.7879410    
   356.393372       65.6064377       37.2986412       25.7744732    
   357.432129       65.6577377       37.2886543       25.8216133    
   358.393280       65.7271042       37.2644768       25.8496132    
   359.478394       65.7793961       37.2805099       25.8964367    
   360.436340       65.9841156       37.3367004       25.8674870    
   361.397217       66.0725861       37.4109917       25.8329639    
   362.406586       66.2406158       37.3409653       25.8177834    
   363.423767       66.2932434       37.3724518       25.9529934    
   364.400513       66.2404709       37.4742661       26.0085182    
   365.327576       66.1505890       37.4523773       26.0333271    
   366.316620       66.0577621       37.3769341       26.0283489    
   367.488037       66.0762634       37.3709793       26.0777874    
   368.520538       66.3237534       37.4484711       26.0875797    
   369.422974       66.5526276       37.5439110       26.0610638    
   370.367340       66.4028397       37.5792961       26.2242928    
   371.251984       66.3482437       37.7242928       26.2800674    
   372.285553       66.3283310       37.7981949       26.3379841    
   373.293701       66.4026947       37.6766090       26.2725849    
   374.563324       66.4281693       37.7020912       26.3772030    
   375.595764       66.5828018       37.7707138       26.3235607    
   376.523468       66.6878281       37.7691422       26.2838974    
   377.675507       66.6405411       37.6609535       26.2911320    
   378.659851       66.7892914       37.7048988       26.3569393    
   379.565613       66.9470673       37.7256813       26.3982964    
   380.522552       67.0721664       37.7936020       26.3059559    
   381.656464       66.9696655       37.6787872       26.3025780    
   382.534210       67.0275726       37.7927170       26.3002205    
   383.775848       67.2713165       37.8996277       26.3356152    
   384.817200       67.3504105       37.9823227       26.2970390    
   385.647705       67.4169083       37.9925194       26.2370853    
   386.639160       67.3847198       38.0700493       26.2130032    
   387.455353       67.4596558       38.1271210       26.2311401    
   388.043274       67.5564957       38.0564804       26.1788082    
   388.864258       67.8758774       38.0065346       26.1845760    
   390.033691       67.9572449       38.1488762       26.2188797    
   391.062744       68.0289307       38.1355896       26.1807899    
   391.956635       67.8706284       38.1943398       26.2577076    
   392.897095       67.7397537       38.2331352       26.1470909    
   393.625549       67.8462372       38.2985954       26.2099743    
   394.853729       67.7317352       38.4032478       26.3101654    
   395.939056       67.8516159       38.3815880       26.3671455    
   396.872528       67.8395844       38.3570251       26.3254242    
   397.903992       67.9543533       38.3208885       26.3347950    
   398.853027       67.9391861       38.3936157       26.3894558    
   399.911957       68.0232544       38.3713760       26.4373875    
   401.008301       67.8526840       38.4959335       26.4137249    
   402.102448       67.9124069       38.6506844       26.4865379    
   403.038300       68.1270065       38.6476936       26.5224342    
   404.190948       68.1837540       38.4715042       26.6170387    
   405.063446       68.2893829       38.4568481       26.7042809    
   406.213196       68.3538132       38.5683479       26.6866169    
   407.247986       68.4107056       38.5163765       26.8147125    
   408.488708       68.3997192       38.6080818       26.7365742    
   409.607666       68.2349701       38.5016518       26.7574844    
   410.627045       68.4200821       38.6255913       26.7271099    
   411.754700       68.4917221       38.6291199       26.7397766    
   413.034607       68.4742813       38.6648598       26.7474041    
   414.096863       68.4308395       38.7125206       26.7939587    
   415.196411       68.4119339       38.6941795       26.8367023    
   416.256775       68.4146805       38.6266022       26.9389267    
   417.293671       68.5576172       38.7065392       26.9291954    
   418.514313       68.6782608       38.7220688       27.0865154    
   419.658020       68.6506577       38.7159386       26.9600925    
   420.571747       68.9147644       38.7763290       26.8831730    
   421.656372       68.9920197       38.7643356       26.9170837    
   422.689148       68.9468842       38.8799095       26.8764076    
   423.837494       68.9903641       38.7455254       26.8964996    
   424.991913       68.9373550       38.8336258       26.9956913    
   426.097534       68.9618835       38.8910217       27.0999393    
   427.171051       69.1318817       38.8200989       27.0044556    
   428.223175       69.1988297       38.7621918       27.0152512    
   429.012512       69.3028946       38.7140770       27.0658970    
   429.737183       69.2777328       38.6541557       27.1470737    
   430.564392       69.3973770       38.6688690       27.2033081    
   431.502197       69.3592682       38.6706467       27.1734619    
   432.579987       69.0893097       38.5571136       27.1747265    
   433.762390       69.0537796       38.6991577       27.2325859    
   434.823669       68.9444809       38.9968987       27.2128258    
   435.670502       69.0025177       38.8713722       26.9792786    
   436.681976       69.1326675       38.8447952       26.8395119    
   437.654053       68.9885483       38.7936134       26.8967896    
   438.526520       68.8577118       38.8726082       26.8551846    
   439.421326       68.8178940       39.1348000       26.8535538    
   440.537994       69.0359879       38.9752655       26.7886448    
   441.401215       69.1286774       39.0492935       26.7574787    
   442.650635       69.1751022       39.2241859       26.9570007    
   443.507355       69.3951035       39.2432976       27.0872478    
   444.458649       69.4820023       39.4012718       26.9208164    
   445.360931       69.6164322       39.4377251       26.8807907    
   446.171753       69.6018753       39.5268631       26.8970203    
   447.013184       69.7806244       39.4729843       26.8706760    
   448.060059       69.9568787       39.3582687       26.8828049    
   449.084778       70.0506439       39.4123497       26.9526730    
   449.988251       70.2500763       39.2950478       27.0638847    
   451.035431       70.3520355       39.4262161       27.1907158    
   452.024628       70.3659744       39.5242844       27.0758495    
   452.857025       70.3634949       39.6413498       27.1095867    
   453.851654       70.4039459       39.6162262       26.9985447    
   454.778107       70.5119095       39.7101402       27.0908756    
   455.733002       70.6110764       39.5998421       27.1861668    
   456.438660       70.6583405       39.5329285       27.1700306    
   457.386292       70.8262634       39.5310287       27.2154522    
   458.307404       71.0408707       39.4807930       27.3154583    
   459.556458       71.0327682       39.5732727       27.3077927    
   460.661957       71.0540543       39.7169762       27.3335152    
   461.340332       71.1903610       39.7123604       27.3628063    
   462.340942       71.2062073       39.6383514       27.3792229    
   463.168274       71.3960648       39.5119362       27.3009567    
   464.169708       71.5737076       39.6957092       27.3212738    
   465.177246       71.4421844       39.6847763       27.3235188    
   466.161774       71.3092880       39.7458687       27.2340069    
   467.216187       71.4133682       39.6981049       27.2550201    
   468.278107       71.6205444       39.7068596       27.3480110    
   469.529541       71.4230118       39.7025948       27.4009800    
   470.638306       71.4262466       39.7872162       27.5414696    
   471.779846       71.3203583       39.8459435       27.4990730    
   472.955170       71.2220764       39.7913017       27.4693489    
   473.987335       71.3224640       39.8210220       27.5934372    
   475.040558       71.3191452       39.8929520       27.5594101    
   476.092194       71.3360367       39.9142570       27.5971851    
   476.957123       71.2416687       39.9127350       27.5621338    
   477.993652       71.3776093       40.0566978       27.4984550    
   479.053680       71.3078308       39.9678268       27.4435310    
   480.119812       71.4508133       40.0285645       27.4275074    
   481.204803       71.6872330       40.0953979       27.5716457    
   482.030731       71.7555237       40.0970192       27.4557915    
   482.956421       71.6513748       40.1704559       27.4231701    
   484.272278       71.7485733       40.3257599       27.3627186    
   485.233429       71.7262955       40.3911552       27.4398136    
   486.133484       71.7092667       40.3450470       27.5354576    
   487.407013       71.7935638       40.2993126       27.5615788    
   488.405609       71.7603378       40.3098831       27.5867901    
   489.551636       71.7679291       40.2168961       27.6555710    
   490.689819       71.7967606       40.2906494       27.6112347    
   492.007996       71.7261429       40.1893272       27.5975475    
   493.108765       71.5802078       40.4107018       27.6551056    
   493.931458       71.4967957       40.2738266       27.7528000    
   494.625977       71.6031570       40.2216415       27.7075958    
   495.569702       71.6090164       40.1089058       27.6205425    
   496.664642       71.6598053       40.2130775       27.6132717    
   497.426910       71.7353973       40.3097649       27.5874062    
   498.505188       71.9670792       40.4005127       27.4128151    
   499.471039       72.0310059       40.4687881       27.5282650    
   500.642731       72.0365372       40.4281921       27.5740719    
   501.696320       72.1158218       40.5629501       27.6222248    
   502.856384       72.0505447       40.5090561       27.7049427    
   504.027954       72.2011795       40.6311417       27.8566761    
   505.068970       72.2318497       40.7285652       27.8608074    
   506.093628       72.3469391       40.7279968       28.0152397    
   507.157684       72.4482346       40.6312828       27.9869843    
   508.096283       72.5413513       40.5197296       28.0524998    
   508.994812       72.6199417       40.6244278       28.0204430    
   510.041321       72.5804367       40.4747009       28.0223274    
   511.215912       72.4785080       40.3863106       27.9618626    
   512.281555       72.4796524       40.5635605       28.0203552    
   513.405518       72.5737457       40.7300301       27.9641342    
   514.301086       72.5439377       40.5383759       28.0019665    
   515.024231       72.5945435       40.5687447       28.0430851    
   515.831543       72.5983734       40.6866798       27.9847183    
   516.797791       72.5484848       40.6755791       27.9129086    
   517.608337       72.6136932       40.6790581       28.0364799    
   518.460327       72.7022552       40.7820930       28.0740910    
   519.537109       72.6727448       40.8976631       28.0460911    
   520.100586       72.5980148       40.8612595       27.9853268    
   521.124573       72.5906448       40.7927704       28.0447655    
   522.114929       72.6270599       40.7019234       27.9654541    
   523.165649       72.5517273       40.7432098       28.0712566    
   523.865234       72.7159729       40.6473160       28.0338726    
   525.092590       72.7845612       40.6427345       28.0913277    
   526.202515       72.7613373       40.5222702       28.0206223    
   527.305542       72.8323059       40.5670471       27.9381447    
   528.505493       72.7894058       40.6032295       28.0639725    
   529.748352       72.6847153       40.5458679       28.0414791    
   530.727112       72.9514008       40.5995369       28.0470695    
   531.548706       73.0303726       40.5638809       28.1774044    
   532.426147       72.7245865       40.7882347       28.1498642    
   533.465088       72.7373047       40.7904243       28.1111965    
   534.668945       72.6507721       40.8577766       28.2256508    
   535.587341       72.6925049       40.9724884       28.2383804    
   536.617798       72.6645126       40.9730759       28.0343361    
   537.498657       72.5901260       40.9965820       27.9933434    
   538.733154       72.6577225       41.0517273       27.9878292    
   539.908875       72.5805130       41.0516739       28.0611000    
   540.773987       72.7457199       41.0046043       28.0753555    
   541.483276       72.8580933       40.9621124       28.0571098    
   542.765625       72.9960785       41.0070419       28.1270809    
   543.629822       73.0957489       41.0036163       28.0821152    
   544.431641       73.0770798       40.9746437       28.0950718    
   545.306824       72.9648209       41.0225906       28.1819267    
   546.169250       73.0492630       41.0411301       28.2111435    
   546.983154       73.1881104       40.9834442       28.2621441    
   547.892395       73.2389450       40.9568481       28.3390694    
   549.099915       73.2937164       40.9421577       28.3647594    
   550.416443       73.4413300       41.0267563       28.5435143    
   551.428772       73.4591293       41.0133247       28.4383202    
   552.509949       73.5313339       40.9813576       28.5471630    
   553.563843       73.6260223       41.0031700       28.4317284    
   554.616394       73.7141800       40.9210892       28.3628139    
   555.547119       73.7328110       41.0750427       28.3110199    
   556.469299       73.9467697       41.0404358       28.4202442    
   557.242676       74.1399231       41.1669159       28.4464378    
   558.097168       74.2473297       41.2213135       28.3199940    
   559.122192       74.1000748       41.4025078       28.3213444    
   560.038696       74.0261917       41.4351234       28.2480698    
   560.977539       74.2973404       41.5519981       28.2695961    
   561.872864       74.2824326       41.5333900       28.3339405    
   563.101257       74.2674332       41.5059700       28.2567177    
   564.007568       74.2358627       41.5294495       28.3896503    
   565.107788       74.2171707       41.6710701       28.4071426    
   566.240906       74.2513504       41.6559410       28.4369888    
   567.169861       74.3813400       41.6394501       28.4023018    
   568.008179       74.5197678       41.5893440       28.3668575    
   568.967773       74.5535583       41.4276237       28.3028107    
   570.126038       74.5261154       41.2947464       28.3585815    
   570.962036       74.5429077       41.3346786       28.3400688    
   571.941467       74.4299316       41.4100342       28.2800083    
   572.821289       74.4699554       41.3658218       28.3070412    
   573.570923       74.4287109       41.5276642       28.2463493    
   574.377258       74.4586029       41.5906410       28.3301697    
   575.593567       74.3753433       41.5618935       28.4907112    
   576.592896       74.5107117       41.6712112       28.5146027    
   577.777039       74.6448669       41.4841232       28.6243248    
   578.668396       74.5966949       41.5837135       28.5604401    
   579.944092       74.6696091       41.5793762       28.6288433    
   580.795776       74.5306244       41.6822739       28.5734577    
   581.850464       74.5546112       41.6904678       28.7192154    
   582.857849       74.5894470       41.5842209       28.7400532    
   583.752319       74.6326065       41.7304306       28.7425594    
   584.929016       74.6400909       41.6623688       28.7964649    
   585.757263       74.5504913       41.8295975       28.6994057    
   586.646851       74.5177078       41.9551888       28.7536678    
   587.641663       74.4702148       41.8872108       28.6468391    
   588.577209       74.3909378       41.9505844       28.5708447    
   589.541992       74.2853470       42.1226578       28.4500618    
   590.649048       74.2437439       42.0928497       28.3921852    
   591.526550       74.2540970       42.1832352       28.4080372    
   592.537231       74.4702911       42.0564651       28.5345802    
   593.506287       74.5759811       42.0819550       28.6179790    
   594.560242       74.6856384       42.0495682       28.5924854    
   595.151062       74.7231445       42.0566177       28.5747108    
   596.166443       74.7943726       41.9781227       28.5398998    
   597.255127       74.7008438       41.9256783       28.6236210    
   598.246826       74.5269394       41.9378471       28.7851677    
   599.205994       74.6823959       41.9846268       28.9221840    
   600.434143       75.0256348       41.9524727       28.9278412    
   601.294617       75.0705948       41.8938713       28.8874264    
   602.357239       74.9541779       41.8790169       28.8848095    
   603.510620       74.7499542       41.9693794       28.7921696    
   604.611877       74.8507233       42.1100349       28.8507919    
   605.830627       74.9549026       42.2206497       28.8645382    
   606.874451       75.0835037       42.3051376       28.6743641    
   607.704102       75.3125916       42.4415436       28.6695671    
   608.821411       75.4337921       42.5277634       28.6036968    
   609.818176       75.5052490       42.4684448       28.5981522    
   610.523315       75.6892319       42.4383698       28.7397156    
   611.476929       75.7635422       42.1923103       28.6437874    
   612.803711       75.9430008       42.2720413       28.8106651    
   613.766785       76.0298004       42.2989693       28.7129135    
   615.001587       76.1002121       42.2761383       28.6140537    
   615.608704       76.2890472       42.3340492       28.6657047    
   616.964355       76.3118744       42.5177994       28.6556396    
   617.883301       76.3157272       42.6891594       28.6616344    
   618.951355       76.3332443       42.5600243       28.7383251    
   619.603271       76.3135681       42.6375237       28.6676331    
   620.564270       76.5030365       42.7433472       28.7358665    
   621.632141       76.3073120       42.5421143       28.8441334    
   622.779114       76.1726837       42.6213684       28.8148651    
   623.831116       76.3448410       42.7351036       28.8788280    
   624.985229       76.3896866       42.6678123       28.9616127    
   626.002563       76.5078430       42.7153206       29.0644760    
   627.316895       76.2691803       42.7724724       29.0556316    
   628.498047       76.1832886       42.7606964       29.1443920    
   629.410889       76.4874802       42.8225632       29.0254040    
   630.799072       76.5713806       42.7961540       28.9884377    
   632.148865       76.6072998       42.8629646       29.0734081    
   632.927612       76.7316284       42.9215469       29.1474915    
   634.128113       76.6115952       42.8674469       29.0942078    
   635.187195       76.6609192       42.9212990       29.0037537    
   636.429199       76.8425369       42.8390656       29.1729717    
   637.396790       76.8468094       42.7655563       29.2424450    
   638.344727       76.7128754       42.7488708       29.1425648    
   639.333374       76.8675842       42.7385368       29.0904598    
   640.094482       76.8831787       42.6079597       29.2105293    
   641.028259       76.9111176       42.6102104       29.2537479    
   641.862183       76.7896042       42.5767097       29.2055988    
   642.764099       76.7627335       42.7485123       29.1837120    
   643.551697       76.9313202       42.6514168       29.2421379    
   644.304199       76.8626785       42.6777763       29.4366589    
   645.530884       77.0399094       42.8331757       29.4389133    
   646.705139       77.1521454       42.7005806       29.3501816    
   647.616028       77.2794647       42.6199303       29.3181705    
   648.628113       77.4612045       42.7986031       29.4465275    
   649.532837       77.6784592       42.9186859       29.5428581    
   650.519043       77.4728241       42.8432350       29.5599422    
   651.596313       77.6116486       42.7927589       29.4582844    
   652.378662       77.5926437       42.9373932       29.4926891    
   653.469238       77.5804672       42.8277969       29.4605198    
   654.652100       77.7008896       42.9051628       29.3538551    
   655.956543       77.8028870       42.8175735       29.2452164    
   656.997498       77.9646378       42.7567978       29.1205730    
   657.998962       78.0450363       42.8154793       29.1911144    
   659.099731       78.0159531       42.8143311       29.1729431    
   660.144653       78.0648270       42.6448479       29.2502728    
   661.134827       78.1394653       42.6262894       29.2646255    
   662.162109       78.3877335       42.6238480       29.3417969    
   663.512024       78.3515396       42.6526527       29.2659969    
   664.798828       78.2195969       42.7182274       29.3537560    
   665.675720       78.2200775       42.6307487       29.3213787    
   666.794617       78.1291733       42.7075920       29.2628593    
   667.702515       78.3008499       42.7015991       29.2860832    
   668.680298       78.2171555       42.8200760       29.2969780    
   669.432190       78.3126297       42.8162003       29.2122173    
   670.406555       78.1449966       42.8559265       29.3111115    
   671.434814       78.0569458       42.8430099       29.3930569    
   672.145386       77.9930725       42.9072800       29.4268761    
   673.410217       78.1840363       42.9740028       29.2697468    
   674.376038       78.2767105       43.0140991       29.3302479    
   675.510681       78.2554092       42.9738960       29.4306202    
   676.408997       78.2213974       42.9193649       29.3754692    
   677.516724       78.0992050       43.2028389       29.3691711    
   678.594910       78.1871033       43.3848457       29.3357182    
   679.874512       78.1036606       43.3270302       29.4109554    
   681.365479       77.9855118       43.1958580       29.4477158    
   682.415649       78.0179291       43.2021980       29.4327850    
   683.441956       77.9691772       43.2584801       29.4844532    
   684.566956       77.9549179       43.2388115       29.5459976    
   685.742188       77.8752670       43.2318459       29.5268078    
   686.619080       77.9176559       43.1702461       29.5674171    
   687.872437       78.1423492       43.2221375       29.5870552    
   688.902527       78.4348679       43.3001518       29.7421570    
   689.652039       78.3872833       43.1398354       29.6654377    
   690.432922       78.3568115       43.2902718       29.6756268    
   691.162598       78.4281235       43.2857666       29.5896606    
   692.004578       78.5696259       43.2538643       29.5096645    
   692.969360       78.5369186       43.2228394       29.5703812    
   694.127808       78.3234711       43.3339462       29.6154823    
   695.223877       78.1529083       43.3732605       29.6999035    
   695.925781       78.2533112       43.4394264       29.6037331    
   696.840881       78.1394653       43.3940468       29.5737648    
   697.838562       78.2412796       43.3077850       29.6696434    
   698.919922       78.4068756       43.3007317       29.7348576    
   700.133362       78.2779694       43.1932449       29.7015076    
   701.273010       78.2083206       43.1593475       29.7535057    
   702.597412       78.1158829       43.2672844       29.9001255    
   703.729370       78.2149658       43.4453506       29.8321667    
   705.012268       78.3655777       43.4505005       29.8683681    
   706.092957       78.3652267       43.4127693       29.8371849    
   706.971130       78.5766830       43.4125710       29.7746201    
   707.670959       78.5568848       43.3912277       29.8304729    
   708.774170       78.5917511       43.4108620       29.7871990    
   709.516174       78.8245544       43.4126320       29.8642673    
   710.782898       78.5382080       43.4945831       29.8006248    
   711.987610       78.6208572       43.4687767       29.8768711    
   713.224915       78.8154068       43.6518631       29.9645138    
   714.472351       78.9136200       43.8808670       29.8812180    
   715.401184       78.8466339       43.9067993       29.9005756    
   716.548889       78.8529129       43.8904648       29.9362698    
   717.430969       78.7834778       43.8512077       29.8578987    
   718.206848       78.7711029       43.9179993       29.8974075    
   719.235229       78.6396561       43.8989372       29.8069839    
   720.541321       78.7468643       43.9902420       29.7942104    
   721.186829       78.8776398       43.9832878       29.8134727    
   722.105957       78.7709045       43.8849869       29.8010902    
   723.088379       78.8578110       43.9635124       29.8146896    
   724.154724       79.0770798       43.9194183       29.8254356    
   725.401794       79.1194763       43.9189301       29.8416595    
   726.454834       78.9428329       44.0485420       29.9404430    
   727.311035       78.9460297       44.0241966       29.9565735    
   728.380798       79.1317139       44.1066513       29.9581051    
   729.160950       79.3032074       44.0056763       29.9906235    
   730.171021       79.1855621       43.9504738       29.8731346    
   731.363403       79.3399734       43.8548431       29.8230305    
   732.463989       79.1472931       43.8151245       29.8248520    
   733.303772       78.9396744       43.8802605       29.9001312    
   734.219849       78.9281998       43.9703217       29.8889885    
   735.105713       78.7451477       43.8162804       30.0177765    
   736.051941       78.8123474       43.8269501       30.0756550    
   737.378235       79.0047226       43.9725533       30.0675888    
   738.227783       78.9771652       44.0158043       30.0717525    
   739.063660       79.0999756       43.9894066       30.0289021    
   740.191833       79.4086914       44.0177917       30.2062416    
   741.407166       79.4978943       43.9228363       30.1176853    
   742.511108       79.4931183       43.9428787       30.0388718    
   743.709656       79.5085831       43.7449875       30.0885563    
   744.536377       79.5017166       43.6170540       30.1491871    
   745.513611       79.4792938       43.4305153       30.1861401    
   746.668884       79.6081543       43.5945358       29.9713707    
   747.650879       79.5488129       43.5008125       29.9945087    
   748.569885       79.5774155       43.5599289       30.1045780    
   749.424683       79.7940292       43.4721756       30.1637878    
   750.381470       79.8315506       43.5532341       30.2081470    
   751.269836       79.8904495       43.7939491       30.1386108    
   752.092163       79.9202881       43.8530769       30.2076321    
   753.093323       79.9605408       44.0250778       30.2128639    
   754.533203       80.0815125       44.0185738       30.2969685    
   755.446411       80.1442261       43.9810410       30.1374969    
   756.555237       80.0594711       44.0993958       30.1110706    
   757.518188       80.1256485       44.1394577       30.1516647    
   758.482605       80.2897797       44.1942291       30.1903267    
   759.551941       80.2073288       44.2558517       30.0853615    
   760.776794       80.3600159       44.3160782       30.1798420    
   761.676880       80.4567642       44.2360573       30.2245045    
   762.507935       80.5565338       44.2020416       30.3640270    
   763.497803       80.4232178       44.1175079       30.3512535    
   764.526428       80.2977600       44.1155815       30.2887497    
   765.627502       80.2954025       43.9778633       30.0997829    
   766.655518       80.4088364       44.0157509       30.1193142    
   767.484924       80.3343964       44.0209312       30.1355457    
   768.361938       80.3100739       44.0240860       30.2924118    
   769.121948       80.4536285       44.0139198       30.2844963    
   770.023193       80.5905304       43.9551353       30.4617081    
   771.004639       80.7208786       43.9610023       30.5366383    
   771.842163       80.8090363       43.9784126       30.4605846    
   772.871582       80.6135712       43.9701958       30.3559246    
   773.750488       80.5321503       43.9898987       30.3674507    
   774.664673       80.4488831       44.0717316       30.2079849    
   775.533325       80.6524353       43.9671402       30.1325932    
   776.371887       80.6219330       43.8897018       30.1142330    
   777.412781       80.8357925       43.9676895       30.2539291    
   778.624390       80.8502045       43.9136658       30.3691788    
   779.622009       80.7955627       43.9503441       30.3469086    
   780.584961       80.6421890       43.8949699       30.2303753    
   781.712158       80.7375107       44.0551567       30.1292801    
   782.627869       80.9161453       44.0657578       30.2857265    
   783.816345       80.9907074       44.1002007       30.2774792    
   784.955322       80.9117966       44.1388969       30.3556290    
   786.256165       80.7517395       44.1914558       30.3981285    
   787.296875       80.9437256       44.1362000       30.4274826    
   788.351685       80.6061096       44.1431389       30.3525105    
   789.235474       80.5562744       44.1286201       30.3672123    
   790.429626       80.5789413       44.1159439       30.4788017    
   791.055725       80.6803894       44.1691093       30.4004040    
   791.885803       80.5970459       44.0179825       30.4162273    
   792.897217       80.9797745       44.1122971       30.4287720    
   793.982117       80.8606567       44.0620613       30.5501785    
   794.866882       80.9545441       44.0417824       30.4946079    
   795.758667       81.1830902       43.9925690       30.4435081    
   796.953796       81.2187653       44.1906281       30.3057613    
   798.046509       81.4769669       44.2934265       30.4245167    
   798.769348       81.5947266       44.2376289       30.3977795    
   800.081787       81.7727737       44.2987480       30.4420452    
   801.203308       81.6911240       44.3476791       30.4694347    
   802.164490       81.7892990       44.5729790       30.4266548    
   803.265137       81.7603836       44.6222534       30.2974606    
   804.002258       81.7050552       44.6261482       30.4176617    
   804.638428       81.6103516       44.6999359       30.2655296    
   805.707458       81.7698059       44.6038284       30.3612003    
   806.970337       81.6105728       44.7402992       30.4435463    
   807.984497       81.7775192       44.6296272       30.4645939    
   808.945618       81.8632431       44.5503464       30.6458168    
   809.946899       81.7074814       44.5305214       30.7250099    
   810.968140       81.8629074       44.6285553       30.7705078    
   812.008057       81.9783707       44.7465591       30.7771587    
   813.314087       81.7746887       44.7933731       30.8916035    
   814.553162       81.6756516       44.8189888       30.6781826    
   815.345947       81.8329620       44.8480225       30.7565136    
   816.590088       81.8351212       44.9064903       30.7053719    
   817.930298       81.8681488       44.9113846       30.7442818    
   818.926941       81.6263275       44.7685051       30.7019634    
   819.615540       81.6146545       44.7098274       30.6704025    
   820.428040       81.7558136       44.7207642       30.8511868    
   821.387207       81.7127609       44.7058754       30.8910904    
   822.406372       81.6161346       44.7519341       30.9168911    
   823.285461       81.5310745       44.8558578       30.8764420    
   824.181152       81.4593277       44.9080124       30.8921127    
   825.132812       81.6110764       45.1402168       30.7930012    
   826.125305       81.6377106       45.0210876       30.7285557    
   827.137817       81.5879822       45.1233177       30.8489189    
   828.403625       81.5937271       45.0390587       30.8862343    
   829.250122       81.6411133       44.9310837       30.9252148    
   830.266724       81.7461319       44.9704361       30.9156113    
   831.277100       81.7958145       44.8364296       30.9132690    
   832.260498       82.0272293       44.8800850       30.9746227    
   833.048340       81.8641815       44.8736076       30.9268570    
   833.698181       81.8580017       44.8344688       30.9780006    
   834.924438       82.0090790       44.7483521       31.0635757    
   835.376953       82.0310059       44.7128525       31.0428619    
   836.434998       82.2035904       44.9215012       31.0024014    
   837.375122       82.2351990       44.9514732       31.0289936    
   838.414856       82.0664597       44.9543152       31.1455383    
   839.635010       81.9684753       44.9208984       31.3120613    
   840.630493       82.1803589       44.9024124       31.1935177    
   841.496521       82.0739670       44.9533043       31.1844425    
   842.270508       82.0569382       45.0759010       31.0850506    
   843.440308       81.9673691       45.2116928       31.1069603    
   844.518921       81.9315338       45.0936203       31.0909843    
   845.778259       81.8859100       45.2330360       31.0089893    
   846.653687       81.7520676       45.1761742       30.9908810    
   847.759094       81.8265991       45.1443939       31.0077400    
   848.663452       81.8764572       45.1677132       31.0569210    
   849.489319       81.7518082       45.0210686       30.8693256    
   850.388794       81.6282425       45.0415154       30.8844872    
   851.339478       81.4363632       45.1745758       30.8434887    
   852.403992       81.5136032       45.2056160       30.8938980    
   853.592590       81.4947586       45.4220543       30.7877159    
   854.718628       81.4588776       45.5087585       30.8689766    
   856.065613       81.4084702       45.5362473       30.7557640    
   857.460449       81.3657990       45.5580101       30.7497044    
   858.539734       81.3764954       45.4759521       30.7505512    
   859.590393       81.3800507       45.5842247       30.6431065    
   860.706787       81.5692902       45.5008736       30.5362339    
   861.944519       81.4353180       45.4025383       30.5981579    
   862.502441       81.1889191       45.5320396       30.6659298    
   863.743042       81.5053406       45.4191742       30.8070526    
   864.637024       81.6132812       45.5110970       30.7617779    
   865.665344       81.5784073       45.4388046       30.6485825    
   867.071472       81.5259781       45.5812225       30.7367802    
   867.765625       81.7182159       45.6021118       30.7707138    
   868.815063       81.8889236       45.4284782       30.8405724    
   869.734558       81.9343796       45.5307655       30.8508339    
   870.495728       81.9598541       45.6907196       30.9305763    
   871.197205       82.2177963       45.5811653       30.9414368    
   871.979919       82.2250290       45.5727272       30.9510250    
   873.166809       82.2213211       45.4815903       30.9934578    
   874.376648       82.0607910       45.4062843       31.0729961    
   875.318604       82.1153183       45.3458405       30.9955444    
   876.240967       82.0612183       45.3127365       31.1580849    
   877.308899       82.0784912       45.5040855       31.1733322    
   878.168762       82.2643204       45.4996185       31.1296253    
   879.239441       82.1702881       45.5086327       31.0830231    
   880.167603       82.3408813       45.4817429       31.1848011    
   880.792358       82.2250519       45.4865646       31.2739239    
   882.041382       82.3404770       45.5419350       31.2228355    
   883.137390       82.3224640       45.6090965       31.1746120    
   884.377319       82.1992188       45.6606979       31.1650734    
   885.366760       82.0953674       45.7341919       31.1246891    
   886.101074       82.4416733       45.8654900       31.1815796    
   887.221313       82.4913101       45.8554916       31.0690327    
   888.114868       82.6305008       45.9718475       30.9984970    
   888.901733       82.5124359       46.1039581       31.0565281    
   889.961975       82.6023865       46.0495453       31.1493702    
   890.742981       82.7285233       45.9265022       31.1015511    
   891.849548       82.6670837       46.1190872       31.1258488    
   892.972168       82.7655869       46.0393372       31.1710110    
   894.296692       82.8015823       46.0239372       31.0797977    
   895.141846       82.6233215       45.8393936       31.1491432    
   896.083191       82.8361130       45.8389282       31.1744175    
   897.007202       82.9486618       45.7516670       31.1657791    
   897.955383       82.9094009       45.7163963       31.1819839    
   898.800049       82.9673309       45.8232269       31.1058216    
   899.648743       82.9897919       45.7380180       31.1840858    
   900.442749       82.8826370       45.7153587       31.2857895    
   901.319153       82.8342209       45.6996498       31.3247700    
   902.065247       82.8054199       45.6609650       31.2220573    
   903.317871       83.0086365       45.8045197       31.2724972    
   904.252686       83.1922760       45.8466568       31.3207455    
   905.349792       83.2681503       45.8871727       31.3042259    
   906.589661       83.1999969       45.8532410       31.3856812    
   907.599792       82.8751144       45.8632202       31.3593445    
   908.616516       82.9148407       46.0596619       31.2948399    
   909.410889       83.1152496       46.0930405       31.3266468    
   910.357300       83.0128784       46.0382233       31.3060760    
   911.198608       83.2353973       46.1454849       31.2131786    
   912.105835       83.3981857       46.0871925       31.1650238    
   913.207153       83.5604401       46.2148399       31.1685429    
   914.250305       83.6177750       46.2779579       31.2622814    
   914.952454       83.7091141       46.3224754       31.1555252    
   915.944397       83.6125870       46.0315781       31.1397343    
   917.249878       83.6092224       46.0854187       31.2086163    
   918.990356       83.7236404       46.1173820       31.3253632    
   920.253052       83.5244370       46.2311401       31.2941113    
   921.518066       83.5982285       46.1172676       31.3391476    
   922.204956       83.7085495       46.2388229       31.3366833    
   922.909668       83.7232285       46.3018875       31.3241158    
   923.828247       83.8116837       46.4225578       31.3448792    
   924.689148       84.0875320       46.3826828       31.3714161    
   925.864502       84.1459427       46.5156441       31.3025913    
   926.898071       84.2080841       46.5153046       31.2426548    
   928.050720       84.1698380       46.6487007       31.1346321    
   928.740112       83.8279343       46.7164917       31.2513142    
   929.886597       83.6793137       46.8478050       31.2023029    
   930.854431       83.6432953       46.9531593       31.0748501    
   931.484375       83.6687317       46.6773605       31.0630665    
   932.370728       83.5688629       46.5584259       31.1017761    
   933.246460       83.8009949       46.4679489       31.0734444    
   934.333008       83.8012924       46.5160179       31.0403843    
   935.575500       83.9564896       46.5718765       30.9818344    
   936.816284       84.0104523       46.5476952       30.9433155    
   937.821106       83.9212112       46.6868019       30.9092979    
   939.033569       83.8437424       46.6312485       31.1182156    
   940.022095       83.8486786       46.5666084       31.1524906    
   941.068237       84.0105896       46.3498459       31.2794476    
   942.044250       83.9174805       46.4176102       31.4828167    
   942.934082       83.9446793       46.3538246       31.4543324    
   944.259277       83.9570084       46.5021515       31.4069252    
   945.175659       84.0152359       46.6657906       31.4587402    
   946.496155       84.1095352       46.5527077       31.5000305    
   947.500610       84.1397781       46.6438103       31.3720245    
   948.630920       84.1473160       46.7037506       31.4006004    
   949.763855       84.3034058       46.6188545       31.5095387    
   950.545105       84.5861816       46.4985428       31.4226532    
   951.302917       84.6642151       46.4693260       31.3786583    
   952.103149       84.4633026       46.4598503       31.4025269    
   952.828918       84.4425507       46.4759750       31.3698273    
   954.112976       84.5279312       46.6415596       31.3414307    
   954.851929       84.5508194       46.5924110       31.4452934    
   955.682068       84.5517807       46.5180550       31.5005054    
   956.510986       84.5217819       46.5832024       31.5452042    
   957.863342       84.4380493       46.3759766       31.4689693    
   959.072327       84.5228424       46.4230385       31.5377598    
   960.016602       84.4902573       46.3776550       31.5395145    
   960.858765       84.5208588       46.3565559       31.5747299    
   962.163147       84.5176010       46.2585831       31.3604507    
   963.115967       84.6278305       46.3381157       31.3750973    
   964.201843       84.7432327       46.3416443       31.4889622    
   965.167114       84.5777435       46.1906166       31.3531189    
   966.480225       84.5406647       46.1919861       31.4626751    
   967.173157       84.5415878       46.3102760       31.3132439    
   968.343628       84.7278442       46.3721504       31.3072090    
   969.197327       84.8114395       46.3860168       31.3837166    
   969.954590       84.8314438       46.4011917       31.4614487    
   970.997864       84.9269257       46.5043716       31.6776295    
   972.144592       84.8447418       46.4803696       31.6032887    
   973.364441       84.7894897       46.7226830       31.5862293    
   974.391479       84.8122101       46.8819542       31.5964832    
   975.087097       84.9138565       46.9707909       31.5570183    
   976.262756       85.0116501       47.1490974       31.4952641    
   977.261719       85.1977005       47.1587601       31.5752850    
   978.091125       85.0803680       46.9911880       31.5601273    
   979.078552       84.9965897       47.0330086       31.6155415    
   980.077271       85.2336044       46.7964211       31.4690781    
   981.347717       85.2998505       46.8944740       31.5881367    
   982.496216       85.4812622       46.9351082       31.7844086    
   983.253906       85.7756882       46.9782715       31.7385082    
   984.406616       85.8577881       47.0929146       31.7449017    
   985.127625       85.6020660       47.1832275       31.7022095    
   986.102539       85.5689011       47.1267471       31.6772404    
   987.154175       85.4699097       46.9980164       31.6869659    
   988.371277       85.4815216       47.0417824       31.6900635    
   989.058167       85.4888382       47.1944466       31.6407967    
   990.185120       85.6788788       47.3616409       31.5472698    
   991.187805       85.8545837       47.2160606       31.4668350    
   992.059265       85.7080154       47.2744942       31.4910278    
   992.978271       85.4687576       47.2625504       31.4666958    
   993.800781       85.4585419       47.2943115       31.6054192    
   994.858887       85.5304337       47.2015419       31.6485004    
   995.328125       85.5182724       47.1726570       31.7329578    
   996.396790       85.5879211       47.0157509       31.8228397    
   997.400513       85.6485367       47.0529251       31.8598022    
   998.468689       85.5904541       47.1322327       31.9676151    
   999.460266       85.4053268       47.0892181       31.8524666    
   1000.47437       85.3558731       47.0619125       31.8148804    
   1001.33569       85.4565430       47.1455650       31.8925419    
   1002.55511       85.4804306       47.0083542       31.6904411    
   1003.57477       85.7107620       46.7858963       31.6581650    
   1004.59998       85.7881317       46.7951012       31.6103191    
