              NaN              NaN              NaN              NaN
   1.00005531       1.05378604       1.11049688       1.17704439    
   2.00210857       2.07047057       2.13925409       2.23980999    
   2.33773422       2.41608572       2.51601720       2.61356711    
   2.51011014       2.59523821       2.72311139       2.82409477    
   2.60789466       2.70333862       2.85613585       2.95448208    
   2.68584847       2.79792047       2.93611932       3.06392336    
   2.72337127       2.86551833       3.00935078       3.13042331    
   2.76070786       2.92693901       3.07107902       3.21260023    
   2.79015875       2.97882199       3.12645173       3.29967356    
   2.81666112       3.01798296       3.16164088       3.37330246    
   2.83123755       3.04321647       3.20664001       3.42352557    
   2.83296418       3.08180594       3.24295163       3.48230171    
   2.84752250       3.10910654       3.28024626       3.51450419    
   2.86909127       3.12760258       3.31895685       3.55494189    
   2.87890100       3.14625549       3.35659075       3.59634209    
   2.89685035       3.17947936       3.38443828       3.63465953    
   2.90445352       3.19157076       3.41730952       3.66149831    
   2.92151594       3.20417976       3.43643093       3.65123916    
   2.92219877       3.20108128       3.45065880       3.65664387    
   2.92774725       3.22503328       3.48468876       3.70549345    
   2.92078805       3.23898292       3.48572850       3.73578691    
   2.93371034       3.27478385       3.50668120       3.73945808    
   2.93363333       3.28112912       3.52354002       3.77823591    
   2.94132376       3.30387497       3.53025699       3.79659986    
   2.94190741       3.31032968       3.55661201       3.81389046    
   2.94653916       3.32489252       3.55492020       3.80753899    
   2.94984603       3.33760500       3.57516789       3.82078266    
   2.94916463       3.34785485       3.58966780       3.84050035    
   2.96027875       3.35465980       3.61227345       3.85671926    
   2.96591449       3.37559152       3.61665726       3.87720847    
   2.96711159       3.39339304       3.61380076       3.85456514    
   2.96310925       3.39449382       3.64770889       3.83802509    
   2.96835899       3.42114425       3.65951800       3.83760643    
   2.97940969       3.43348145       3.66702223       3.84597468    
   2.98214078       3.44367361       3.67327380       3.85432029    
   2.98429251       3.46267223       3.68356562       3.84428573    
   2.98575020       3.46239614       3.70107436       3.84474421    
   2.98453546       3.45321774       3.67967558       3.83814979    
   2.98039460       3.44754887       3.68232417       3.84439445    
   2.97951198       3.45436382       3.68562436       3.85476685    
   2.98028183       3.45638561       3.69824982       3.85885072    
   2.97551751       3.45457292       3.70505285       3.83421564    
   2.97832108       3.46074271       3.73866892       3.81650615    
   2.97734690       3.48052311       3.72637987       3.82794237    
   2.97616267       3.49241972       3.74598527       3.84429765    
   2.97727180       3.50155020       3.75468326       3.84499097    
   2.97508907       3.51076436       3.73354292       3.85047221    
   2.96741247       3.52206588       3.74289036       3.84883928    
   2.97287273       3.52280807       3.75492167       3.85540557    
   2.97929883       3.52844620       3.76570201       3.86341882    
   2.98117542       3.52569556       3.76417494       3.87971663    
   2.98764873       3.53383493       3.76035738       3.89957500    
   2.99088693       3.54392600       3.76669574       3.89106679    
   2.99055409       3.54191208       3.79663634       3.88584661    
   2.98131943       3.55513573       3.80226517       3.87163663    
   2.98143530       3.56468868       3.81344128       3.88438892    
   2.98274899       3.58137107       3.79404569       3.87818909    
   2.98247051       3.58418608       3.79240346       3.85949755    
   2.98433566       3.59227061       3.80085349       3.85540175    
   2.98312235       3.60622025       3.80667973       3.87602210    
   2.98692369       3.61329746       3.80706024       3.88274431    
   2.98397803       3.62422943       3.82131171       3.87612057    
   2.98570442       3.62604141       3.83832192       3.89247799    
   2.99007869       3.62060404       3.84563923       3.91366673    
   2.99555445       3.61398339       3.84989429       3.91994929    
   2.99343681       3.62764001       3.85059237       3.93213415    
   2.99192977       3.62603498       3.84055114       3.93344975    
   2.99353933       3.63437104       3.80423975       3.89520836    
   2.99166226       3.64284921       3.82282853       3.90069151    
   2.98980975       3.64523053       3.82240772       3.89655566    
   2.98617768       3.65124249       3.83257937       3.88486481    
   2.98639274       3.66785908       3.84771514       3.86100149    
   2.99438286       3.66443467       3.86544943       3.85358977    
   2.99522495       3.67030787       3.87576199       3.83208990    
   2.99616313       3.68697429       3.86284041       3.86627555    
   2.99618936       3.69015837       3.85678554       3.88247180    
   2.99817586       3.70519471       3.83967304       3.86370945    
   3.00124359       3.71522236       3.82456422       3.88340211    
   2.99954891       3.70956540       3.81726789       3.87617517    
   3.00300670       3.72137523       3.85195255       3.87835741    
   2.99868417       3.70931196       3.85609961       3.89317822    
   2.99680114       3.71625352       3.86738276       3.90293384    
   2.99815083       3.70978427       3.85210752       3.92051721    
   2.99923348       3.71686721       3.88031244       3.92754126    
   2.99781036       3.73986959       3.87925053       3.95272636    
   3.00276589       3.74397588       3.87430882       3.94837284    
   2.99921441       3.73978305       3.87017775       3.91984034    
   3.00045943       3.73283696       3.87126899       3.93045378    
   2.99558997       3.73883462       3.89573050       3.91778207    
   2.99135160       3.73641109       3.89276004       3.93578982    
   2.99141502       3.74135017       3.88638735       3.89900327    
   2.98813438       3.75842476       3.85461521       3.88285804    
   2.98795962       3.76398993       3.86319757       3.92522216    
   2.98753858       3.76005101       3.85912871       3.93693733    
   2.98680687       3.75691605       3.87529826       3.92912769    
   2.98269248       3.75708318       3.89728546       3.92356420    
   2.98041654       3.75595593       3.92660284       3.92762303    
   2.98423290       3.74106598       3.93339968       3.93358207    
   2.98421693       3.74240565       3.93145967       3.92329025    
   2.98202252       3.75776649       3.91423583       3.94577456    
   2.98304176       3.76307583       3.92886090       3.92525816    
   2.97822213       3.76051569       3.93237638       3.93211460    
   2.98028731       3.75818634       3.91301322       3.90513468    
   2.98421931       3.75798798       3.89976859       3.91532493    
   2.98347402       3.75533271       3.89243436       3.96263099    
   2.98627234       3.77048278       3.87182021       3.92778087    
   2.98551202       3.76668739       3.86901093       3.91726255    
   2.98918629       3.76554775       3.86025381       3.94541240    
   2.99038029       3.78986430       3.86123061       3.92762613    
   2.99189878       3.78879452       3.85946178       3.92109227    
   2.99004412       3.78776550       3.85883141       3.88401151    
   2.98989415       3.79910660       3.86338043       3.87597656    
   2.98720431       3.80301070       3.88354826       3.87727046    
   2.98304749       3.82257724       3.87714839       3.86584115    
   2.98282075       3.82536125       3.89099789       3.85195684    
   2.98223972       3.82423902       3.88131046       3.86007571    
   2.98376584       3.80667949       3.88491797       3.89817953    
   2.98832417       3.80504513       3.88117909       3.90551472    
   2.98803020       3.80470610       3.88285565       3.90296793    
   2.99016619       3.81246853       3.87262082       3.89719558    
   2.99055839       3.81411600       3.86126900       3.92249751    
   2.99012852       3.81949353       3.87414145       3.93214250    
   2.98927069       3.81445336       3.87447858       3.92359638    
   2.98741031       3.82663512       3.85888457       3.90128303    
   2.99272275       3.84296393       3.82534742       3.91783667    
   2.99291182       3.85366011       3.85581398       3.91864252    
   2.99245858       3.85920262       3.87451887       3.91732454    
   2.98969793       3.85187578       3.88399720       3.92173386    
   2.99175644       3.85058689       3.88227892       3.93537664    
   2.99186277       3.84796143       3.88349366       3.96780753    
   2.99308896       3.83681941       3.86283875       3.94761038    
   2.99276662       3.83507872       3.86535978       3.93136096    
   2.99311066       3.82012987       3.85938454       3.92785144    
   2.99534369       3.80662942       3.84230161       3.92175555    
   2.99684238       3.79626989       3.82534266       3.93421364    
   2.99855828       3.80621791       3.83587027       3.90796471    
   2.99663568       3.79723954       3.81763434       3.91822910    
   2.99825788       3.80014539       3.84063506       3.92745852    
   2.99955058       3.80281758       3.84611845       3.90825558    
   2.99898672       3.80178905       3.85750079       3.91621161    
   2.99195123       3.81437135       3.86030126       3.91176248    
   2.99185181       3.82076597       3.86549926       3.91658688    
   2.99281669       3.82626843       3.88054347       3.88910890    
   2.99233580       3.83303785       3.88532257       3.89943361    
   2.99225235       3.83850956       3.88120532       3.90537286    
   2.99056983       3.83716655       3.88130665       3.90003419    
   2.98783350       3.82832170       3.87550902       3.88307405    
   2.98984575       3.81517816       3.87267280       3.88659573    
   2.99054933       3.81320524       3.87756801       3.90088630    
   2.98974991       3.81696534       3.89480829       3.90420699    
   2.99201155       3.82264566       3.89854336       3.91707754    
   2.99525118       3.82650995       3.86405301       3.91552305    
   2.99561262       3.83816171       3.87544417       3.90244365    
   2.99704981       3.84620881       3.88891149       3.89331222    
   3.00225496       3.84736037       3.86519599       3.88509679    
   2.99285007       3.84560490       3.85722804       3.88637161    
   2.99208808       3.84352064       3.86175013       3.88706517    
   2.99322939       3.85316801       3.87011313       3.88269925    
   2.99405336       3.86482024       3.86434412       3.89219189    
   2.99485779       3.87722850       3.87158680       3.86536312    
   2.99772716       3.85618401       3.87189174       3.85721231    
   2.99707747       3.86475182       3.89283085       3.86652803    
   2.99464059       3.86227798       3.90113306       3.86848068    
   2.99487400       3.86778331       3.88674593       3.87868762    
   2.99448347       3.86642671       3.88051343       3.91250610    
   2.99577904       3.87942076       3.87624073       3.88367891    
   2.99599552       3.87240672       3.88739896       3.88186383    
   2.99741292       3.88153982       3.86276793       3.90024376    
   2.99531555       3.88496089       3.86092281       3.88128376    
   2.99477243       3.88034749       3.85954094       3.84794927    
   2.99637103       3.87647343       3.86026335       3.85132408    
   2.99567795       3.85141683       3.86145329       3.85116076    
   2.99970078       3.84219527       3.88184428       3.84246421    
   3.00273991       3.86575603       3.88420510       3.85462809    
   3.00219607       3.88326192       3.88395786       3.86852551    
   3.00352693       3.88059807       3.87999392       3.88773870    
   3.00061250       3.88167596       3.88663030       3.89425087    
   3.00323963       3.88554406       3.90340590       3.87576056    
   3.00408959       3.88403845       3.89987254       3.88137603    
   3.00841260       3.86383510       3.90124679       3.88763356    
   3.01131129       3.85835171       3.89726567       3.89165759    
   3.01189733       3.83671999       3.88907647       3.90561247    
   3.01287699       3.82591200       3.91321254       3.88993788    
   3.01122761       3.83935428       3.92230034       3.86012292    
   3.01111960       3.84060073       3.94181848       3.85789919    
   3.01160121       3.83824515       3.95750451       3.87567544    
   3.01358914       3.84588885       3.90608644       3.82497311    
   3.01539493       3.84519672       3.90853643       3.81914878    
   3.01575446       3.85093784       3.93343782       3.81304550    
   3.01685739       3.86726475       3.92674732       3.84162521    
   3.01498437       3.86102891       3.93176699       3.88096070    
   3.01543665       3.84899282       3.93376732       3.86527562    
   3.01768732       3.84817791       3.92708516       3.88163018    
   3.02174759       3.84724712       3.92331648       3.90840340    
   3.02243972       3.84749484       3.91377187       3.90619946    
   3.02437353       3.85596848       3.89728570       3.90513635    
   3.02599812       3.86443067       3.87331676       3.89855814    
   3.02618003       3.86071754       3.86073565       3.87018538    
   3.02449822       3.87229037       3.86899042       3.87265706    
   3.02361822       3.87193871       3.87470746       3.87485218    
   3.02405739       3.86873913       3.85808206       3.89719176    
   3.02860713       3.85418558       3.83388758       3.88463855    
   3.02769971       3.86074758       3.85739875       3.86097670    
   3.02908468       3.85035682       3.85204339       3.84767151    
   3.02904940       3.86164188       3.84593368       3.84008861    
   3.02935195       3.84993672       3.84506011       3.82736659    
   3.02940965       3.85014510       3.87753010       3.80555701    
   3.03199005       3.84568143       3.88757324       3.81539392    
   3.03104138       3.86350346       3.88160348       3.83333182    
   3.03024173       3.87329412       3.85465765       3.82666588    
   3.03155780       3.86772919       3.85100746       3.84843397    
   3.03092623       3.87762785       3.83208489       3.86296511    
   3.03094101       3.87066936       3.82164240       3.87897897    
   3.03061032       3.85460520       3.83218026       3.86777258    
   3.03290391       3.86230087       3.85356784       3.89775085    
   3.03505659       3.87403822       3.85398912       3.86421919    
   3.03936386       3.87964296       3.83970165       3.88272333    
   3.03756642       3.88096857       3.82241130       3.86375022    
   3.03858566       3.86760163       3.81695724       3.87863541    
   3.03756857       3.85122919       3.81595778       3.85694456    
   3.04027343       3.84848690       3.82811761       3.83248091    
   3.04242396       3.84289765       3.82739687       3.85836172    
   3.03938413       3.83344555       3.84532857       3.84553337    
   3.03842402       3.83938479       3.82132578       3.86905742    
   3.03943729       3.84666467       3.83865929       3.82965255    
   3.03624225       3.84465623       3.82575846       3.83075309    
   3.03784108       3.83222079       3.84726667       3.81126237    
   3.03697848       3.84145617       3.86730790       3.81644726    
   3.03561068       3.83832431       3.86798716       3.84686017    
   3.03499627       3.83459902       3.86275005       3.88183236    
   3.03771949       3.83019352       3.84988546       3.88380647    
   3.03778934       3.83620024       3.84271860       3.88162518    
   3.03448558       3.85147595       3.84349799       3.89017224    
   3.03772688       3.84625149       3.85634136       3.86450505    
   3.03483725       3.84586978       3.86781812       3.84823179    
   3.03128576       3.83804345       3.87141752       3.86579585    
   3.03100514       3.85373259       3.88613629       3.86865640    
   3.02954769       3.86142755       3.87578106       3.88430429    
   3.02990675       3.85581923       3.86109519       3.87931895    
   3.02919340       3.86375666       3.85137749       3.86390495    
   3.03137326       3.86178327       3.82896805       3.89127159    
   3.02923727       3.86030030       3.83941579       3.88406587    
   3.03001332       3.85217977       3.83766484       3.86487508    
   3.03158474       3.84626722       3.85188079       3.86714935    
   3.03497553       3.84843349       3.88057256       3.88575697    
   3.03194714       3.84271979       3.86987782       3.88938260    
   3.03434467       3.83272529       3.86545205       3.87875247    
   3.03877759       3.84262323       3.86443734       3.85859227    
   3.03672147       3.82542348       3.88073277       3.88342142    
   3.03323150       3.84353805       3.90761995       3.90128756    
   3.03425431       3.85420513       3.87271404       3.86195207    
   3.03347301       3.84805799       3.87794924       3.83601809    
   3.03548932       3.85574746       3.88780499       3.83237863    
   3.03677773       3.84984207       3.89032102       3.83671713    
   3.03575587       3.86411905       3.90222764       3.84217644    
   3.03388953       3.87538385       3.90086555       3.83046842    
   3.03201270       3.88152242       3.89928269       3.83439398    
   3.03358531       3.88223672       3.89102936       3.85435414    
   3.03515840       3.87378192       3.88736606       3.82723093    
   3.03289056       3.87706733       3.88074255       3.85524154    
   3.03416896       3.87167525       3.86059093       3.85387444    
   3.03417087       3.88253021       3.85043287       3.86096144    
   3.03408885       3.88020325       3.86343050       3.83861423    
   3.03496385       3.87797785       3.84329414       3.80277348    
   3.03262687       3.87004232       3.81558323       3.81858540    
   3.03232121       3.88809991       3.80656433       3.81892085    
   3.03587317       3.91205859       3.81719851       3.83348680    
   3.03760982       3.89886045       3.84406161       3.82686806    
   3.04128575       3.90450025       3.83105755       3.82621360    
   3.03822684       3.89292336       3.83835340       3.82034945    
   3.03853250       3.88373494       3.84212255       3.81467652    
   3.03715324       3.89508152       3.84247518       3.82594037    
   3.03985786       3.90976334       3.85508394       3.83241653    
   3.04019952       3.90033245       3.87102485       3.84666324    
   3.03870916       3.90647578       3.88921905       3.83612037    
   3.03936505       3.90487385       3.89045548       3.82619810    
   3.04243255       3.88994002       3.87320638       3.85538101    
   3.04659510       3.89573407       3.87230253       3.83413959    
   3.04189944       3.89170337       3.89244699       3.85732985    
   3.04259801       3.89230680       3.88137317       3.88249207    
   3.04207063       3.90921926       3.88442636       3.87509060    
   3.03816843       3.89978123       3.88436985       3.84777904    
   3.03924036       3.88822532       3.89233756       3.83061099    
   3.03820515       3.88868666       3.89596963       3.80384898    
   3.03964162       3.91634703       3.88515663       3.81093764    
   3.04159379       3.90278196       3.88434243       3.78502059    
   3.04122066       3.90696883       3.87151885       3.78510904    
   3.03994370       3.90244722       3.85295558       3.80882788    
   3.04168034       3.89234805       3.86824107       3.80049658    
   3.04264617       3.89439178       3.86227131       3.80030966    
   3.04246879       3.90211582       3.84320211       3.81830859    
   3.04133177       3.89104605       3.84022927       3.83198190    
   3.04249978       3.88940191       3.82846165       3.83687353    
   3.04416132       3.90433288       3.83996868       3.83772445    
   3.04495239       3.89180303       3.84965277       3.84216952    
   3.04685378       3.89473319       3.82992649       3.82900071    
   3.04295897       3.89472723       3.87110281       3.80342817    
   3.04470730       3.89419699       3.86117244       3.83988738    
   3.04147553       3.90505266       3.88775921       3.83858085    
   3.04130459       3.92259550       3.90928173       3.85177588    
   3.04104471       3.92788768       3.90292621       3.84645987    
   3.04250741       3.92244697       3.89560080       3.82827592    
   3.03924727       3.92456651       3.91391802       3.83481932    
   3.03733206       3.91303658       3.92583799       3.82646537    
   3.03608203       3.91328168       3.93393159       3.78376794    
   3.03455949       3.90917921       3.94138789       3.77309656    
   3.03327465       3.91997528       3.90583682       3.80714512    
   3.03043842       3.91725636       3.90072393       3.82878160    
   3.03094459       3.93076229       3.87594962       3.83536220    
   3.02746296       3.90422916       3.89510727       3.85671830    
   3.02489376       3.90417838       3.87717366       3.84426832    
   3.02416873       3.90802693       3.88416266       3.82675123    
   3.02563643       3.89394331       3.84609747       3.79997230    
   3.02657938       3.90934181       3.83624554       3.82345724    
   3.02463126       3.90024018       3.84320831       3.86422634    
   3.02454066       3.90264726       3.85259247       3.82606363    
   3.02755213       3.90286732       3.85496044       3.81828690    
   3.02591109       3.89528871       3.87656999       3.82750225    
   3.02651381       3.90065932       3.86368060       3.84975362    
   3.02535701       3.90599179       3.86059093       3.83056998    
   3.02714729       3.90834832       3.82910180       3.79205441    
   3.02676630       3.89944863       3.82775807       3.78755498    
   3.02701974       3.89998603       3.81365561       3.80803227    
   3.02768517       3.89048934       3.82754040       3.81360364    
   3.02807689       3.89899254       3.82623768       3.82634807    
   3.02645445       3.88631439       3.81804276       3.83977437    
   3.02214170       3.89631534       3.82290006       3.84941149    
   3.02071095       3.89968276       3.81130910       3.84832406    
   3.02068615       3.89466596       3.81706667       3.85812831    
   3.01910806       3.90319538       3.83773279       3.86680317    
   3.02127552       3.88977742       3.85735416       3.86164999    
   3.02272677       3.88774848       3.84793305       3.86846781    
   3.02258682       3.88409925       3.86522269       3.85080099    
   3.02048182       3.88755202       3.81054282       3.84333825    
   3.02121258       3.88143063       3.78775167       3.83803892    
   3.02316165       3.85379767       3.78896642       3.80777788    
   3.02279806       3.87595057       3.79369068       3.81170607    
   3.02345657       3.86969948       3.80012250       3.80590916    
   3.02466273       3.88113618       3.79502559       3.82659149    
   3.02637005       3.87545824       3.81020713       3.81442761    
   3.02617383       3.85127354       3.80764842       3.83778262    
   3.02395463       3.85873818       3.81164575       3.83262610    
   3.02622533       3.85543537       3.79840064       3.81214118    
   3.02632260       3.86627555       3.80673933       3.82652521    
   3.02717257       3.84747124       3.83122492       3.82544494    
   3.02892685       3.84774494       3.84409976       3.83179450    
   3.02660441       3.83484507       3.83529997       3.80028367    
   3.02461028       3.84975314       3.82987261       3.79768515    
   3.02182627       3.86515832       3.82696581       3.81549335    
   3.02125072       3.86189556       3.83224416       3.82306266    
   3.01952982       3.86029601       3.84118938       3.82814837    
   3.02167630       3.86671972       3.83133912       3.82293868    
   3.01972198       3.85190582       3.81568909       3.85273623    
   3.01711655       3.85963440       3.81155872       3.81795239    
   3.01627493       3.85963678       3.78471112       3.84044099    
   3.01590157       3.87577462       3.80333877       3.85400677    
   3.01372576       3.85168242       3.81446362       3.86827683    
   3.01509643       3.85331368       3.82004857       3.86973381    
   3.01680112       3.85559106       3.78389502       3.85942411    
   3.01581120       3.86429620       3.78189349       3.84678817    
   3.01583242       3.84801841       3.75974798       3.85444307    
   3.01423001       3.85183263       3.77444673       3.87119555    
   3.01403236       3.84558940       3.80216551       3.87091470    
   3.01443219       3.84104300       3.84084535       3.84391546    
   3.01658583       3.84373331       3.80987597       3.86071324    
   3.01854968       3.84719872       3.82021499       3.84653759    
   3.01831436       3.84188700       3.79143763       3.88320327    
   3.02044559       3.85927844       3.79164052       3.87272882    
   3.02102208       3.87181473       3.80395484       3.86311102    
   3.02249050       3.87896657       3.79431200       3.86226988    
   3.02007365       3.88643622       3.81496668       3.86106157    
   3.02163887       3.89142680       3.80439997       3.84462357    
   3.02297711       3.88596821       3.81739497       3.80599260    
   3.02289343       3.89695954       3.82755947       3.81665158    
   3.02355838       3.86143732       3.83101273       3.82574987    
   3.02563071       3.85611463       3.84806871       3.83277822    
   3.02470326       3.86616373       3.84043360       3.83824372    
   3.02282476       3.87138224       3.85504031       3.83244562    
   3.02290606       3.87895370       3.83637023       3.82924128    
   3.02491331       3.84920359       3.85476613       3.83971477    
   3.02450991       3.85342598       3.83429503       3.86035657    
   3.02502060       3.86201906       3.81475568       3.87495041    
   3.02455783       3.85753489       3.81054163       3.85546803    
   3.02458119       3.85470223       3.82356858       3.84609532    
   3.02166343       3.85761142       3.82079029       3.83931994    
   3.01885867       3.86171651       3.82872486       3.83150625    
   3.01931095       3.86439943       3.82863140       3.82898378    
   3.01959395       3.87843752       3.81774855       3.81668830    
   3.02153444       3.87395453       3.82822156       3.81896949    
   3.02011824       3.87537956       3.83068466       3.82938528    
   3.02074552       3.86271858       3.82773519       3.84638190    
   3.01956272       3.85925579       3.85006380       3.83810854    
   3.01818252       3.87366009       3.83931851       3.82192230    
   3.01569486       3.87839985       3.84668994       3.85367680    
   3.01557231       3.87954116       3.85029149       3.82470179    
   3.01355672       3.88329363       3.85771394       3.82990837    
   3.01143789       3.89671969       3.86773276       3.81523347    
   3.01206946       3.90040898       3.87164593       3.85070133    
   3.01209688       3.91352057       3.87254548       3.85503054    
   3.01151705       3.89625740       3.86358619       3.83046150    
   3.01339960       3.89633632       3.85909438       3.81775999    
   3.01523614       3.89345765       3.84950471       3.79789376    
   3.01611328       3.87093496       3.86690378       3.78716111    
   3.01568365       3.86922097       3.85406876       3.78777933    
   3.01344299       3.86718440       3.82459092       3.78787374    
   3.01329041       3.86813784       3.84812284       3.80487990    
   3.01285362       3.86923647       3.83161187       3.78924060    
   3.01355481       3.87180185       3.81883669       3.79153800    
   3.01278400       3.87230062       3.83845019       3.78814483    
   3.01095366       3.87424970       3.83745551       3.76646543    
   3.01017737       3.87018013       3.81321454       3.76055956    
   3.01157403       3.86503506       3.80675077       3.79397416    
   3.01126218       3.86577225       3.79931998       3.79684043    
   3.01103354       3.84789920       3.84045458       3.82957959    
   3.00984907       3.86089540       3.85840130       3.84220982    
   3.00879717       3.85660028       3.84008908       3.84187460    
   3.01312828       3.85037065       3.85083985       3.83937120    
   3.01142955       3.86325455       3.85375667       3.83925629    
   3.01044369       3.85656452       3.86907291       3.82428670    
   3.00852919       3.85393214       3.86826563       3.83835745    
   3.00611305       3.85997629       3.87212467       3.86970878    
   3.00973535       3.86589932       3.85904717       3.84135103    
   3.01036739       3.87603521       3.83309412       3.86227775    
   3.01093435       3.87882042       3.81544948       3.87364554    
   3.01034188       3.87542367       3.81670761       3.87101722    
   3.01007128       3.87369943       3.82000995       3.87642550    
   3.01333714       3.87735486       3.83060408       3.88825250    
   3.01340890       3.88254070       3.82805324       3.91884208    
   3.01397657       3.87340713       3.80415463       3.90763354    
   3.01510668       3.86481500       3.81337452       3.91203666    
   3.01302314       3.86354089       3.82834220       3.90802979    
   3.01249981       3.85301280       3.85125875       3.90078831    
   3.01244378       3.83988738       3.84956789       3.86661077    
   3.01486778       3.82766342       3.83538842       3.83789134    
   3.01175070       3.81404972       3.82264376       3.80569959    
   3.01073599       3.81021643       3.83022594       3.82506394    
   3.01244521       3.82204199       3.83180952       3.81907010    
   3.01329803       3.81960630       3.85947180       3.79486609    
   3.01397324       3.82245111       3.85701895       3.81753731    
   3.01444221       3.81880522       3.87140489       3.82181215    
   3.01318502       3.82681251       3.89011860       3.81915998    
   3.01590800       3.81449318       3.88918710       3.81744170    
   3.01537085       3.81374025       3.88220787       3.80774903    
   3.01611590       3.81358314       3.86558127       3.80491090    
   3.01645446       3.81329203       3.84337473       3.82418442    
   3.01616573       3.82043648       3.82461238       3.88692284    
   3.01568556       3.82454038       3.81080723       3.84566951    
   3.01639056       3.81744814       3.82293010       3.82815146    
   3.01778316       3.83146620       3.81365252       3.81914210    
   3.01637101       3.83592057       3.81004930       3.85608721    
   3.01458502       3.83794117       3.82300329       3.80979061    
   3.01728010       3.83284211       3.80181932       3.82298493    
   3.01815844       3.84124494       3.80600142       3.82081699    
   3.01543427       3.83004069       3.78255439       3.83128881    
   3.01467609       3.83010554       3.77091050       3.82676315    
   3.01763749       3.83735299       3.78437805       3.81030965    
   3.01700687       3.84528804       3.76797533       3.80669165    
   3.01629543       3.83871365       3.74852896       3.79128647    
   3.01824141       3.83207011       3.75680089       3.79332662    
   3.01681781       3.83397770       3.76711559       3.75794411    
   3.02012873       3.83733845       3.76128221       3.76882315    
   3.02168417       3.84678364       3.77522635       3.75461364    
   3.02234745       3.85008383       3.79249644       3.76833367    
   3.02146244       3.85460067       3.78025532       3.77041793    
   3.01992178       3.85782099       3.77130699       3.74738717    
   3.02015829       3.84480262       3.80997658       3.75075030    
   3.02108645       3.83706522       3.81518221       3.77048564    
   3.02141929       3.83014107       3.80993247       3.80827236    
   3.02024627       3.82118011       3.81210041       3.80130410    
   3.02013206       3.83787203       3.78576446       3.76651955    
   3.01989269       3.81794977       3.78713632       3.79527950    
   3.01904058       3.82054424       3.76492691       3.80835724    
   3.01776052       3.80628109       3.79686284       3.79237843    
   3.01775050       3.80682850       3.78888798       3.79138303    
   3.01933527       3.80366135       3.78898239       3.75917530    
   3.01899815       3.80403399       3.79247904       3.73860669    
   3.01641273       3.82610655       3.78923821       3.76232910    
   3.01595855       3.83657217       3.80353308       3.77515817    
   3.01769996       3.84511304       3.81528711       3.76221323    
   3.01638865       3.84708858       3.79291153       3.75020909    
   3.01926732       3.84786916       3.78324795       3.75420165    
   3.01842880       3.86144423       3.78865409       3.76355314    
   3.01746726       3.84152174       3.78152061       3.77220392    
   3.01780391       3.85247874       3.79879427       3.77181077    
   3.01992702       3.85058594       3.79538798       3.78988314    
   3.01882505       3.85582137       3.76683640       3.80740595    
   3.02028728       3.84496522       3.75620413       3.80649137    
   3.01939964       3.86243200       3.75699615       3.81593394    
   3.01832151       3.84680080       3.75248861       3.81944203    
   3.01568747       3.85182881       3.74175549       3.78003764    
   3.01638246       3.86570859       3.74484396       3.78174376    
   3.01678157       3.87364697       3.74530125       3.79086113    
   3.01729155       3.87158036       3.74797630       3.80932331    
   3.01617193       3.85972285       3.73718715       3.82982445    
   3.01635742       3.87927508       3.73585510       3.84371400    
   3.01737666       3.88227558       3.75739384       3.84413195    
   3.01371717       3.89148068       3.76174784       3.84734559    
   3.01422620       3.90710735       3.76871562       3.84251714    
   3.01297379       3.91062737       3.79296041       3.83916235    
   3.01281905       3.91465569       3.78065777       3.83648682    
   3.01243305       3.91018105       3.78546476       3.84002185    
   3.01388836       3.89235592       3.79127502       3.86689520    
   3.01379275       3.89926577       3.79337859       3.86323237    
   3.01534915       3.88783455       3.79893470       3.87214470    
   3.01634836       3.87834501       3.79653072       3.83939958    
   3.01541758       3.87660646       3.79780102       3.82512069    
   3.01584578       3.88635755       3.79572630       3.79765582    
   3.01659989       3.86931682       3.77937794       3.79418898    
   3.01434040       3.86083460       3.79524946       3.79683471    
   3.01432133       3.84963155       3.81778002       3.79317737    
   3.01400375       3.85403848       3.81181669       3.77639937    
   3.01474190       3.86274529       3.81449246       3.79620457    
   3.01455450       3.87263513       3.81619453       3.77172542    
   3.01268506       3.86763763       3.83174491       3.79130793    
   3.01369810       3.86321783       3.81787348       3.80694985    
   3.01334119       3.86222053       3.80864811       3.78468680    
   3.01229525       3.85230112       3.80240679       3.79772305    
   3.01130080       3.84780788       3.77462745       3.79904985    
   3.01170707       3.84912181       3.77307820       3.78815293    
   3.01127100       3.86235905       3.79813862       3.81595945    
   3.01287913       3.85971928       3.78260517       3.81950331    
   3.01244712       3.86313772       3.77911973       3.82116580    
   3.01225400       3.85174513       3.75912476       3.80976367    
   3.01389861       3.86448026       3.78130960       3.80967736    
   3.01523161       3.85300112       3.79054213       3.81007504    
   3.01602054       3.86239195       3.78143907       3.78221703    
   3.01593328       3.84364367       3.79035091       3.79156256    
   3.01632333       3.84514809       3.80169702       3.79220653    
   3.01774001       3.83077240       3.78871179       3.79848170    
   3.01723552       3.83730078       3.78738189       3.80871534    
   3.01860929       3.80760312       3.77688026       3.82387185    
   3.01885676       3.81569862       3.76674724       3.81976271    
   3.02128243       3.82852840       3.76139045       3.81581402    
   3.02131367       3.83378196       3.76921010       3.80098629    
   3.02144265       3.84079528       3.77228928       3.77221251    
   3.02047110       3.84382391       3.76054454       3.79219937    
   3.02202415       3.84734035       3.75587869       3.78573585    
   3.02309346       3.82514119       3.75921226       3.75764060    
   3.02300239       3.82667708       3.76228142       3.76114154    
   3.02394247       3.82558441       3.76371694       3.77923131    
   3.02463675       3.81940317       3.78797889       3.76531339    
   3.02423096       3.81455088       3.79431367       3.76038742    
   3.02264118       3.80945134       3.78541732       3.75984859    
   3.02215600       3.80024672       3.79009295       3.77364159    
   3.02120686       3.79474521       3.78698301       3.78355336    
   3.02193308       3.79581261       3.77163792       3.77923656    
   3.02230048       3.78816199       3.75601554       3.79756451    
   3.01861215       3.79968810       3.76574135       3.79227924    
   3.01764321       3.79365039       3.79219389       3.79528856    
   3.01784706       3.79253531       3.82372761       3.74212956    
   3.01630664       3.80487037       3.82603383       3.75034952    
   3.01553297       3.80409288       3.81997395       3.75093222    
   3.01528406       3.80381942       3.80144525       3.76722479    
   3.01476288       3.79642153       3.79533720       3.75630951    
   3.01517439       3.78581715       3.76301241       3.75090528    
   3.01513839       3.77651906       3.76858163       3.73520184    
   3.01352811       3.76363564       3.77127171       3.74945188    
   3.01527953       3.77468252       3.75957870       3.76662087    
   3.01337719       3.75635290       3.76430750       3.75678301    
   3.01467872       3.76030111       3.77352786       3.77470064    
   3.01446247       3.77512908       3.77026916       3.80070233    
   3.01295924       3.78074980       3.77638578       3.77624488    
   3.01343632       3.76516652       3.77078962       3.77053404    
   3.01347446       3.74808168       3.77550387       3.78307247    
   3.01207733       3.76819515       3.77868128       3.80329585    
   3.00916290       3.79244041       3.77949095       3.83777976    
   3.00674057       3.80961943       3.77270961       3.82191753    
   3.00506830       3.81044102       3.76850533       3.81572628    
   3.00396919       3.81782627       3.76143026       3.82608676    
   3.00405169       3.81837726       3.76628900       3.80693364    
   3.00493908       3.82481313       3.76124525       3.82441688    
   3.00344872       3.83470917       3.75992870       3.80636406    
   3.00118399       3.82835841       3.74849987       3.81259227    
   2.99944544       3.82183886       3.76429081       3.78641391    
   2.99827409       3.82813287       3.75994611       3.78700161    
   2.99755812       3.82157516       3.75058532       3.78185010    
   2.99699187       3.83467793       3.74086428       3.78488016    
   2.99849653       3.84327388       3.73027682       3.79185414    
   2.99794436       3.83770251       3.71319818       3.78524899    
   2.99856925       3.83773208       3.73048139       3.77825999    
   2.99772763       3.83869338       3.73563647       3.75783277    
   2.99974847       3.83879471       3.74294400       3.76459742    
   2.99845695       3.83845019       3.74086833       3.79098177    
   2.99896789       3.82112217       3.75425601       3.76857257    
   2.99897242       3.82000327       3.76610875       3.79131842    
   2.99690962       3.81167769       3.77544236       3.79048514    
   2.99804091       3.77815056       3.77135372       3.78267264    
   2.99734831       3.78014374       3.77588272       3.80484176    
   2.99737191       3.76046443       3.76734161       3.80191445    
   2.99765515       3.75350022       3.76046729       3.79744148    
   3.00006652       3.76276255       3.77237606       3.78217745    
   3.00006199       3.76505017       3.77196646       3.78552938    
   2.99943089       3.76439929       3.75206017       3.79858160    
   3.00123811       3.77006245       3.73937631       3.77489924    
   3.00127435       3.77268648       3.75027633       3.76650953    
   3.00102758       3.77008438       3.75482392       3.76110053    
   3.00119877       3.78261089       3.74212742       3.77260470    
   3.00249052       3.80360174       3.74468517       3.77643371    
   3.00213623       3.80198932       3.75073051       3.80505228    
   2.99994421       3.81485987       3.75675106       3.81884050    
   3.00226450       3.81812334       3.73967814       3.85276937    
   3.00216770       3.82408786       3.75442934       3.85363388    
   3.00447416       3.81483197       3.77269888       3.86220813    
   3.00483727       3.80304646       3.78730798       3.84689331    
   3.00424862       3.81464243       3.79790998       3.85601783    
   3.00354123       3.81641340       3.82149577       3.86696911    
   3.00295854       3.82885838       3.82640934       3.89401245    
   3.00508332       3.84624887       3.79805231       3.86752200    
   3.00291133       3.84938002       3.80509019       3.86560082    
   3.00114632       3.83471441       3.78645205       3.83989811    
   3.00135946       3.83590293       3.77299714       3.80749965    
   3.00266910       3.83674765       3.77790189       3.78800249    
   3.00298882       3.83692861       3.76293278       3.79594064    
   3.00259709       3.82646823       3.76601100       3.80792904    
   3.00287533       3.81459928       3.77901173       3.83816290    
   3.00583076       3.82241488       3.79530191       3.83780932    
   3.00793076       3.81718373       3.78885961       3.80012679    
   3.00571561       3.83611727       3.79955387       3.80556917    
   3.00599146       3.83830547       3.80488300       3.83502579    
   3.00379062       3.85123610       3.79083991       3.80259800    
   3.00579667       3.85694671       3.79449177       3.78169799    
   3.00585771       3.86695194       3.79115963       3.79976606    
   3.00513196       3.88350654       3.80759215       3.81400228    
   3.00423265       3.87793255       3.80490899       3.80825162    
   3.00580621       3.88336420       3.81331778       3.80163026    
   3.00674772       3.88303185       3.81065345       3.81745911    
   3.00621963       3.87132812       3.83081222       3.80643010    
   3.00633812       3.86299992       3.82848644       3.76292157    
   3.00833035       3.88142633       3.84026837       3.76056075    
   3.00939059       3.86733699       3.82589865       3.72412372    
   3.00900459       3.85754466       3.83426785       3.73809886    
   3.00867748       3.83882713       3.82857418       3.78108382    
   3.00798440       3.83143687       3.80289984       3.76405668    
   3.00755954       3.83371806       3.80595803       3.73506188    
   3.00894213       3.84109521       3.77655888       3.74811578    
   3.00881052       3.84533334       3.77071762       3.75553775    
   3.00854635       3.84380436       3.76945472       3.77587557    
   3.00856137       3.84425068       3.77751684       3.78294110    
   3.00920367       3.84754229       3.76121902       3.77267027    
   3.00690937       3.88285160       3.76200032       3.77259445    
   3.00652552       3.89035320       3.75656247       3.78842378    
   3.00932503       3.88067341       3.76209497       3.78660107    
   3.00798559       3.87632298       3.74661779       3.76810765    
   3.00631523       3.87400293       3.75237536       3.76587009    
   3.00562811       3.85212541       3.77717161       3.77704906    
   3.00487185       3.83903360       3.76537943       3.76913428    
   3.00564528       3.84793472       3.77532244       3.76970220    
   3.00739694       3.83819485       3.77606130       3.74789357    
   3.00812984       3.82093143       3.76695752       3.75081873    
   3.00849652       3.81518531       3.77895761       3.73541117    
   3.00950480       3.81998110       3.78986144       3.75302243    
   3.00775027       3.82469845       3.79843092       3.74328852    
   3.00922537       3.81917787       3.79273415       3.72900605    
   3.00991273       3.81372857       3.79374671       3.72519183    
   3.00976515       3.81830120       3.82203722       3.72641039    
   3.00774670       3.80763149       3.82222629       3.73418951    
   3.00800371       3.80280304       3.80709720       3.73414707    
   3.00724697       3.80351067       3.80484462       3.73748755    
   3.00672078       3.79985261       3.81149387       3.74105024    
   3.00659180       3.80010653       3.79323602       3.75668478    
   3.00746346       3.79622364       3.77930260       3.76198602    
   3.00856495       3.78839540       3.76651287       3.77412391    
   3.00757170       3.79534674       3.75743914       3.78027415    
   3.00841379       3.80555630       3.76421881       3.79172754    
   3.00808978       3.81279755       3.77896714       3.78023052    
   3.00846648       3.81616735       3.79213023       3.77189851    
   3.00816560       3.80505085       3.78578758       3.78130007    
   3.00743032       3.80986166       3.78850889       3.79020882    
   3.00673199       3.80588007       3.79481506       3.76404595    
   3.00529432       3.81116462       3.80965376       3.73292828    
   3.00637794       3.80562353       3.80767322       3.74298406    
   3.00566220       3.77361798       3.79474974       3.75968122    
   3.00538421       3.79051924       3.77141333       3.74828577    
   3.00384045       3.78777719       3.77663112       3.76200962    
   3.00393462       3.78676677       3.75854707       3.76349854    
   3.00488067       3.77135968       3.76062703       3.73381758    
   3.00335574       3.77898335       3.77374887       3.74693322    
   3.00483108       3.77197266       3.77724576       3.72919488    
   3.00208354       3.78549004       3.76996398       3.75776052    
   3.00028992       3.78433323       3.77546573       3.77151728    
   2.99825358       3.78128433       3.79816389       3.74624896    
   2.99866319       3.78364682       3.73760056       3.77897334    
   2.99666357       3.80479360       3.74030709       3.79391980    
   2.99680305       3.80470800       3.74693489       3.78558111    
   2.99695253       3.80895114       3.74840117       3.78342009    
   2.99710631       3.80614710       3.76176453       3.78935480    
   2.99754143       3.82007146       3.78834581       3.77294469    
   2.99798608       3.80840969       3.78785372       3.76919389    
   2.99845243       3.79563189       3.76296520       3.79483533    
   2.99915528       3.79407859       3.76343060       3.79453349    
   2.99965239       3.78454542       3.77837777       3.80777407    
   3.00136471       3.79031181       3.78286767       3.80363369    
   3.00207067       3.79623508       3.76573491       3.77306819    
   3.00353289       3.77731633       3.76534700       3.76512194    
   3.00404525       3.77021170       3.78132415       3.76238489    
   3.00356746       3.76525688       3.75681758       3.76132488    
   3.00494361       3.73432851       3.77122545       3.72324872    
   3.00377989       3.73469949       3.76622176       3.71858931    
   3.00306225       3.73294902       3.76313043       3.74242997    
   3.00311351       3.73319340       3.77913284       3.75128245    
   3.00345969       3.72879696       3.80511117       3.75072289    
   3.00137806       3.74145675       3.80278397       3.75831461    
   3.00082016       3.74416661       3.78775048       3.77974296    
   3.00224590       3.74119663       3.79213953       3.76498699    
   3.00071931       3.75355911       3.78508735       3.78039598    
   3.00231242       3.77429128       3.76084805       3.81018233    
   3.00173855       3.77795315       3.79209614       3.80520678    
   3.00246787       3.79164481       3.79222822       3.82221770    
   3.00324559       3.79757118       3.79083753       3.80189919    
   3.00121188       3.82656717       3.83138108       3.83556485    
   3.00220942       3.84570694       3.84447312       3.82484078    
   3.00195742       3.85950661       3.83515811       3.82247996    
   3.00104213       3.87506771       3.82303667       3.81470037    
   3.00173068       3.87552047       3.81081033       3.84886169    
   3.00018072       3.86536789       3.81284070       3.84983015    
   3.00355291       3.87272477       3.81544471       3.81772304    
   3.00272274       3.88793421       3.81942749       3.80713677    
   3.00359726       3.87647104       3.79178905       3.81985903    
   3.00365424       3.88529563       3.78063750       3.80155110    
   3.00485086       3.87312531       3.77446079       3.80443311    
   3.00536776       3.86531401       3.77932787       3.79918194    
   3.00506210       3.86912060       3.78015208       3.79663610    
   3.00462866       3.87049651       3.75925064       3.80053306    
   3.00340009       3.85497999       3.76852417       3.79474163    
   3.00553775       3.86041570       3.76025081       3.77232862    
   3.00442386       3.84124780       3.77108312       3.78061604    
   3.00452590       3.84094715       3.80556941       3.79239035    
   3.00289488       3.84520602       3.79770374       3.82347035    
   3.00175333       3.85764503       3.79389405       3.82380915    
   3.00217581       3.83984208       3.80728364       3.80454969    
   2.99970579       3.85171580       3.80611801       3.78862333    
   2.99829221       3.83623028       3.79157043       3.76134825    
   2.99956918       3.83259296       3.81119061       3.76368308    
   2.99954462       3.83547211       3.82540202       3.76186109    
   2.99844885       3.84555221       3.83230901       3.73363447    
   2.99764729       3.86158109       3.82679176       3.73297715    
   2.99955845       3.86834168       3.81726599       3.74002862    
   2.99794197       3.87971020       3.85075331       3.74670529    
   2.99643731       3.88639355       3.85779595       3.75641155    
   2.99645901       3.89296937       3.86782050       3.74612951    
   2.99511600       3.85617185       3.86786652       3.74885321    
   2.99322033       3.87390852       3.85093594       3.76054573    
   2.99263978       3.86279416       3.83011389       3.73094153    
   2.99301434       3.86355066       3.83015037       3.74103236    
   2.99224091       3.86343765       3.81440592       3.74681354    
   2.99251461       3.86585474       3.82561374       3.73273540    
   2.99386477       3.86521649       3.79803634       3.74174452    
   2.99375677       3.86801147       3.78966141       3.75139356    
   2.99614453       3.87145305       3.80838084       3.76303053    
   2.99646449       3.86285496       3.81227064       3.78338003    
   2.99718094       3.85845733       3.79527020       3.79142046    
   2.99581695       3.84690738       3.77886820       3.82201147    
   2.99541903       3.84792852       3.76689196       3.82094884    
   2.99676657       3.85168123       3.77417636       3.81548786    
   2.99655390       3.85928798       3.76393461       3.79421520    
   2.99778271       3.87372613       3.74029374       3.82342720    
   2.99776554       3.86334443       3.72989082       3.81432605    
   2.99691772       3.86382389       3.71406245       3.80546951    
   2.99969649       3.87175894       3.70495820       3.77876329    
   2.99872255       3.86338210       3.67452097       3.77474737    
   2.99786210       3.85457611       3.70787930       3.76025534    
   2.99846983       3.85746670       3.72571969       3.75171971    
   2.99768019       3.86012197       3.73588181       3.75458980    
   2.99817824       3.84391594       3.72611976       3.76197672    
   2.99817371       3.85331225       3.73838925       3.76838374    
   2.99628711       3.85997295       3.71994638       3.77332449    
   2.99771690       3.85075521       3.72986150       3.77748275    
   2.99650383       3.85521269       3.72962022       3.78470159    
   2.99632597       3.86822319       3.75176811       3.80938625    
   2.99713159       3.87418008       3.75371194       3.83852172    
   2.99734044       3.85447598       3.74790883       3.85473371    
   2.99871993       3.85239291       3.75198245       3.86791897    
   2.99938703       3.85429144       3.73931122       3.88215017    
   2.99843383       3.87182546       3.73043013       3.87189245    
   2.99632239       3.86900759       3.73354697       3.87663484    
   2.99572253       3.86366177       3.75392056       3.82430577    
   2.99749970       3.85487437       3.75003386       3.82223773    
   2.99928141       3.83952284       3.75402474       3.83761168    
   2.99819231       3.83446074       3.74631405       3.84209394    
   2.99746776       3.81604862       3.75992823       3.84758592    
   2.99845505       3.80120564       3.76695585       3.86221027    
   2.99715137       3.79445148       3.77258062       3.87790036    
   2.99808908       3.78750825       3.77472138       3.87869954    
   2.99763346       3.78364420       3.79212189       3.84167409    
   2.99877429       3.77901983       3.78098965       3.83328891    
   2.99803901       3.78099799       3.80108690       3.82921314    
   2.99640775       3.77632761       3.81259871       3.82492518    
   2.99514127       3.76495123       3.79947329       3.82139516    
   2.99530053       3.77369738       3.78889990       3.83658695    
   2.99740720       3.76621842       3.78047895       3.83556724    
   2.99644113       3.77451682       3.77897716       3.80328345    
   2.99630880       3.78336430       3.79055548       3.81349587    
   2.99820924       3.78377938       3.79281974       3.80054331    
   2.99737239       3.79075074       3.81053495       3.76620460    
   2.99785733       3.78753114       3.81656909       3.76126432    
   2.99718118       3.79753852       3.85215139       3.75917768    
   2.99903202       3.77493382       3.84868264       3.77813387    
   2.99807620       3.77851558       3.86351943       3.75611186    
   2.99757004       3.78280902       3.83095622       3.76523662    
   2.99892998       3.77307940       3.82147360       3.77044415    
   2.99995732       3.77827859       3.79770780       3.78612471    
   2.99978065       3.77372289       3.80789566       3.75725365    
   3.00001621       3.78992915       3.79703712       3.77287769    
   2.99951982       3.79769397       3.79881382       3.77792430    
   3.00094342       3.80822468       3.78350639       3.75741959    
   3.00125051       3.81172466       3.78583050       3.76093745    
   3.00155163       3.81825137       3.79060841       3.75890660    
   3.00133395       3.81924009       3.79558253       3.75124979    
   3.00156474       3.81474423       3.81107378       3.73964024    
   3.00129223       3.80625916       3.83006835       3.74884129    
   3.00120974       3.81521130       3.82634401       3.73595476    
   3.00046253       3.79802394       3.83654308       3.75190687    
   3.00057340       3.80134249       3.84227586       3.76378059    
   3.00011635       3.79438114       3.84313345       3.79706097    
   3.00160241       3.79385519       3.83426499       3.80216694    
   3.00284743       3.81018138       3.83832240       3.79017735    
   3.00201035       3.80628586       3.83339834       3.79361129    
   3.00242043       3.80300069       3.82586288       3.79119706    
   3.00256133       3.80316854       3.83055687       3.81378984    
   3.00176406       3.78636980       3.82949281       3.83906889    
   3.00127983       3.78654408       3.79798269       3.82316732    
   3.00088787       3.77840042       3.77424574       3.81169820    
   3.00002480       3.78789687       3.75565457       3.80925035    
   2.99984193       3.78514051       3.76868057       3.77008605    
   2.99904108       3.80428338       3.75878215       3.76160073    
   2.99963617       3.81576347       3.76950431       3.74971914    
   3.00006866       3.81219196       3.79005051       3.77445030    
   2.99923587       3.81034136       3.80392194       3.75646758    
   3.00031161       3.80560112       3.83059692       3.76725554    
   2.99994349       3.80700946       3.81491089       3.77739358    
   3.00066328       3.80592823       3.83907199       3.81063175    
   3.00190377       3.81310987       3.81517196       3.80439353    
   3.00288606       3.81201768       3.80224729       3.79241729    
   3.00252271       3.81045222       3.80729795       3.81321645    
   3.00216293       3.80659509       3.78772140       3.80247927    
   3.00120187       3.80229378       3.79404473       3.81359553    
   3.00207663       3.81096172       3.79597855       3.83131170    
   3.00329256       3.79888773       3.78493500       3.80106258    
   3.00286436       3.80924058       3.78720856       3.78618979    
   3.00310874       3.81089044       3.79762936       3.76672029    
   3.00277877       3.80343556       3.79395247       3.76736927    
   3.00325632       3.80672956       3.80372357       3.77254343    
   3.00183845       3.80609727       3.80730009       3.77274728    
   3.00108314       3.80206656       3.78870344       3.74982214    
   3.00072384       3.80529213       3.79540300       3.75943112    
   3.00107813       3.80437279       3.77823329       3.77400327    
   3.00209308       3.80336380       3.77115941       3.78234196    
   3.00368309       3.78283072       3.75172830       3.77047873    
   3.00321150       3.78588963       3.75221610       3.76995492    
   3.00505185       3.79220414       3.77634788       3.74565721    
   3.00564981       3.79392767       3.78403687       3.74509597    
   3.00584602       3.79244590       3.77835536       3.73249912    
   3.00606012       3.80906081       3.78783751       3.73268437    
   3.00622010       3.80621338       3.79856992       3.70790100    
   3.00703621       3.79105854       3.80078101       3.69557118    
   3.00712132       3.79562306       3.80553627       3.67880225    
   3.00733614       3.79832196       3.78647876       3.69885993    
   3.00791454       3.79490352       3.79796600       3.74084592    
   3.00881791       3.79170108       3.80266142       3.75323081    
   3.01027751       3.78686953       3.82090354       3.76100421    
   3.00959110       3.77991772       3.77821898       3.76135850    
   3.01045799       3.79289627       3.76137424       3.79062867    
   3.01058745       3.80697060       3.75322628       3.75209260    
   3.01084614       3.81383467       3.77709532       3.75721860    
   3.01099920       3.77924585       3.76635385       3.77345967    
   3.01132512       3.76381612       3.77313662       3.77376223    
   3.01213121       3.76450610       3.77640939       3.78873968    
   3.01091242       3.77341080       3.77795029       3.77822900    
   3.01141000       3.77486014       3.77837300       3.76745963    
   3.01193619       3.77511883       3.77370954       3.77712440    
   3.01312327       3.77912879       3.76329422       3.76667881    
   3.01385880       3.79546523       3.74295211       3.76071525    
   3.01297235       3.80014491       3.74115181       3.78746748    
   3.01346397       3.80824947       3.72306085       3.78600073    
   3.01311445       3.81198835       3.70666242       3.78511047    
   3.01491046       3.79639935       3.69723511       3.76551294    
   3.01373601       3.79069066       3.70805264       3.75775456    
   3.01408124       3.79613185       3.71217203       3.74702716    
   3.01295114       3.79203558       3.69634843       3.73249221    
   3.01429701       3.80301619       3.69011617       3.74885869    
   3.01324439       3.80399251       3.70180511       3.74903011    
   3.01388597       3.80106664       3.70625210       3.79098129    
   3.01466608       3.79385662       3.72276402       3.81261611    
   3.01409745       3.79995537       3.74369097       3.79878402    
   3.01316357       3.79961514       3.75811672       3.74889660    
   3.01374626       3.79847312       3.75344849       3.74783301    
   3.01231980       3.78446865       3.75414491       3.74465990    
   3.01255584       3.77722526       3.75704527       3.73603177    
   3.01178861       3.77835226       3.77863741       3.74316359    
   3.01117921       3.77100492       3.75089931       3.73311520    
   3.01034355       3.77281666       3.74985671       3.73713660    
   3.01084113       3.77118182       3.77924514       3.77870655    
   3.01003909       3.78346539       3.75733542       3.79566264    
   3.00993466       3.78486061       3.75724983       3.78479791    
   3.00954795       3.79326963       3.75814366       3.78757238    
   3.00942874       3.78154898       3.75137019       3.76401186    
   3.01127887       3.77913165       3.75029802       3.77827191    
   3.01016378       3.78411508       3.74659395       3.75900340    
   3.00886846       3.77099586       3.74986863       3.75553417    
   3.00769091       3.76604414       3.75497389       3.74540544    
   3.00927401       3.76726460       3.73989749       3.77662587    
   3.00862193       3.77653193       3.75577021       3.77653384    
   3.00874257       3.77306652       3.75437784       3.76870346    
   3.00990915       3.76199889       3.75016642       3.76993918    
   3.00891638       3.76532245       3.77940845       3.79045534    
   3.00873423       3.76830959       3.75991011       3.77164388    
   3.00881720       3.78045154       3.78995776       3.76542592    
   3.00834799       3.78119993       3.81083107       3.79263043    
   3.00638342       3.78407121       3.77820110       3.77310514    
   3.00644398       3.77612758       3.78963137       3.79602098    
   3.00663757       3.78015733       3.78544641       3.78236365    
   3.00761127       3.78519320       3.80369449       3.76797152    
   3.00975728       3.77645969       3.81998396       3.75264406    
   3.01076555       3.76946259       3.84486794       3.75881243    
   3.01042342       3.76206803       3.85353780       3.76241326    
   3.01118898       3.75548053       3.82810140       3.75222564    
   3.01181579       3.75289607       3.81044888       3.75234938    
   3.01353192       3.73415446       3.81773043       3.77739072    
   3.01296854       3.73523593       3.83886862       3.76711345    
   3.01396322       3.74135947       3.83499765       3.75767231    
   3.01398349       3.73550582       3.84883118       3.74312758    
   3.01206350       3.73867750       3.84897161       3.71110487    
   3.01472783       3.72968102       3.88281059       3.71987057    
   3.01311183       3.72388554       3.90500808       3.74001932    
   3.01439190       3.73589706       3.88356996       3.74443650    
   3.01489925       3.74544191       3.85548067       3.73690963    
   3.01492882       3.75325847       3.82970166       3.71900034    
   3.01451826       3.76133418       3.79421449       3.70418835    
   3.01393318       3.76092458       3.81206727       3.63372707    
   3.01417518       3.75146627       3.80329084       3.64902997    
   3.01450515       3.75989246       3.77630067       3.69332385    
   3.01322412       3.77941084       3.77470112       3.69651175    
   3.01582074       3.79929256       3.77734876       3.71008110    
   3.01523709       3.78071594       3.76677632       3.72524261    
   3.01628733       3.78422022       3.75553679       3.76324081    
   3.01691151       3.78010368       3.77967405       3.75626993    
   3.01814413       3.76928091       3.78586245       3.73225474    
   3.01852894       3.79457402       3.77194738       3.74793816    
   3.01922011       3.79660773       3.79974270       3.74871469    
   3.01948500       3.79636407       3.82233953       3.75677252    
   3.01901054       3.79154873       3.82737708       3.77985764    
   3.01997447       3.79459500       3.83081770       3.76522803    
   3.02071190       3.79567409       3.79809904       3.78720403    
   3.02019954       3.79580212       3.78429723       3.77450013    
   3.02077484       3.79982615       3.77281189       3.77883315    
   3.02235055       3.78894806       3.75757194       3.79922819    
   3.02390218       3.78519821       3.76720500       3.76457238    
   3.02267265       3.79386091       3.76882553       3.74273276    
   3.02180171       3.78814936       3.74774241       3.76025558    
   3.02125192       3.77524185       3.73897767       3.76079631    
   3.02133346       3.76909137       3.74484897       3.76655865    
   3.02250051       3.77159214       3.73604584       3.75402737    
   3.02270103       3.78211427       3.75185204       3.75186992    
   3.02222919       3.78077364       3.75599861       3.74509954    
   3.02100945       3.78545260       3.77618432       3.73466897    
   3.02112651       3.79316592       3.75928617       3.75005651    
   3.02104712       3.80620122       3.76152754       3.74588513    
   3.02008677       3.81367207       3.74568558       3.74197841    
   3.02127242       3.82152557       3.75847387       3.72630692    
   3.02225637       3.81443071       3.76799464       3.74716377    
   3.02191782       3.80752230       3.75602531       3.71409822    
   3.02132106       3.79737306       3.77306724       3.70683217    
   3.02147317       3.79509449       3.76522064       3.71306443    
   3.02260637       3.79026580       3.76687264       3.70294309    
   3.02316093       3.79087472       3.76556492       3.72060585    
   3.02401280       3.80041957       3.76181340       3.72242975    
   3.02286148       3.80386472       3.75611234       3.72558522    
   3.02211142       3.80256748       3.76859403       3.72585893    
   3.02217793       3.79145312       3.76047778       3.72413635    
   3.02233887       3.78807425       3.77311969       3.68126941    
   3.02107882       3.77269506       3.76001644       3.69270110    
   3.02140665       3.76334763       3.75580049       3.68558335    
   3.02089310       3.76846457       3.77028728       3.68970799    
   3.02186966       3.76387000       3.78953314       3.69687986    
   3.02121353       3.78136206       3.81988382       3.71549177    
   3.02082634       3.77073240       3.83537531       3.73774076    
   3.02150774       3.77343988       3.83632827       3.78163862    
   3.02113438       3.77996111       3.85161710       3.74842501    
   3.02010465       3.79361320       3.81893778       3.76448011    
   3.02010942       3.77508450       3.79384518       3.76850414    
   3.01981235       3.78718758       3.82075000       3.77280164    
   3.02055025       3.78146410       3.81841898       3.74706912    
   3.02192140       3.78733706       3.82746768       3.75976157    
   3.02165699       3.77356148       3.81656837       3.73545408    
   3.02176142       3.76774359       3.79955506       3.74763775    
   3.02343249       3.77039385       3.81072879       3.76129961    
   3.02324128       3.77808237       3.80195856       3.78361273    
   3.02331614       3.78306413       3.79812789       3.79330015    
   3.02186275       3.79854918       3.79303193       3.75972772    
   3.01920700       3.80833220       3.77518559       3.76805162    
   3.01903367       3.80170584       3.79113317       3.78160143    
   3.01798058       3.81012607       3.79631972       3.78316903    
   3.01946807       3.81576562       3.81192136       3.78848362    
   3.01951981       3.81931520       3.81877255       3.78056455    
   3.02045059       3.81666112       3.81691194       3.77181649    
   3.01933408       3.82256150       3.81051850       3.74969268    
   3.01971769       3.82701898       3.81718040       3.70411277    
   3.01992822       3.82747984       3.81659818       3.71322083    
   3.01960802       3.82351899       3.79756737       3.71764946    
