              NaN              NaN              NaN              NaN
  -7.44008180E-03   8.39112909E-04   3.76331178E-03   4.27199621E-03
  -3.64294741E-03  -4.83344338E-04   3.32796015E-03  -2.85982573E-03
  -3.80278029E-03   2.06980132E-03   1.51928223E-03   4.66025015E-03
  -5.87795512E-04  -1.80762913E-03  -2.56915548E-04   1.47077721E-03
   9.84212942E-03  -4.27622674E-03   9.67166969E-04  -3.68788955E-03
   1.46435779E-02  -8.82461667E-03  -8.49820208E-03  -7.55580748E-03
   9.04638879E-03  -8.82440154E-03  -7.37647852E-03  -1.12875476E-02
   4.20641573E-03  -5.10845333E-03  -1.45095764E-02  -1.10799400E-02
  -1.73136323E-05  -7.51076825E-03  -5.43633895E-03  -1.12831509E-02
  -1.59153854E-03  -6.58575958E-03  -2.66146497E-03  -9.06195119E-03
  -7.80679809E-04  -7.50987511E-03  -1.20975822E-03   1.57565344E-03
   1.66082045E-03  -8.34147353E-03   6.07370492E-03   5.91026759E-03
  -1.94735167E-05  -4.84636752E-03   7.45248888E-03   5.64022223E-03
  -2.00472120E-03  -1.11093288E-02   7.12074246E-03   8.65869969E-03
  -3.50161083E-03  -1.23782465E-02   6.17169496E-03   2.77257082E-03
   4.05171467E-03  -6.94958307E-03   1.34522328E-02  -7.08179269E-03
   8.71670607E-04  -1.16073918E-02   6.37738546E-03  -6.81395736E-03
   2.47287401E-03  -1.03798583E-02   6.55139703E-03  -9.94081702E-03
  -3.79370828E-03  -8.08209926E-03  -5.66506479E-03  -3.28194094E-03
  -1.56024587E-03  -1.17557412E-02  -6.93338085E-03   9.25101340E-03
  -6.72999537E-03  -1.78821720E-02  -6.16134563E-03   9.20824893E-03
  -8.77253152E-03  -2.23787054E-02  -3.27432761E-03   6.46314351E-03
  -2.12426670E-03  -2.33739540E-02  -4.32656333E-03   1.03982175E-02
  -1.12392838E-04  -1.92047525E-02  -1.00989724E-02   1.90606583E-02
  -1.05276634E-03  -1.35280285E-02  -4.78698360E-03   1.59624945E-02
  -7.08706968E-04  -1.29765552E-02  -4.91597271E-03   1.30945174E-02
  -3.99146636E-04  -7.75894383E-03  -2.12087878E-03   1.65876150E-02
  -1.62822369E-03  -9.08946339E-03   1.85541176E-05   9.68590751E-03
  -4.69508534E-03  -9.10192262E-03  -3.55154602E-03   8.78219958E-03
  -5.71479555E-03  -1.25596346E-02   5.29266195E-03   2.10457537E-02
  -2.69138231E-03  -1.29398480E-02   5.67272026E-03   2.72785015E-02
  -5.81855606E-03  -1.35775423E-02   7.81512167E-03   2.19794624E-02
  -7.58787617E-03  -9.37545765E-03   7.50992866E-03   1.65431146E-02
  -1.02762980E-02  -4.83061699E-03   2.83258432E-03   2.45615412E-02
  -8.27140454E-03  -3.53861973E-03   8.28993390E-04   1.13560725E-02
  -7.29382504E-03   2.46556057E-03  -8.41824617E-03  -6.30911766E-03
  -5.84882917E-03   3.92612256E-03  -6.24937937E-03  -1.07267676E-02
  -5.73625462E-03   1.09796703E-03  -4.99104522E-03  -8.29678774E-03
  -6.24037534E-03  -4.12249146E-03  -7.34530343E-03  -1.45880543E-02
  -6.50493614E-03  -6.90160645E-03  -5.93032455E-03  -1.09459637E-02
  -5.66779822E-03  -5.74953295E-03   1.47572928E-03  -5.52569749E-03
  -8.34145769E-03  -8.68174306E-04   1.54043501E-03  -1.06333224E-02
  -4.53078607E-03   2.20204983E-03  -1.73003029E-03  -1.67336892E-02
  -3.57519370E-03   2.41340161E-03  -2.61611119E-03  -7.28076743E-03
  -8.41583312E-03  -2.10364116E-03   3.20586539E-03   5.62651781E-03
  -9.17755533E-03  -4.39079665E-03   7.00591318E-03   1.23938238E-02
  -7.93616567E-03  -4.27283160E-03   6.77974836E-04   1.39829172E-02
  -8.17750581E-03  -4.92717512E-03   4.12574457E-03   7.05342600E-03
  -1.20682279E-02  -4.08930564E-03   9.97761078E-03   7.82653969E-03
  -1.50084626E-02  -6.43168716E-03   9.99354105E-03   1.01156989E-02
  -1.26998704E-02  -1.04579823E-02   1.61308527E-03   6.62833266E-03
  -1.55900102E-02  -1.31148947E-02   5.71311126E-03  -2.55271187E-03
  -1.61524564E-02  -1.53632769E-02   1.05515926E-03  -3.71357589E-03
  -1.41842691E-02  -9.69989598E-03  -9.01690801E-05   1.91308081E-03
  -1.17287375E-02  -8.22433922E-03   1.62703462E-03   1.06056351E-02
  -1.57420821E-02  -8.82350095E-03   7.85844214E-03   7.44944112E-03
  -1.42369494E-02  -6.72939979E-03   1.28802806E-02   4.86214133E-03
  -1.43694757E-02  -4.26175166E-03   1.29833622E-02  -5.84623835E-04
  -1.32306432E-02  -3.72020132E-03   1.99291147E-02  -1.16512710E-02
  -1.70899145E-02  -9.57337033E-04   2.12189239E-02  -1.06564183E-02
  -1.47677194E-02  -4.31305682E-03   2.06939168E-02  -2.40991339E-02
  -1.41942026E-02  -6.28918223E-03   1.76336616E-02  -2.30878759E-02
  -1.05125541E-02  -1.59295357E-03   1.26202898E-02  -2.39247922E-02
  -1.12256715E-02  -3.65682272E-03   1.41093703E-02  -1.97076872E-02
  -1.02189491E-02  -5.92442229E-03   8.21040012E-03  -1.88545529E-02
  -9.39179678E-03  -1.06075471E-02   1.28146214E-02  -7.61720026E-03
  -9.21468809E-03  -9.09101870E-03   1.33128734E-02  -5.05783595E-03
  -6.63994160E-03  -8.48626252E-03   1.37568545E-02   1.22646652E-02
  -6.52444828E-03  -1.03868516E-02   1.45930918E-02   7.14943046E-03
  -3.10435938E-03  -8.20028316E-03   1.37244062E-02   1.44234095E-02
  -7.49245111E-04  -1.31178768E-02   1.32074310E-02   1.42925112E-02
  -1.05335622E-03  -1.87056735E-02   2.16148458E-02   7.13010691E-03
  -1.57874019E-03  -1.69740487E-02   1.74740590E-02   7.46221468E-03
  -4.05490492E-03  -1.55241173E-02   1.08759021E-02   1.03472695E-02
  -2.49428023E-03  -1.63516439E-02   1.06590018E-02   1.76610984E-02
  -1.85704953E-03  -1.80009957E-02   1.32674687E-02   1.07051646E-02
  -9.14749457E-04  -1.45339267E-02   1.26444232E-02   1.93470176E-02
  -3.27390479E-03  -1.48411095E-02   6.52411953E-03   1.72119234E-02
  -4.42607468E-03  -1.17205568E-02   1.37130148E-03   2.47969590E-02
  -4.58406704E-03  -6.66258857E-03   3.03012622E-03   3.72116752E-02
  -5.47495810E-03  -1.00271935E-02  -1.96345049E-04   3.86801250E-02
  -3.52256349E-03  -8.32228269E-03  -5.96113503E-03   3.72834355E-02
  -1.51681737E-03  -1.23586552E-02  -1.79764256E-03   3.52242030E-02
  -1.86512771E-03  -1.76700912E-02  -5.05686086E-03   2.74313409E-02
  -3.28432792E-03  -1.39276525E-02  -1.38699701E-02   3.15940641E-02
  -2.79437914E-03  -1.56688448E-02  -1.46466801E-02   3.04044355E-02
  -5.27404889E-04  -1.29463710E-02  -7.15767220E-03   3.28578949E-02
  -6.07779075E-04  -9.92084388E-03  -3.93204810E-03   3.14503498E-02
  -1.77861401E-03  -1.15195801E-02  -2.23354646E-03   2.89056953E-02
  -2.62270798E-03  -1.81031078E-02  -9.44798719E-03   2.33915150E-02
  -3.59887024E-03  -2.07826216E-02  -9.12778080E-03   1.65937115E-02
  -3.22005781E-03  -1.88930761E-02  -7.02012284E-03   1.26554249E-02
  -4.30800999E-03  -2.39934642E-02  -9.05930437E-03   1.91147625E-02
  -4.15583188E-03  -2.21587904E-02  -1.03946030E-02   2.71194763E-02
  -3.56416288E-03  -2.79841162E-02  -5.05711092E-03   2.21109297E-02
  -3.39437788E-03  -2.48486083E-02  -8.29253253E-03   3.13269300E-03
  -5.01762098E-03  -2.26070452E-02  -5.10311686E-03  -6.45249709E-03
  -6.76875794E-03  -2.63020974E-02  -1.34080192E-02  -1.44193741E-02
  -9.01753735E-03  -2.30023060E-02  -1.45523092E-02  -1.90942679E-02
  -7.32254516E-03  -2.23392788E-02  -7.84590654E-03  -8.27783067E-03
  -7.02502113E-03  -2.60273423E-02  -4.70935367E-03  -1.78914156E-03
  -7.43095251E-03  -2.25163773E-02  -1.67981926E-02  -6.33823592E-03
  -5.85202267E-03  -2.83127762E-02  -2.30263639E-02  -4.90127364E-03
  -5.95134636E-03  -2.88498215E-02  -2.05520429E-02  -1.45237353E-02
  -4.96461149E-03  -2.51897313E-02  -1.65248942E-02  -1.69478934E-02
  -5.45824459E-03  -2.61145849E-02  -1.61652602E-02  -1.93879697E-02
  -5.49822487E-03  -2.19911579E-02  -1.16765844E-02  -2.26986427E-02
  -7.11670704E-03  -2.27331836E-02  -7.70869385E-03  -1.60025246E-02
  -5.81325777E-03  -2.22107396E-02   6.07517501E-03  -2.00353377E-02
  -7.39394687E-03  -2.51494180E-02   1.19170332E-02  -2.81240921E-02
  -8.67753662E-03  -2.65998598E-02   1.09738959E-02  -3.61792222E-02
  -8.32353532E-03  -2.84821820E-02   1.36975246E-02  -2.93953381E-02
  -6.32076804E-03  -2.78410055E-02   1.56680997E-02  -2.24806312E-02
  -6.78736949E-03  -2.34993882E-02   1.51231568E-02  -2.05493886E-02
  -4.67241649E-03  -1.43629657E-02   2.21015550E-02  -1.90552678E-02
  -5.42395841E-03  -1.63380522E-02   1.65641215E-02  -1.18924789E-02
  -5.22836018E-03  -1.69060193E-02   2.29113065E-02  -7.64930807E-03
  -5.37349004E-03  -1.72127187E-02   2.26468928E-02  -4.10245312E-03
  -6.77135726E-03  -1.22175869E-02   1.86250340E-02  -2.13710894E-03
  -6.75511220E-03  -1.33297713E-02   2.22902000E-02  -8.95709824E-03
  -5.34063112E-03  -1.15994317E-02   2.33529564E-02  -1.06332265E-02
  -5.28663071E-03  -9.67394281E-03   2.73489691E-02  -6.01196988E-03
  -4.78278054E-03  -1.00279776E-02   2.74118930E-02   1.66707742E-03
  -4.52902261E-03  -7.75882974E-03   3.02791074E-02   1.59769703E-03
  -4.80618095E-03  -9.35407914E-03   2.64872499E-02   5.00454614E-03
  -4.57758317E-03  -1.16714276E-02   3.17692012E-02   5.24684787E-03
  -4.55650268E-03  -9.06797778E-03   2.73574796E-02  -3.13646439E-03
  -4.43138834E-03  -1.48723051E-02   2.35931445E-02  -5.71015407E-04
  -4.58801212E-03  -1.22888330E-02   2.51373798E-02  -1.06825074E-02
  -6.59586024E-03  -1.33794975E-02   2.02805642E-02  -4.00050636E-03
  -9.14292596E-03  -1.41823422E-02   1.69901922E-02  -5.19839954E-03
  -8.06950312E-03  -1.68747548E-02   1.29356077E-02  -3.45923472E-03
  -5.52876340E-03  -1.17252646E-02   1.03355180E-02   3.89096071E-03
  -6.57815114E-03  -1.52670760E-02   4.45817318E-03   1.91063853E-03
  -6.51542749E-03  -1.65582988E-02   4.00833227E-03   1.78438393E-04
  -7.90919922E-03  -1.38594732E-02   6.42744126E-03   4.75084363E-03
  -7.84745626E-03  -1.15821017E-02   8.30231141E-03  -2.36387108E-03
  -7.16103660E-03  -1.00923758E-02   1.15672043E-02   2.45203986E-03
  -7.24720256E-03  -1.30990082E-02   1.93989482E-02   7.16909626E-03
  -6.73189480E-03  -1.25452951E-02   1.82923600E-02   2.17582183E-05
  -5.95379202E-03  -1.30392993E-02   1.65401418E-02  -6.14323374E-03
  -5.05679566E-03  -1.18982196E-02   1.42015694E-02  -8.75812117E-03
  -6.39274763E-03  -1.33294510E-02   1.09337904E-02  -9.20726825E-03
  -6.74237357E-03  -1.07134469E-02  -8.43635935E-04  -5.79259265E-03
  -6.89191092E-03  -6.16465090E-03   1.81281450E-03  -5.21696871E-03
  -6.27705967E-03  -8.76460690E-03   8.07564589E-04  -7.96978176E-03
  -6.54823333E-03  -1.64963845E-02  -5.14084660E-03   7.33666681E-03
  -5.26122889E-03  -1.80229675E-02  -5.24156913E-03   6.28185784E-03
  -6.37589768E-03  -1.73832066E-02  -4.09509114E-04   9.36942548E-03
  -6.86141010E-03  -1.19474204E-02  -2.99056270E-03   4.11945023E-03
  -7.90091138E-03  -1.27901156E-02   8.41512927E-04   2.92055006E-03
  -6.66471105E-03  -7.32862623E-03   2.94410693E-03   3.51194246E-03
  -6.89283712E-03  -5.41796768E-03   2.45171809E-03  -4.93829604E-03
  -7.88498390E-03  -4.95297136E-03   6.16932102E-03  -1.67586852E-03
  -8.58729612E-03  -1.66113023E-03   9.45589039E-03  -3.96256521E-03
  -8.25406425E-03  -1.73363846E-03   8.52749497E-03  -2.72834045E-03
  -8.17421079E-03   1.76306290E-03   7.78496359E-03   2.56679533E-03
  -7.99266342E-03   4.65681404E-03   1.98952667E-03  -3.70806269E-03
  -7.47701712E-03   5.56360185E-03  -2.61608209E-03  -5.32142306E-03
  -7.93481804E-03   2.92232982E-03   8.59712891E-04  -1.70618780E-02
  -8.20815656E-03  -1.62872631E-04   4.26589930E-03  -6.14728453E-03
  -8.12875293E-03  -2.32386193E-03  -7.89477304E-03  -4.46489872E-03
  -6.52925996E-03  -8.68872087E-03  -9.97445313E-04  -3.74403526E-03
  -5.33396704E-03  -1.96987367E-03  -5.23254415E-03   2.89514835E-04
  -4.48684022E-03  -2.83413683E-03   7.75369536E-03  -2.71881325E-03
  -5.00162644E-03   8.12209328E-04   1.25732217E-02  -3.34941782E-03
  -5.76561969E-03   2.37879320E-03   6.02740375E-03   5.13305701E-03
  -3.98435863E-03   2.68810871E-03   6.72334153E-03  -2.72083766E-04
  -3.80758778E-03   9.51211993E-03   1.12728523E-02   4.79021808E-03
  -2.74153869E-03   4.22190689E-03   1.31527428E-02  -3.63696832E-03
  -3.44194309E-03   5.89427073E-03   1.95138417E-02   1.48215902E-03
  -3.67516698E-03   3.28757707E-03   1.58709642E-02   5.06441342E-03
  -3.37464688E-03   2.28108227E-04   1.62397940E-02   8.28632712E-03
  -2.49436288E-03  -6.28160080E-04   1.42012797E-02   8.66699871E-03
  -2.09067808E-03   2.46757129E-03   7.85475690E-03   1.63383521E-02
  -3.60144163E-03   5.65971108E-03   7.32635241E-03   3.16826180E-02
  -3.37497168E-03   3.14383348E-03   1.52204838E-02   3.34161296E-02
  -2.29283795E-03   1.86107971E-03   1.86128970E-02   2.91352924E-02
  -8.68834672E-04   4.25498030E-04   1.58180743E-02   2.45984122E-02
  -1.33414433E-04  -9.72820504E-04   7.54022365E-03   2.77739465E-02
  -1.72253815E-04   5.99745021E-04   1.32621387E-02   2.70315073E-02
  -8.77556158E-04  -1.04050431E-03   9.73936170E-03   2.17403546E-02
  -1.36736606E-03   7.44462479E-03   2.01035105E-02   2.38866787E-02
  -1.47994922E-03   4.31176880E-03   1.55153479E-02   1.33677032E-02
  -3.09005566E-03  -2.62129703E-03   1.08080376E-02   1.51281264E-02
  -4.83924989E-03  -5.32426639E-03   1.51782082E-02   1.59883555E-02
  -4.74893115E-03  -2.65109097E-03   4.84240428E-03   1.87107790E-02
  -3.40659497E-03  -1.89991624E-04   2.77153333E-03   1.14538921E-02
  -2.60023470E-03   4.05340409E-03   7.91933574E-03   7.28322705E-03
  -2.25359038E-03   4.03090892E-03   8.32865015E-03   1.00267502E-02
  -5.62048110E-04   7.89791625E-03   6.20785728E-03   1.47475088E-02
   4.56733193E-04  -2.12032683E-04   8.00525211E-03   1.77112613E-02
  -2.25100288E-04  -9.98514704E-04   1.12212105E-02   1.08630536E-02
  -9.76748182E-04   2.55999877E-03   9.96617693E-03   7.43577257E-03
  -5.72866935E-04   4.74237232E-03   1.23498859E-02  -1.09944865E-03
  -2.08015367E-03   4.85183531E-03   6.07225054E-04  -5.24665276E-03
  -1.57554599E-03   5.36816800E-03   8.26761872E-03  -7.35980785E-03
  -2.41727987E-03  -2.28944467E-03   7.59638567E-03  -5.55991009E-03
  -1.97401876E-03  -3.68044339E-03  -2.92244903E-03  -3.97567172E-03
  -8.77546263E-04   2.76330952E-03  -9.16484091E-03   9.40416881E-04
  -1.39323424E-03  -1.49421277E-03  -1.29180839E-02  -1.35109294E-03
  -2.09893798E-03   2.34695617E-03  -1.65960807E-02   1.26549238E-02
  -3.32761067E-03   8.62915628E-03  -1.41303260E-02   1.65278185E-02
  -3.70300282E-03   3.64036928E-03  -8.38350132E-03   2.89551113E-02
  -5.53152012E-03   7.95189943E-03  -7.33230170E-03   3.87771763E-02
  -5.15168719E-03   6.42687362E-03  -9.42317210E-03   2.68358905E-02
  -4.48208721E-03  -3.59049649E-03  -1.26674706E-02   1.50927519E-02
  -3.73754115E-03  -1.19975274E-02  -1.28595205E-02   3.34565877E-03
  -3.22888209E-03  -1.29684778E-02   5.27493947E-04   1.49613973E-02
  -2.13050167E-03  -1.35567421E-02   6.95493398E-03   2.98152049E-03
  -1.63542514E-03  -1.39170755E-02   1.69975706E-03  -2.06141011E-03
  -1.35001901E-03  -1.19375866E-02  -4.13838774E-03  -3.35991709E-03
  -6.31453702E-04  -8.25956929E-03  -7.40735035E-04  -1.25302477E-02
  -1.63031358E-03  -1.25039024E-02   1.15928482E-02  -1.01895127E-02
  -1.89486903E-03  -1.76190492E-02   1.32319164E-02  -1.17243957E-02
  -1.91972870E-03  -1.16409333E-02   1.74230933E-02  -4.97921929E-03
  -2.52256449E-03  -3.42127075E-03   1.15940934E-02  -4.86099580E-03
  -4.13238769E-03   4.23571467E-03   3.51807172E-03  -5.47904940E-03
  -6.83382293E-03   2.14001001E-03   6.00854633E-03  -2.99695740E-03
  -6.91769645E-03  -1.60751608E-03   1.35971382E-02  -5.30857826E-03
  -7.04808347E-03   4.36052820E-03   1.63563807E-02  -5.50533831E-03
  -6.57771761E-03   4.85201133E-03   1.54377855E-02  -1.39908202E-03
  -6.15984062E-03  -1.81296538E-03   1.07391076E-02  -1.00247366E-02
  -5.82120800E-03  -2.46337173E-03   1.54245496E-02  -7.51609495E-03
  -5.19767636E-03  -1.07536511E-03   1.31580904E-02   1.38334639E-03
  -7.64392829E-03   3.72172473E-03   1.04757519E-02  -2.23115625E-04
  -7.48533057E-03   3.56426695E-04   4.45357710E-03  -9.18195583E-03
  -7.06561143E-03  -2.53613782E-03   3.39958048E-03  -1.21471249E-02
  -7.05405977E-03   2.21895846E-03  -8.85482505E-03  -1.14921955E-02
  -5.32691088E-03  -3.61399888E-03   7.02744909E-03  -1.11241825E-02
  -5.38851134E-03   6.77773904E-04   7.48404721E-03  -1.75833087E-02
  -5.72209200E-03  -2.46231956E-03   1.29823107E-02  -1.60412174E-02
  -5.59342373E-03   2.73712678E-04   1.51666701E-02  -1.82434265E-02
  -5.81016997E-03   6.80213189E-03   1.83524210E-02  -1.77644361E-02
  -5.65995229E-03   2.24565761E-03   1.29907234E-02  -1.72700621E-02
  -6.14876766E-03  -2.78369291E-03   6.11852808E-03  -1.63674224E-02
  -6.65535312E-03  -1.94593624E-03   9.77793615E-03  -1.40856998E-02
  -7.46689457E-03  -1.16352318E-03   1.22450180E-02  -1.22160222E-02
  -7.37642264E-03  -4.11459059E-03   1.18837012E-02  -1.75980814E-02
  -6.04218058E-03  -1.83713692E-03   1.72734503E-02  -2.14767400E-02
  -6.00388646E-03  -4.29456122E-03   1.58900209E-02  -1.94085874E-02
  -5.82717732E-03   2.62479880E-03   1.25531806E-02  -1.93240885E-02
  -6.61391439E-03  -9.17232037E-03   1.27021279E-02  -2.32301373E-02
  -7.39862025E-03  -4.66821156E-03   8.48601479E-03  -9.66061465E-03
  -7.17782322E-03  -4.23816359E-03   4.25786246E-03  -1.20675312E-02
  -1.06398771E-02  -4.14081383E-03   1.41087323E-02  -1.89191438E-02
  -9.32969898E-03  -5.76939480E-03   1.16993943E-02  -2.49807891E-02
  -9.82641988E-03  -3.22190952E-03   9.01112892E-03  -1.94152016E-02
  -9.08644963E-03  -1.06000938E-02   6.69619394E-03  -1.98359042E-02
  -8.99806805E-03  -1.31266899E-02   6.13231584E-03  -3.42550781E-03
  -1.03330724E-02  -1.40130250E-02   3.05390870E-03  -4.59134951E-03
  -1.15487687E-02  -1.55584663E-02   7.99922366E-03  -9.81061347E-03
  -9.49314050E-03  -1.36995278E-02   8.63499101E-03  -1.28488522E-02
  -9.64944623E-03  -1.06003713E-02   9.90912132E-03  -1.03430357E-02
  -9.22654383E-03  -9.64695867E-03   1.09521030E-02  -9.02569294E-03
  -8.67878366E-03  -7.20510306E-03   1.83909424E-02   2.34516265E-04
  -8.36304668E-03  -9.36234090E-03   2.03756560E-02   1.00585762E-02
  -9.52546764E-03  -1.02463746E-02   1.73859987E-02   2.91904924E-03
  -9.50656366E-03  -6.42135506E-03   1.13090482E-02   4.58284933E-03
  -9.42625385E-03  -2.25372566E-03   5.68914972E-03   7.34113017E-03
  -8.98610149E-03   6.55255339E-04   1.27417883E-02   1.74963393E-03
  -9.31280665E-03   3.04274028E-03   1.77905418E-03  -7.44300289E-03
  -7.84695894E-03   2.16368097E-03   1.65207814E-02   2.72666290E-03
  -8.03680997E-03  -1.23979175E-03   1.03107002E-02   3.61739832E-04
  -7.29315262E-03  -9.78254830E-04   7.13248504E-03  -7.72226648E-03
  -5.78183960E-03  -1.83315075E-03   5.56861423E-03  -3.04729864E-03
  -6.20459998E-03   6.08864975E-05  -3.43882828E-03  -2.96634552E-03
  -6.29041810E-03  -2.28915294E-03  -6.40919758E-03  -3.96758644E-03
  -6.19739946E-03  -1.15823029E-02  -1.16983298E-02  -9.37954988E-03
  -6.71889912E-03  -9.23224166E-03  -1.36846211E-02  -2.08908580E-02
  -5.99348312E-03  -7.88108911E-03  -7.55038299E-03  -2.43605711E-02
  -6.85965503E-03  -8.56955827E-04  -6.23041438E-03  -8.71080440E-03
  -7.60308700E-03  -2.73279031E-03  -8.41199048E-03  -5.25738532E-03
  -8.05831421E-03  -4.03385656E-03   4.75282955E-04   1.27411718E-02
  -7.75128929E-03  -6.30031293E-03  -2.92893127E-03   1.14056822E-02
  -7.99484737E-03  -8.31889175E-03  -1.46668369E-03   6.26687752E-03
  -7.96884019E-03  -9.54330806E-03  -9.77982953E-03   1.72303047E-03
  -7.07765063E-03  -1.59170851E-02  -1.12050874E-02  -1.30764209E-02
  -7.49098184E-03  -1.63207222E-02  -5.30676497E-03  -6.15348294E-03
  -8.00846331E-03  -2.01832801E-02   2.50477414E-03  -1.73228793E-03
  -8.60191416E-03  -2.09258683E-02  -1.71524624E-03  -8.58628191E-03
  -7.85747916E-03  -1.81872305E-02  -2.10912270E-03  -1.00596314E-02
  -8.56096670E-03  -1.47321280E-02  -5.36659127E-03  -9.17499699E-03
  -8.06136150E-03  -2.09662616E-02  -7.86750391E-03  -3.71749001E-03
  -8.40228610E-03  -2.88463496E-02  -7.75836781E-03   1.74660527E-03
  -8.40712339E-03  -3.00177019E-02  -1.40021965E-02   8.05821642E-03
  -8.64355173E-03  -2.65280083E-02  -8.08054674E-03   4.57963580E-03
  -8.56587477E-03  -2.46553309E-02  -4.14736848E-03  -4.23766556E-04
  -7.79744517E-03  -2.30648909E-02  -8.04538745E-03  -7.55925954E-04
  -7.70399068E-03  -2.56339125E-02  -1.33990329E-02  -2.69268360E-03
  -6.78784121E-03  -2.55499426E-02  -1.20901372E-02   1.76999085E-02
  -7.60105625E-03  -1.98301524E-02  -8.50068033E-03   2.25442182E-02
  -7.48589355E-03  -1.77915003E-02  -1.31041845E-02   2.21521016E-02
  -8.10886826E-03  -1.89003181E-02  -1.17710857E-02   2.05048341E-02
  -8.12651217E-03  -2.00261045E-02  -1.24040358E-02   7.37086311E-03
  -7.77526805E-03  -2.38334574E-02  -6.45774929E-03   1.10911923E-02
  -8.66677891E-03  -2.22000126E-02  -5.50951017E-03   8.51623621E-03
  -7.98392016E-03  -2.69092228E-02  -1.29977455E-02   3.49928695E-03
  -8.58787261E-03  -2.44563371E-02  -2.36220490E-02   4.55821725E-03
  -9.15094465E-03  -2.63007637E-02  -2.55877078E-02   1.62606575E-02
  -8.90376978E-03  -2.74698697E-02  -2.31706835E-02   7.46766897E-03
  -8.80814251E-03  -2.72832941E-02  -1.74632967E-02   1.01114251E-02
  -7.65442429E-03  -2.85445787E-02  -1.39130261E-02   1.78267825E-02
  -7.70563725E-03  -2.33531538E-02  -1.66031327E-02   2.00176928E-02
  -7.06618605E-03  -1.76650882E-02  -1.74664911E-02   9.43400338E-03
  -6.72206189E-03  -1.05909649E-02  -1.27395410E-02   2.36007967E-03
  -6.45573018E-03  -1.43719362E-02  -5.94528997E-03  -4.66714054E-03
  -5.59624238E-03  -2.34538447E-02   2.91858008E-03   1.80114224E-03
  -5.67447068E-03  -2.15976741E-02   8.97022989E-03  -1.88787077E-02
  -5.11384709E-03  -2.22904477E-02   1.03370864E-02  -1.14696091E-02
  -5.46402996E-03  -2.01466996E-02   2.65165768E-03  -1.60266031E-02
  -4.72602714E-03  -1.98611822E-02   5.32402098E-03  -9.76794120E-03
  -5.32686571E-03  -2.45609786E-02   6.13203784E-03  -1.09654302E-02
  -4.99727204E-03  -2.44287681E-02  -6.16672914E-05  -9.55882948E-03
  -4.60546976E-03  -2.07731426E-02  -8.85448477E-04  -5.35432948E-03
  -4.36330168E-03  -2.04564389E-02  -9.89496242E-04  -1.07298745E-02
  -4.01384942E-03  -1.83219854E-02  -1.16819260E-03  -5.10322582E-03
  -4.55862749E-03  -1.63951404E-02   4.19255951E-03   8.21244437E-03
  -4.13266942E-03  -1.78445373E-02   1.41531490E-02  -2.21782597E-03
  -2.97282659E-03  -1.84182692E-02   1.81109849E-02  -1.68404728E-03
  -3.92682338E-03  -1.99340414E-02   1.52808214E-02   3.10375332E-03
  -3.99456173E-03  -1.77388936E-02   1.60495862E-02   1.78657321E-03
  -3.76904593E-03  -2.04299614E-02   1.43667385E-02  -3.93714028E-04
  -2.96670757E-03  -2.11171396E-02   9.03941505E-03   7.99847394E-03
  -3.81476199E-03  -2.45811604E-02   1.86652876E-02  -3.29022924E-03
  -4.16875491E-03  -2.54259612E-02   2.83388142E-02  -3.94148752E-03
  -4.09765868E-03  -1.90249961E-02   2.92372257E-02  -6.92144642E-03
  -2.98654637E-03  -2.00925507E-02   2.35551894E-02  -1.03150858E-02
  -1.83529186E-03  -2.12041531E-02   2.83860397E-02  -7.64002092E-03
  -1.90412079E-03  -2.20477078E-02   2.99373288E-02  -7.11915409E-03
  -2.85440427E-03  -2.28233039E-02   3.05672344E-02   1.23921491E-03
  -3.79261933E-03  -2.08984241E-02   2.23436356E-02  -3.56790517E-03
  -3.70973977E-03  -1.81195475E-02   2.26120967E-02  -4.96091135E-03
  -2.82658054E-03  -1.48281557E-02   2.25762781E-02  -2.68164626E-03
  -3.69994459E-03  -1.47321820E-02   1.89443119E-02  -5.68445306E-04
  -2.97305407E-03  -4.95283026E-03   1.29440399E-02   7.08998879E-03
  -2.68350006E-03  -5.00624301E-03   1.78798065E-02   1.50908064E-02
  -3.44555033E-03   9.28651716E-04   1.76660214E-02   2.50049382E-02
  -2.30009807E-03   2.01575435E-03   2.25833524E-02   1.30531257E-02
  -2.60127895E-03  -3.86127271E-03   2.02362537E-02   8.31142999E-03
  -1.51189836E-03  -4.36331145E-03   1.82422511E-02   7.64777651E-03
  -2.03669118E-03  -5.00146858E-03   1.69710293E-02   4.05640481E-03
  -1.84245815E-03  -4.47324524E-03   1.50939189E-02  -1.29675516E-03
  -2.27807625E-03  -2.60858587E-03   1.58671308E-02   3.34081519E-03
  -2.18106690E-03   3.23914574E-03   1.06706088E-02   7.43434345E-03
  -2.52974150E-03   8.40400811E-03   9.21138190E-03   1.08287754E-02
  -2.63266475E-03   1.37248309E-02   1.24366051E-02   7.17164762E-03
  -2.74267420E-03   1.19909104E-02   1.19086830E-02   1.28590064E-02
  -3.28201428E-03   9.83711984E-03   1.60662364E-02   7.31598353E-03
  -3.98017513E-03   7.79582188E-03   1.74093917E-02   6.76751789E-03
  -4.12742840E-03   1.09990248E-02   8.58563837E-03   5.05427038E-03
  -2.89361435E-03   7.05356011E-03   3.25667742E-03   5.25171589E-03
  -3.48488265E-03   9.63586196E-03   5.30963903E-03  -2.85717146E-03
  -3.56859039E-03   8.49981792E-03   3.67328478E-03   2.43016426E-03
  -3.40887252E-03   1.41463019E-02   5.03139803E-03  -4.92050732E-03
  -3.01383925E-03   1.48422960E-02   6.29778579E-03  -7.12784054E-03
  -2.62266118E-03   1.24048842E-02   4.96020261E-03  -1.46299112E-03
  -2.73179123E-03   8.98513664E-03  -2.54773628E-03  -8.45132396E-03
  -2.71863840E-03   1.08676711E-02   6.68515125E-03  -1.07834563E-02
  -2.84811598E-03   5.23507176E-03   4.24767053E-03  -9.35775042E-03
  -2.99619581E-03   5.43106813E-03   8.00349007E-05  -6.71459595E-03
  -5.21747116E-03   7.70225283E-03  -2.51376512E-03  -1.20156575E-02
  -6.14543119E-03   8.06382019E-03   3.94876814E-03  -1.29886828E-02
  -7.25837657E-03   7.86137953E-03  -2.34343301E-04  -2.11803149E-02
  -6.45846920E-03   9.42750368E-03   9.96632618E-04  -1.76757034E-02
  -6.02701399E-03   1.26108844E-02  -1.99291855E-03  -1.41558554E-02
  -6.18697610E-03   1.45886941E-02   4.68521030E-04  -2.13085897E-02
  -6.23328192E-03   1.09500345E-02   3.89875961E-03  -1.83480456E-02
  -6.69096829E-03   6.74937805E-03   4.31510247E-03  -6.80824229E-03
  -5.10515785E-03   4.54000616E-03   9.26186983E-03  -9.43952426E-03
  -3.77016305E-03   7.13132508E-03   6.45706546E-04  -7.23836338E-03
  -2.52542784E-03   1.04231229E-02   2.54904502E-03  -8.44354182E-03
  -1.33307336E-03   1.02378158E-02  -1.33808143E-03  -1.07306335E-02
  -8.82879598E-04   7.13575399E-03   4.64854389E-03  -1.01192817E-02
  -4.96063964E-04   1.21872220E-02   9.77680832E-03  -1.79466270E-02
  -6.37597928E-04   1.25431297E-02   1.63490679E-02  -2.62379106E-02
  -1.24422996E-03   4.63590445E-03   1.73982810E-02  -2.66981293E-02
  -2.01365328E-03   4.45949892E-03   1.63493045E-02  -2.39860937E-02
  -1.66930677E-03   5.92542114E-03   2.79049501E-02  -1.40474904E-02
  -1.50611345E-03   8.90642218E-03   1.99807119E-02  -1.43095050E-02
  -1.70578028E-03   9.87459254E-03   2.34043505E-02  -7.72244576E-03
  -1.51774718E-03   6.64803199E-03   1.45020438E-02  -1.52183073E-02
   1.53413275E-04   1.02339510E-03   7.14694476E-03  -1.99791864E-02
   7.07268700E-05  -4.33047535E-04   7.70081719E-03  -1.00635942E-02
   4.34095273E-04   6.85642444E-05   4.24107024E-03   4.47012644E-05
   3.55926168E-04   7.74397631E-04   7.38152070E-03  -7.10426318E-03
  -5.39691944E-04  -2.17707758E-03   3.33015854E-03  -1.16734616E-02
  -8.04155890E-04  -4.55192197E-03   3.90125904E-03  -4.57897084E-03
  -1.44802360E-03  -2.95570120E-03   4.97592054E-03  -1.14534302E-02
  -1.75417121E-03  -4.87226556E-04  -1.12732011E-03  -1.17324395E-02
  -4.61152114E-04   1.39525568E-03   8.34905449E-03  -4.54888726E-03
   9.30599694E-04   2.16644630E-03   1.00767585E-02  -3.25341290E-03
   1.70536467E-03   2.95820576E-03   3.95052088E-03   8.20608251E-03
   1.99895445E-03   8.36945954E-04   7.69072585E-03  -1.82247383E-03
   2.49831541E-03   2.00380920E-04   7.21414853E-03  -9.55491420E-03
   1.89673412E-03  -2.50794995E-03   6.56896643E-03  -1.06395651E-02
   1.97818689E-03  -5.00807958E-03   9.02621355E-03  -6.83588907E-03
   2.13888776E-03  -7.27955624E-03   1.29927052E-02  -2.84781680E-03
   2.21911795E-03  -7.03053363E-03   5.92184719E-03  -1.22100813E-02
   1.95393851E-03  -6.61704130E-03   7.60874304E-04  -9.02727805E-03
   1.08916871E-03  -4.59283171E-03  -3.84610659E-03  -2.59549404E-03
   7.85500975E-04  -4.86777723E-03  -2.91653327E-03   3.36829666E-03
   7.35144713E-04  -1.01511385E-02  -1.57945103E-03   1.29047763E-02
   1.41813525E-03  -4.99056838E-03  -8.14099144E-03   4.16626781E-03
   9.43227264E-04   9.86948377E-04  -1.33239673E-02   9.71184485E-03
   6.32137642E-04   5.25576575E-03  -1.41416248E-02   1.16469283E-02
   3.12113785E-04   5.16657997E-03  -1.18039986E-02   8.44892394E-03
   7.99075933E-04   3.20989941E-03  -1.00255767E-02   4.45514917E-03
   5.52880520E-05   6.40882761E-04  -3.02246190E-03   2.77821673E-03
   1.10803370E-03  -6.71352074E-03  -2.75568455E-03   4.52172756E-03
   1.75786449E-03  -2.11274694E-03  -5.33921644E-03   2.97041889E-03
   2.40677595E-03  -2.03587674E-03  -6.34240452E-04  -3.36973998E-03
   2.59404629E-03   7.42617389E-03  -4.61061136E-04   6.30100723E-03
   2.82027130E-03   2.47226260E-03  -3.70301888E-03   7.24498741E-03
   2.93526589E-03   2.23825430E-03  -5.47840819E-03   1.40059451E-02
   2.98198662E-03  -3.29325744E-03   2.44254107E-03   1.52400611E-02
   3.14786332E-03  -9.46236483E-04   4.10610950E-03   1.51404077E-02
   1.82077195E-03   5.20814559E-04   5.56345331E-03   1.87034551E-02
   1.99915771E-03   2.57162974E-05   1.30981319E-02   1.99498869E-02
   2.38270825E-03   1.88798425E-04   1.25168888E-02   1.76393297E-02
   1.21048745E-03  -6.71680202E-04   9.32451151E-03   2.24621259E-02
   1.27824571E-03   1.37574947E-03   6.63651340E-03   2.08353419E-02
  -1.13152550E-04  -1.32818415E-03   6.16489677E-03   1.55790225E-02
   1.46964201E-04  -8.19001812E-03   8.68397113E-03   1.29268952E-02
  -1.72369226E-04  -3.86632048E-03   1.24784745E-02   1.06544076E-02
  -2.10464976E-04  -1.69558078E-03   1.66538078E-02   3.44369258E-03
   7.08500913E-04  -9.03870095E-04   1.89776458E-02   1.11872575E-03
  -2.53302802E-04  -3.77820083E-03   1.96294803E-02   1.08363328E-03
  -1.15318864E-03   3.06790136E-03   2.60197222E-02  -7.28287781E-03
  -4.89233411E-04   3.55262612E-03   3.43384929E-02   1.87061378E-03
  -1.18781708E-03   5.48289809E-03   2.62855422E-02   5.64926816E-03
  -1.23077526E-03  -5.20846574E-04   2.72812266E-02   6.11435389E-03
  -1.41270272E-03   3.99143994E-03   2.74612196E-02   9.60847363E-03
  -1.11978990E-03   5.79294143E-03   2.34701559E-02   1.46632083E-02
   7.60764635E-07   2.94131227E-03   2.38533560E-02   2.11859625E-02
  -5.96394821E-04   1.72421522E-03   2.02829652E-02   1.92236081E-02
  -6.35768811E-04   9.40267404E-04   2.67631765E-02   1.31502524E-02
  -1.84492761E-04   5.34132472E-04   2.53989119E-02   1.57790110E-02
   6.59947284E-04   4.51233529E-04   2.81178225E-02   1.22417016E-02
   1.04727608E-03  -2.77128187E-04   3.18682306E-02   5.32450760E-03
   9.37493693E-04  -1.56827562E-03   2.43870411E-02  -4.29033441E-03
   1.22483110E-03   2.41077761E-03   1.40644880E-02  -4.48372215E-03
   4.15688206E-04   6.40586391E-03   1.62292924E-02  -4.05066618E-04
   1.44065684E-03   5.02146874E-03   1.39221055E-02  -1.60549127E-03
   1.76975725E-03   4.47575375E-03   2.97646294E-03   1.80006726E-03
   1.36529549E-03  -2.82877916E-03   1.25256423E-02   1.08579574E-02
   2.33743782E-03  -6.97914837E-03   1.52872698E-02   6.15307770E-04
   2.29713740E-03  -1.10812141E-02   1.48633663E-02  -4.63927723E-03
   1.90260576E-03  -2.62699183E-03   1.22949313E-02  -1.14532812E-02
   1.90606550E-03  -4.08477290E-03   1.59203652E-02  -1.74159426E-02
   1.76965655E-03  -3.97899002E-03   1.44781256E-02  -6.72158552E-03
   1.46803039E-03  -7.32353609E-03   1.14989383E-02  -2.94910884E-03
   1.19184726E-03  -2.35817442E-03   1.79679617E-02  -1.02180587E-02
   1.59385661E-03  -7.87670538E-03   1.92102250E-02  -1.35460338E-02
   1.99207803E-03  -8.93811136E-03   2.17899848E-02  -7.64615973E-03
   1.21614756E-03  -7.89932813E-03   1.30473841E-02   2.02187235E-04
  -1.23303907E-04  -3.72015964E-03   1.28904805E-02  -7.40874372E-03
  -3.63168510E-04  -8.73831566E-03   6.91314228E-03   1.41663617E-03
   3.10027273E-04  -4.02349792E-03   1.95547263E-03  -9.35005024E-03
   1.26172660E-03  -5.43960556E-03   9.51257069E-03  -1.34683643E-02
   1.47090759E-03  -9.72514413E-03   6.36236183E-03  -7.35761411E-03
   6.49739406E-04  -9.96263791E-03   5.71686681E-03  -7.68156303E-03
   1.32883852E-03  -5.02232788E-03   7.14492798E-03  -8.84708110E-03
   1.64652930E-03  -2.95735337E-03  -1.48662925E-03  -1.19293127E-02
   2.26491201E-03  -2.24606693E-03   2.79769464E-03  -5.63249039E-03
   2.56868079E-03  -3.79605964E-03   4.85777715E-03   1.06573175E-03
   2.88688112E-03   2.48031272E-03   7.96304829E-03  -8.77359533E-04
   2.96209170E-03   9.72729293E-04   8.24692566E-03  -6.67771045E-03
   3.02992924E-03   8.68269533E-04   1.05103310E-02  -4.13376139E-03
   3.12554254E-03  -1.03054021E-03   8.08569137E-03  -7.40472646E-03
   4.09015128E-03  -8.25362839E-03   1.04953395E-02  -9.59980581E-03
   4.43966873E-03  -7.02504534E-03   1.39507279E-02  -7.84524530E-03
   4.50021075E-03  -8.96927621E-03   2.31696889E-02  -1.27671717E-03
   4.57409676E-03  -5.59899118E-03   2.98054796E-02  -4.67444211E-03
   4.15574061E-03  -3.07233026E-03   2.03355234E-02  -1.49096723E-03
   5.46709262E-03  -4.75670071E-03   2.42248308E-02  -4.03385563E-03
   6.03140751E-03  -3.33647826E-03   1.87538732E-02  -7.40728434E-03
   4.71187942E-03  -5.16219111E-03   2.16156244E-02  -7.72657804E-03
   5.43342018E-03  -2.23282422E-03   2.55630463E-02  -7.48651475E-03
   6.15024194E-03  -7.80050317E-03   2.23849192E-02   5.97961247E-03
   6.00989256E-03  -8.81130993E-03   1.49262613E-02   5.69566560E-04
   7.15567684E-03  -9.59448051E-03   1.68220997E-02   3.41991708E-03
   8.24936852E-03  -1.25219179E-02   2.02332027E-02   1.38229560E-02
   7.53675681E-03  -7.47690955E-03   1.94516405E-02   1.89469606E-02
   7.79017946E-03  -1.39018632E-02   2.26961449E-02   1.13203563E-02
   7.24957697E-03  -9.87854600E-03   1.35151232E-02   5.06971404E-03
   7.89601170E-03  -1.49202449E-02   1.56563520E-02   3.84118198E-03
   7.07775587E-03  -1.69225428E-02   9.11044981E-03   1.29222209E-02
   7.33277667E-03  -2.07150280E-02   1.42258741E-02   7.40332110E-03
   6.86567742E-03  -1.47051392E-02   1.70028824E-02   9.28160618E-04
   7.23866932E-03  -1.62024740E-02   9.29956045E-03  -8.85359664E-03
   7.32336519E-03  -1.97811257E-02   1.22798625E-02  -6.60098623E-03
   6.78802375E-03  -2.63205636E-02   2.13658921E-02   6.44859578E-03
   7.30586378E-03  -2.97901314E-02   3.04144481E-03   1.12497481E-02
   7.06399651E-03  -3.33591588E-02   4.63026902E-03   1.25291888E-02
   6.88902382E-03  -3.70638594E-02   8.33137333E-03   4.31650737E-03
   6.77791750E-03  -3.33907120E-02   8.34859069E-03   7.01402640E-03
   6.46708068E-03  -3.40904258E-02   1.40074333E-02  -5.57631254E-04
   7.68097490E-03  -3.05802450E-02   4.96201916E-03  -4.23824997E-04
   7.87918642E-03  -2.39513014E-02   8.04510154E-03  -1.52850198E-03
   7.49949319E-03  -2.17746049E-02   8.79713148E-03   1.24206012E-02
   7.84085225E-03  -1.95881240E-02   2.95287650E-03   1.90438610E-02
   7.55801657E-03  -1.79638397E-02   2.76246341E-03   6.45064563E-03
   6.91752695E-03  -1.41996192E-02   1.01117352E-02   7.19949929E-03
   6.49561360E-03  -1.01418411E-02   1.34003675E-02   4.76578856E-03
   6.22142619E-03  -5.87287499E-03   8.41770601E-03   9.21258330E-03
   6.20974647E-03  -8.91585741E-03   3.63717531E-03   6.12321915E-03
   5.90740005E-03  -9.01927706E-03   3.91106354E-03   5.38895605E-03
   5.83652919E-03  -2.56415689E-03   5.54115977E-04   5.69638005E-03
   5.24509978E-03  -2.30723381E-05  -5.19251544E-03   2.90697091E-03
   4.99257259E-03   3.38356895E-03   5.87327348E-04   5.11891954E-03
   5.57442149E-03   5.60313789E-03   5.60288876E-03   1.44248584E-03
   5.77654410E-03   2.38292641E-03   3.82813998E-03  -5.10938186E-03
   5.81516977E-03   2.46838015E-03   7.03202561E-03  -7.27755157E-03
   5.02728531E-03   5.68280136E-03   6.94953045E-03  -7.58481864E-03
   5.78039279E-03   1.24790091E-02   1.18078934E-02  -4.36972734E-03
   5.90854650E-03   1.73936319E-02   2.64279358E-03   2.96058506E-03
   5.00277989E-03   1.91793852E-02  -6.43865950E-03   7.90663820E-04
   4.97423066E-03   2.08893809E-02  -5.18173072E-03  -1.88476127E-03
   4.54663392E-03   2.02656928E-02  -5.05986251E-03  -7.53874145E-03
   4.71457699E-03   1.78303141E-02  -1.31738867E-04  -9.35403071E-03
   3.41278361E-03   1.94286983E-02   1.00621267E-03  -1.94416549E-02
   2.68394477E-03   1.81870703E-02   2.27629743E-03  -1.41035002E-02
   2.92657386E-03   2.22927742E-02  -7.52103399E-04  -1.70294698E-02
   2.50698533E-03   2.52509546E-02   2.41897014E-05  -1.23467250E-02
   2.25216709E-03   2.01857183E-02   9.13317502E-03  -1.82867330E-02
   2.31079967E-03   1.54189579E-02   1.22705055E-02  -1.24524822E-02
   1.58640649E-03   1.51812499E-02   1.48149822E-02  -1.25307404E-02
   1.49281137E-03   1.00838672E-02   1.47443283E-02  -1.77030824E-02
   1.44101400E-03   1.18627753E-02   9.03054792E-03  -2.36134157E-02
   9.87840584E-04   8.51088297E-03   1.15309451E-02  -3.10978424E-02
   6.38352532E-04   1.30152134E-02   2.44187489E-02  -1.32897738E-02
   7.40189687E-04   1.77847315E-02   1.37118232E-02  -7.73813063E-03
   6.44132611E-04   5.94684016E-03   1.67316664E-02  -5.38579980E-03
   5.84570051E-04   5.97655913E-03   1.49020255E-02  -1.27460179E-03
   1.25148636E-03   1.68874185E-03   1.66252945E-02  -6.25211792E-03
   1.88498117E-03  -2.15243106E-03   1.20328665E-02  -6.12117164E-03
   2.53523490E-03   3.60117457E-03   7.90808909E-03  -8.75095651E-03
   1.93382311E-03   4.46091127E-03   1.20482249E-02  -4.35560057E-03
   1.56617886E-03  -5.82392653E-03   1.10889431E-02  -2.18785880E-03
   2.67420872E-03  -4.25667223E-03   1.36279464E-02  -1.06688170E-03
   3.30715324E-03  -3.01023526E-03   1.48577699E-02  -4.81200917E-03
   2.92993570E-03  -9.37245507E-03   1.36163691E-02  -6.58045011E-03
   3.11185932E-03  -1.09696193E-02   1.87384468E-02  -4.27309331E-03
   3.03149410E-03  -1.42887635E-02   1.27660828E-02  -1.15144961E-02
   2.62615224E-03  -1.43955452E-02   3.76586308E-04  -1.57228950E-02
   2.10173428E-03  -1.91610847E-02  -8.46626889E-03  -6.92334212E-03
   2.29629292E-03  -2.21279673E-02  -8.47336277E-03  -9.90633667E-03
   1.92581245E-03  -2.08733417E-02  -5.43926982E-03  -3.11518717E-03
   2.66220002E-03  -1.43681383E-02  -1.10365674E-02   3.93245416E-03
   2.55969353E-03  -1.13465209E-02  -7.02576898E-03  -2.52981693E-03
   1.41038606E-03  -8.77948105E-03  -1.44353732E-02   4.99792630E-04
   6.88140979E-04  -1.00653842E-02  -1.17677730E-02  -8.08335282E-03
   5.95357211E-04  -1.05722630E-02  -2.49690562E-02  -1.45151000E-02
   8.41375077E-05  -9.15819965E-03  -2.95161232E-02  -2.06031073E-02
  -6.49118738E-04  -1.37486821E-02  -2.66893953E-02  -1.10098915E-02
  -1.24480133E-03  -1.33690406E-02  -1.99742746E-02  -6.06865156E-03
  -1.17611676E-03  -1.38167134E-02  -1.62863676E-02   4.84118564E-03
  -1.53815257E-03  -1.66684482E-02  -1.64785907E-02   7.68710393E-03
  -7.47390208E-04  -2.12940332E-02  -2.23797951E-02   1.93654429E-02
  -1.15083007E-03  -2.35137958E-02  -2.46003326E-02   1.51900304E-02
  -9.85932420E-04  -2.02266462E-02  -1.86520312E-02   1.08083533E-02
  -1.74726461E-04  -2.19106860E-02  -1.63716059E-02   9.10860579E-03
  -9.40677593E-04  -1.61109753E-02  -1.22701563E-02   3.07176961E-03
  -4.20315569E-04  -1.74758174E-02  -4.86589130E-03  -7.69431121E-04
  -3.74096824E-04  -2.43268609E-02   2.54995958E-03  -1.17393816E-02
   1.32889269E-04  -1.93501133E-02   5.17951604E-03  -7.76861375E-03
   3.70569935E-04  -1.59804393E-02   6.80063246E-03  -8.77034571E-03
   1.82712116E-04  -1.61665995E-02   9.20998398E-03  -7.93024153E-03
  -7.84537551E-05  -1.40145104E-02   1.05284136E-02  -2.96226377E-03
   6.23570639E-04  -1.52390134E-02   6.22192724E-03   2.11792043E-03
  -1.63870369E-04  -1.86416805E-02   8.86715110E-03   4.54933004E-04
  -3.96475050E-04  -1.81433428E-02   5.87714417E-03   4.09899699E-03
  -7.65849138E-04  -1.43914632E-02   4.53939894E-03  -5.27107448E-04
  -1.33734744E-03  -1.36611322E-02  -4.26976150E-03  -4.95599862E-03
  -3.83512554E-04  -1.41132362E-02  -7.05575477E-03  -3.27905570E-03
   4.80736817E-05  -1.08286059E-02   3.82137927E-03  -7.67006166E-03
  -1.80715811E-04  -8.85014795E-03   7.11868005E-03  -1.24388272E-02
  -1.80120096E-05  -7.91160762E-03   4.00233548E-03  -1.00057479E-02
   6.73197967E-04  -1.04155410E-02   7.18667265E-03  -1.30449319E-02
   6.06125628E-04  -1.18357120E-02   1.29089216E-02  -1.25050889E-02
   8.46101786E-04  -9.05343983E-03   1.09771658E-02  -2.72211041E-02
   1.36128033E-03  -1.39105367E-02   9.46016982E-03  -3.07714567E-02
   1.17044186E-03  -6.84352219E-03   1.22214167E-03  -2.86028087E-02
   1.28016621E-03  -1.12478295E-02   3.78975621E-03  -2.25054212E-02
   1.57874695E-03  -6.55182311E-03   3.09243891E-03  -2.63777785E-02
   2.13419530E-03  -4.07019025E-03   1.94786800E-04  -3.36403623E-02
   2.13002786E-03  -2.34968215E-03   3.35122342E-03  -2.36642212E-02
   1.77415356E-03  -1.05493385E-02   3.63644864E-03  -2.43362412E-02
   1.79033738E-03  -9.95975919E-03   4.23691934E-03  -2.73140911E-02
   1.44012645E-03  -8.92826542E-03   4.33969777E-04  -2.06581503E-02
   1.35201309E-03  -1.01586096E-02   2.31961836E-03  -1.57463010E-02
   2.24931422E-03  -1.02146203E-02   8.12068232E-04  -1.95319559E-02
   1.91090791E-03  -7.79731525E-03   2.65422417E-03  -2.28092540E-02
   1.86967675E-03  -1.05961384E-02   3.58962431E-03  -1.94017421E-02
   2.61642225E-03  -6.75418181E-03  -2.44559045E-03  -1.02923140E-02
   1.80878304E-03  -8.12874082E-03  -1.32226141E-03  -1.17941163E-02
   7.35312235E-04  -3.87327000E-03  -4.73162625E-03  -1.22779906E-02
   5.59921900E-04  -7.20281014E-03  -8.05748068E-03  -1.50169851E-02
   8.69369542E-04  -1.48147845E-03  -2.12977966E-03  -1.35980994E-02
   1.41944736E-03   1.72310218E-03   4.58266772E-03  -1.20058116E-02
   1.66944577E-03   5.35522960E-03   5.27127553E-03  -8.03528726E-03
   1.83960830E-03   2.70013441E-03   9.00400337E-03  -1.10551566E-02
   2.28142017E-03  -8.01907794E-04   1.16582355E-02  -8.99293460E-04
   2.08118092E-03  -9.17561445E-03   1.07848728E-02   2.26259558E-03
   2.03921739E-03  -1.21322982E-02   2.81580701E-03   6.02242863E-03
   2.12307693E-03  -1.44321322E-02   4.91359970E-03   1.09195532E-02
   2.84872018E-03  -1.59282945E-02  -1.57368276E-03   1.37256859E-02
   3.24062048E-03  -1.00900894E-02  -3.00273928E-03   1.83708351E-02
   3.66238551E-03  -8.68209824E-03  -3.17948405E-03   1.66506786E-02
   4.11619525E-03  -9.81173571E-03  -1.00596845E-02   2.23862566E-02
   4.18143906E-03  -1.64707955E-02  -7.71351811E-03   2.40282323E-02
   4.32724366E-03  -1.70167144E-02  -9.83711518E-03   2.94002909E-02
   4.35911352E-03  -2.66385730E-02  -1.25979269E-02   1.59545746E-02
   4.23755823E-03  -2.49687359E-02  -8.49682838E-03   1.48677221E-02
   3.93795967E-03  -2.93779932E-02  -1.42754205E-02   2.77441950E-03
   3.69124440E-03  -2.55501289E-02  -1.36810178E-02   8.07560328E-03
   3.29280505E-03  -2.88105216E-02  -9.64533538E-03   1.31768398E-02
   3.37284338E-03  -3.33336778E-02  -4.62282589E-03   1.27803581E-02
   3.73939658E-03  -2.92932652E-02  -2.69440538E-03   2.26133992E-03
   4.32563154E-03  -2.59334128E-02  -4.52243770E-03   4.48536070E-04
   3.97018716E-03  -2.80692298E-02   4.56513651E-03  -8.21979810E-03
   5.05459681E-03  -3.02099120E-02   1.34639880E-02  -8.59041419E-03
   5.08747296E-03  -2.71707289E-02   1.06503442E-02  -6.71245763E-03
   5.53927245E-03  -3.44955996E-02   1.20241093E-02  -1.28494389E-02
   5.47555415E-03  -3.74370739E-02   1.43116647E-02  -1.38370031E-02
   5.83955180E-03  -3.42437476E-02   1.33247701E-02  -2.47248355E-02
   5.85374981E-03  -3.80793586E-02   8.29405431E-03  -1.27540678E-02
   5.41085191E-03  -3.60858589E-02   3.08195245E-03  -2.14126538E-02
   4.55826940E-03  -2.75611971E-02   8.06789100E-03  -1.84216220E-02
   4.98834765E-03  -2.47891825E-02   2.13574315E-03  -1.96528044E-02
   5.48478169E-03  -2.36834548E-02   4.51502716E-03  -2.65031438E-02
   5.42736333E-03  -2.54855566E-02   7.55832437E-03  -1.69991441E-02
   4.91843047E-03  -2.53086481E-02   7.41907815E-03  -2.13663410E-02
   4.38075932E-03  -2.75016930E-02   4.91667539E-03  -1.96044836E-02
   4.18883655E-03  -2.29449570E-02   1.81771000E-03  -2.28456799E-02
   3.94771434E-03  -2.17356309E-02   3.46415001E-03  -1.53665114E-02
   3.62652633E-03  -1.62265059E-02  -1.29418517E-03  -1.32572735E-02
   3.79346823E-03  -1.96595751E-02  -2.58073676E-03  -1.39126694E-02
   3.77210393E-03  -2.32595131E-02   1.61900721E-03  -2.48275418E-02
   3.88008053E-03  -1.89091358E-02   8.94393399E-03  -1.98743325E-02
   3.39096086E-03  -1.64090525E-02   1.84783004E-02  -2.67809369E-02
   3.16992402E-03  -1.28506459E-02   1.25455856E-02  -2.12519784E-02
   3.97179602E-03  -1.14244875E-02   9.37594660E-03  -1.44647956E-02
   4.60135518E-03  -1.30394436E-02   1.57404933E-02  -1.26883751E-02
   4.97488026E-03  -1.45268654E-02   9.15643945E-03  -1.41523117E-02
   4.97980416E-03  -1.86651945E-02   1.07795643E-02  -6.85623009E-03
   6.07932173E-03  -2.17208955E-02   9.35508125E-03  -1.06911373E-03
   5.76386508E-03  -1.80475935E-02   8.71735159E-03  -1.62215519E-03
   5.61536849E-03  -1.39859440E-02   1.22601883E-02  -7.50531768E-03
   6.04103645E-03  -1.31542971E-02   1.54383462E-02  -9.23975930E-03
   5.90160675E-03  -1.16934339E-02   1.58071648E-02  -7.66373985E-03
   5.29844686E-03  -1.26733081E-02   1.81566812E-02  -8.04604217E-03
   5.69530111E-03  -7.42858835E-03   2.50172447E-02   3.25153611E-04
   5.96971018E-03  -9.96657927E-03   2.76273247E-02   5.70825022E-03
   5.68710174E-03  -1.10229170E-02   3.30336913E-02   1.03980917E-02
   4.91806027E-03  -1.29940864E-02   2.46327892E-02   1.94514170E-02
   5.06982440E-03  -9.02099162E-03   2.10330430E-02   1.76250208E-02
   5.45919267E-03   5.17202216E-06   2.66081970E-02   1.93507168E-02
   4.65367781E-03   3.20282532E-03   1.95467062E-02   8.16316530E-03
   4.37030056E-03  -1.96206704E-04   2.03983840E-02   7.02248840E-03
   6.08276436E-03  -6.86711050E-04   1.99101530E-02   1.26660895E-02
   7.07685109E-03   1.25192897E-03   1.93127953E-02   1.00004636E-02
   7.22059794E-03   3.78398737E-03   1.30781494E-02   1.07121868E-02
   7.34423008E-03   6.82484824E-03   1.50868027E-02   1.24226213E-02
   7.16706458E-03   1.04608489E-02   1.88318696E-02  -4.62691719E-03
   7.35074608E-03   2.70591793E-03   8.37774295E-03  -4.35523363E-03
   8.17796029E-03   4.61931806E-03   8.32967460E-03   4.18993819E-04
   8.42771214E-03  -1.86958350E-03   3.02711362E-03   5.29152527E-03
   7.58334855E-03  -6.28979935E-04   6.48419047E-03   4.99815075E-03
   7.79612781E-03   7.24010926E-04   1.04628475E-02  -7.09730806E-03
   8.30534287E-03   2.42693117E-03   7.34758982E-03  -8.87323171E-03
   8.26553535E-03   2.08194135E-03   3.46583268E-03  -9.22348164E-03
   7.90519360E-03   3.01177870E-03  -6.04095217E-03  -1.09340632E-02
   8.35834071E-03  -4.06785449E-03  -2.07339250E-03  -4.91492776E-03
   7.61066796E-03  -5.49561111E-03  -5.41331712E-03  -1.50858518E-03
   8.10243469E-03  -3.67545802E-03  -6.90474547E-03  -7.32063688E-03
   7.61487149E-03  -6.97252154E-03   4.50753490E-04  -8.76995735E-03
   7.02409679E-03  -8.10080487E-03  -2.92432518E-03  -7.47713540E-03
   7.57466862E-03  -1.01262908E-02  -8.54035141E-04  -6.52185921E-03
   7.12965010E-03  -4.84765973E-03   7.34532531E-03  -3.40363756E-03
   7.31811533E-03  -3.89753864E-03  -6.69920933E-04   7.95971975E-03
   7.13121193E-03  -7.54976878E-03   8.93873721E-03   7.22587155E-03
   7.33547658E-03  -1.08933300E-02   3.03186290E-03   6.30365545E-03
   7.93834217E-03  -2.55510700E-03   3.23423836E-03   1.12717710E-02
   6.85034599E-03   9.46905857E-05   2.82831234E-03   1.03779845E-02
   7.47713074E-03  -3.36418219E-04  -4.05859260E-04   8.21265765E-03
   7.56239519E-03   1.24121632E-03   2.24510510E-03   4.20078542E-03
   7.17224879E-03   2.72947573E-03   6.35828450E-03   4.73330542E-03
   7.37585360E-03   1.55823727E-04   5.77348657E-03   8.68916977E-04
   7.00367521E-03   5.03841043E-03   3.18728108E-03   1.74621283E-03
   6.54048147E-03   4.10529645E-03   2.20267870E-03   2.41984427E-03
   6.19146647E-03   6.37503713E-03   4.46818257E-03   2.49140663E-03
   5.63354231E-03   4.90210624E-03   9.33325011E-03   8.93467851E-03
   6.18386921E-03   2.38416455E-04   9.33168922E-03   9.89617221E-03
   6.71536941E-03   1.79650472E-03   8.20910372E-03   3.91567824E-03
   6.50197361E-03   3.47955618E-03   7.86809623E-03   4.43953881E-03
   7.51887122E-03  -1.72736309E-03   6.42293738E-03   8.22484214E-03
   8.25658161E-03   4.24482656E-04  -3.87377251E-04  -4.05543577E-03
   8.29919893E-03   3.70588806E-03   2.97762151E-03  -4.33751242E-03
   8.57146829E-03   6.62364904E-03  -4.11047135E-03  -2.20900937E-03
   9.57611296E-03   7.28470786E-03  -5.94330835E-04   1.83602876E-03
   1.00056315E-02   6.48750411E-03   6.83521898E-03   7.85837974E-03
   1.05067929E-02   4.25542053E-03   6.14623958E-03   3.80553026E-03
   1.07889120E-02   2.34775222E-03   6.36326103E-03   3.93878389E-03
   1.10931713E-02   1.78344070E-03   4.59080888E-03   2.10307058E-04
   1.21323401E-02   4.15222347E-03   1.32743018E-02  -2.34843721E-03
   1.21390382E-02   3.27432388E-03   1.09814117E-02   3.77139979E-04
   1.17555792E-02   6.05530711E-03   6.33747969E-03   1.05534634E-02
   1.16257267E-02   5.15143061E-03   7.94340204E-03   2.90657801E-04
   1.10104596E-02   7.50828767E-03   1.25114927E-02   1.73118094E-03
   1.15617029E-02   5.51709766E-03   2.66495929E-03   9.25203844E-04
   1.34337144E-02   7.50951236E-03   5.64160198E-03   2.20749364E-03
   1.41624976E-02   6.71542762E-03   1.87408261E-03   1.87529193E-03
   1.42009044E-02   6.36352738E-03  -1.30859076E-03   8.12484417E-03
   1.39258662E-02   1.03957523E-02  -9.81819583E-04  -7.27131264E-03
   1.46650150E-02   5.99939004E-03  -2.21806322E-03  -8.91110336E-04
   1.46136023E-02   7.08553940E-03  -8.31237063E-03  -5.52492589E-03
   1.42135611E-02   9.92853940E-03  -4.67906939E-03  -5.58142690E-03
   1.40406676E-02   8.13429337E-03  -1.14524858E-02  -8.13150036E-05
   1.36428652E-02   1.20961852E-02  -1.33877778E-02  -1.96835143E-03
   1.39003424E-02   6.00918662E-03  -9.60951392E-03   5.09400968E-04
   1.37038184E-02  -3.81649879E-04  -7.47120520E-03  -7.55681482E-04
   1.36227692E-02   1.23442698E-03  -2.28345534E-03   1.40451477E-03
   1.34618860E-02  -2.51051947E-03  -4.58424771E-03  -6.80157123E-03
   1.40525876E-02   4.40164190E-03   2.97777867E-03  -9.23720468E-03
   1.40073635E-02   3.72322160E-04   1.54486275E-04  -8.19496997E-03
   1.47441607E-02  -2.09385646E-03   3.81391100E-03   2.50957411E-04
   1.56515911E-02  -3.98632325E-03   6.97619049E-03  -7.66695570E-03
   1.56293027E-02  -4.02695034E-03   5.48657437E-04  -1.20066665E-02
   1.56302545E-02  -2.85306713E-03   9.44514014E-03  -3.76676186E-03
   1.51639963E-02  -9.04246233E-03   1.56061612E-02  -5.26319491E-03
   1.47483833E-02  -7.34048337E-03   9.99335572E-03  -1.11009199E-02
   1.52520156E-02  -7.24101905E-03   1.10211158E-02  -4.64613223E-03
   1.54132387E-02  -1.03687653E-02   9.56293754E-03   3.20586865E-03
   1.53999487E-02  -1.27104428E-02   5.24074771E-03  -2.43131723E-03
   1.50201051E-02  -1.68616101E-02   6.47019781E-03  -1.15489438E-02
   1.51197035E-02  -1.29444664E-02   4.10077581E-03  -2.46753544E-03
   1.52919460E-02  -1.19598620E-02   3.34331300E-03   8.09113774E-03
   1.54070025E-02  -1.03468550E-02   5.39078563E-03   1.06058568E-02
   1.50136314E-02  -9.52187367E-03  -3.68624344E-03   8.22894834E-03
   1.54218581E-02  -1.04216244E-02   1.94810960E-03   2.17117704E-02
   1.53421005E-02  -1.49757704E-02  -5.45790652E-03   1.90746542E-02
   1.61491726E-02  -1.59015115E-02  -1.17942384E-02   3.57967662E-03
   1.59743428E-02  -1.68852452E-02  -8.71096551E-03   1.05721764E-02
   1.57914497E-02  -1.40390992E-02  -5.81455277E-03   3.12757591E-04
   1.62273310E-02  -1.74163878E-02  -2.82834144E-03   1.40443146E-02
   1.63185336E-02  -1.45438351E-02  -1.99424522E-03   1.70849003E-02
   1.57620031E-02  -1.38692968E-02   8.22615286E-04   9.59555712E-03
   1.52517511E-02  -1.12045156E-02   1.26897020E-03   6.74633263E-03
   1.56009207E-02  -9.90323257E-03   1.14928128E-03   1.25646312E-02
   1.50103429E-02  -9.94244870E-03  -1.05679296E-02   3.74748837E-03
   1.45166572E-02  -1.12204347E-02  -7.80929718E-03   4.17558569E-03
   1.47883669E-02  -1.13969138E-02   3.79670710E-05   3.89864505E-03
   1.41297281E-02  -1.37210693E-02   3.55693186E-03  -2.37395940E-03
   1.37185501E-02  -1.58525314E-02   2.67377635E-03  -9.48172994E-03
   1.41505003E-02  -1.70326699E-02   1.05246587E-03  -1.49834820E-03
   1.45939803E-02  -1.59564260E-02  -2.87224259E-03  -3.97554645E-03
   1.47382412E-02  -1.74210593E-02   4.05945769E-03  -5.58562577E-03
   1.51007567E-02  -2.11733058E-02   2.78874906E-03  -9.04215407E-03
   1.45298075E-02  -1.75850391E-02  -2.58103409E-03   1.09570136E-03
   1.41620487E-02  -1.57215763E-02   2.75400211E-03   7.05578178E-03
   1.48002766E-02  -6.48641912E-03   7.34065240E-03   1.41812712E-02
   1.43997921E-02  -6.31899294E-03   4.84897243E-03   1.26836142E-02
   1.48585420E-02  -1.06014116E-02   4.89151245E-03   6.61312882E-03
   1.48643246E-02  -9.16171074E-03   1.13189453E-03   1.36214346E-02
   1.52573464E-02  -1.83918537E-03   4.28664219E-03   1.17148627E-02
   1.50223868E-02  -1.16274219E-04   1.36760371E-02   1.40865957E-02
   1.47823822E-02  -1.46360393E-03   1.66916158E-02   4.05343436E-03
   1.40410475E-02  -3.90708772E-03   1.75136682E-02   8.74464680E-03
   1.40224900E-02  -4.64784913E-04   1.06338505E-02  -2.66241586E-05
   1.36187067E-02  -1.22210700E-02   5.31465886E-03  -9.77310725E-03
   1.37805548E-02  -1.33760469E-02   8.00411496E-03  -7.12777115E-03
   1.41953044E-02  -1.11937281E-02   6.24043681E-03   1.08295251E-02
   1.41214291E-02  -1.20546315E-02   2.60614045E-03   2.76918826E-03
   1.41068520E-02  -1.16232755E-02  -1.98731688E-03   1.52340513E-02
   1.38316890E-02  -1.84821039E-02   6.63211031E-05   2.05640029E-02
   1.45718260E-02  -2.24515349E-02   7.88575877E-03   2.08296757E-02
   1.38619058E-02  -1.60654690E-02   8.91284831E-03   1.51012288E-02
   1.44550353E-02  -2.05023233E-02   4.18333896E-03   1.68582201E-02
   1.43680247E-02  -8.83989967E-03   6.24051457E-03   6.89130975E-03
   1.45928878E-02  -1.21043362E-02   4.95211221E-03  -9.69889108E-03
   1.44279674E-02  -1.56241069E-02   2.69469782E-03  -1.65435020E-02
   1.38246594E-02  -9.86467954E-03  -1.99736888E-03  -2.32906602E-02
   1.41886761E-02  -1.04810875E-02   5.06046636E-04  -1.50964046E-02
   1.51420245E-02  -1.30623151E-02   1.02072116E-02  -1.20301535E-02
   1.55189466E-02  -9.50156245E-03   1.94380395E-02  -5.30906348E-03
   1.57388877E-02  -8.93974584E-03   1.40959322E-02  -2.31956528E-03
   1.59253664E-02  -8.54140706E-03   2.21786890E-02  -1.25353122E-02
   1.67298820E-02  -7.74792070E-03   1.77437924E-02  -1.26400609E-02
   1.72976516E-02  -5.83617017E-03   1.95349157E-02  -2.17396789E-03
   1.68938395E-02  -5.80896158E-03   2.30819881E-02  -1.35290716E-03
   1.77618377E-02  -6.75683515E-03   2.03476716E-02  -5.95049886E-03
   1.74459107E-02  -5.93270920E-03   2.70249434E-02   1.46770268E-03
   1.79022066E-02  -4.92321327E-03   2.01557726E-02  -1.61231984E-03
   1.84737854E-02  -5.16331894E-03   2.43915692E-02   3.93164228E-04
   1.80680212E-02  -2.23324564E-03   1.76717918E-02   2.68599717E-03
   1.75498277E-02   1.14341220E-03   1.50690563E-02   6.02415157E-03
   1.81086622E-02  -1.21653546E-03   1.10258646E-02   6.39673928E-03
   1.77130289E-02  -3.43804806E-03   7.72807328E-03   6.62472192E-03
   1.73930321E-02   3.97650665E-03   5.35162957E-03   1.02097858E-02
   1.74010713E-02   2.97537772E-03   1.62993115E-03   5.69844991E-03
   1.65897533E-02   2.28289724E-03   1.22061791E-02   3.72419856E-03
   1.66984554E-02   5.44767408E-03   1.35765970E-02   7.35764531E-03
   1.57986786E-02   2.63136183E-03   1.42583707E-02   3.33344680E-03
   1.56968217E-02   7.77896354E-03   9.99291334E-03  -3.17562302E-03
   1.61653161E-02   4.81658848E-03   1.24624642E-02   1.26697018E-03
   1.52730951E-02   7.89781567E-03   1.35361552E-02   5.07208426E-03
   1.51868425E-02   1.79715350E-03   2.14318391E-02   5.08406258E-04
   1.46125099E-02   5.42341033E-03   2.24335566E-02  -2.93814694E-04
   1.47911580E-02   4.09629615E-03   1.97699144E-02   1.24616111E-02
   1.53096002E-02   1.42645941E-03   2.00984143E-02   1.68515872E-02
   1.61860194E-02  -2.99512618E-03   2.31079310E-02   2.08758209E-02
   1.65769868E-02  -8.10143945E-04   1.92180518E-02   2.04556063E-02
   1.61767881E-02   2.45597214E-03   1.45879462E-02   1.47810429E-02
   1.58854909E-02   3.05520114E-03   1.31604346E-02   4.84454166E-03
   1.65285114E-02   4.87003848E-03   9.68263298E-03   1.38330488E-02
   1.70769449E-02   4.22270736E-03   5.01366053E-03   5.61030116E-03
   1.77374519E-02   1.06809288E-03   1.10834406E-03   5.90917887E-03
   1.69942919E-02   1.85966177E-03  -4.61547170E-05   9.49722901E-03
   1.73608959E-02   1.89156469E-03   8.39391025E-04   3.63746379E-03
   1.76329538E-02  -5.09353168E-03   4.63217637E-03   2.33070459E-03
   1.75138768E-02  -6.59662671E-03   9.09610838E-03  -2.02418072E-03
   1.71367656E-02  -7.50894239E-03   1.21216662E-02  -1.20826892E-03
   1.74380280E-02  -1.28273461E-02   8.51908419E-03   7.33556168E-04
   1.72849484E-02  -1.41475620E-02   7.43267220E-03   1.32056326E-03
   1.74039882E-02  -1.03596626E-02   6.95660245E-03  -2.02858006E-03
   1.74975581E-02  -8.07407498E-03   9.03085154E-03   4.27612523E-03
   1.68517306E-02  -7.94039806E-04  -6.11323107E-04   1.10037439E-02
   1.71914008E-02  -1.27659226E-03  -6.13004575E-03   4.33766143E-03
   1.66314337E-02  -2.39296816E-03  -5.99904638E-03   1.42969750E-02
   1.67335980E-02  -1.67066569E-03  -7.45888241E-03   1.28530776E-02
   1.64685026E-02  -1.75438530E-03  -2.52285693E-03   1.72076710E-02
   1.57025326E-02   7.56556680E-03   2.53528357E-03   1.85742173E-02
   1.53550580E-02   1.41765028E-02   1.27333694E-03   1.10724019E-02
   1.55780111E-02   9.86480340E-03   4.78316471E-03   9.87646915E-03
   1.70481931E-02   6.06316049E-03   4.10404941E-03   1.03357702E-03
   1.68782156E-02   8.51515401E-03   1.06181502E-02  -3.08077945E-03
   1.74014680E-02   3.76090733E-03   6.62247534E-04   6.42636884E-03
   1.78294666E-02   1.70330482E-03  -3.43029341E-03   1.00839939E-02
   1.87991038E-02   7.39730196E-04  -7.10533233E-03  -1.86332909E-03
   1.93874557E-02   2.59431382E-03  -9.10022110E-03  -2.81831861E-04
   1.95012428E-02   2.42121983E-03  -1.11689745E-02  -1.38610695E-02
   1.90907735E-02   4.67679556E-03  -9.97150317E-03  -1.30002638E-02
   1.88632160E-02  -8.30767793E-04  -6.85535045E-03  -1.07598100E-02
   1.88757200E-02   4.39306343E-04  -9.78642842E-04  -1.05673065E-02
   1.85061321E-02   3.77988489E-03  -7.81648885E-03  -1.27264392E-02
   1.81474946E-02   4.87847673E-03  -1.01142582E-02  -4.12993832E-03
   1.74808446E-02   5.60921244E-03  -1.03357313E-02  -9.53895506E-03
   1.79396160E-02   8.16881284E-03  -7.88006745E-03  -7.72511074E-03
   1.72532890E-02   4.14126232E-04  -4.15466540E-03  -1.41908396E-02
   1.74875632E-02   1.04939810E-03  -3.31553631E-03  -1.34090828E-02
   1.68286692E-02   4.26066481E-03  -2.74054066E-04  -1.02896914E-02
   1.63169857E-02   1.18239066E-02   9.18088539E-04  -1.53913107E-02
   1.66447945E-02   7.18732877E-03   7.81395193E-03  -2.02668924E-02
   1.66862626E-02   8.09225254E-03   5.49135171E-03  -1.73052363E-02
   1.65412501E-02   7.41760200E-03   3.40688415E-03  -2.16560345E-02
   1.74249820E-02   5.00384485E-03   6.58847252E-03  -1.70549583E-02
   1.75762214E-02   8.88946652E-03   7.26506393E-03  -2.07649115E-02
   1.76022369E-02   6.52496051E-03   1.31687662E-02  -2.05409955E-02
   1.74633544E-02   1.28208008E-03   1.01257507E-02  -2.05864403E-02
   1.73448473E-02   2.92497012E-03   1.34738917E-02  -2.49230899E-02
   1.64883249E-02  -2.50288006E-03   2.69582793E-02  -1.41236894E-02
   1.57759227E-02  -6.53641124E-04   2.84468010E-02  -1.10825766E-02
   1.55068748E-02  -6.40092068E-04   2.42258161E-02  -3.89534840E-03
   1.58488657E-02  -6.56375941E-03   1.71221253E-02  -1.06546087E-02
   1.58847049E-02  -7.90789258E-03   1.28788035E-02  -1.23023279E-02
   1.57621652E-02  -1.06786536E-02   7.94645865E-03  -1.11283353E-02
   1.53962597E-02  -5.82431490E-03   1.16906157E-02  -1.42129771E-02
   1.51457395E-02  -8.35990347E-03   2.23353393E-02  -1.18535459E-02
   1.55057898E-02  -9.47849639E-03   2.55814642E-02  -6.99995970E-03
   1.55637814E-02  -8.34713690E-03   1.25786904E-02  -5.81917493E-03
   1.52779585E-02  -9.62520577E-03   4.82040364E-03  -5.92796598E-03
   1.52778821E-02  -1.18587147E-02   3.31206084E-03  -6.63734879E-03
   1.56594068E-02  -9.98802204E-03   1.18136732E-02  -1.31212398E-02
   1.54686896E-02  -1.28431488E-02   1.79768912E-02  -9.94499587E-03
   1.48604820E-02  -9.12214257E-03   2.12758780E-02  -2.41091195E-03
   1.46028716E-02  -7.40322703E-03   2.26194561E-02  -4.95131919E-03
   1.46116531E-02  -8.03232752E-03   2.60369368E-02  -8.43740813E-03
   1.51682477E-02  -7.95603264E-03   3.73367071E-02  -9.66532622E-03
   1.51573978E-02  -1.41336061E-02   3.89607772E-02  -3.65630863E-03
   1.53294224E-02  -1.13777630E-02   3.21121514E-02  -1.06605189E-03
   1.60969868E-02  -1.20926285E-02   2.88693346E-02  -5.62756183E-03
   1.65656973E-02  -1.12711955E-02   3.42080817E-02  -1.05072279E-02
   1.70707814E-02  -1.14586744E-02   3.12364101E-02  -9.85321309E-03
   1.69526059E-02  -1.17589198E-02   3.01014632E-02  -1.51063846E-02
   1.65188927E-02  -5.82158146E-03   2.77220961E-02  -8.33703391E-03
   1.69477388E-02  -6.36614813E-03   2.81620398E-02  -1.26322992E-02
   1.67575553E-02  -1.01185981E-02   2.68438235E-02  -5.25524002E-03
   1.55101875E-02  -5.84304566E-03   1.87359657E-02  -2.87249219E-03
   1.59491152E-02  -6.41453033E-03   1.56799071E-02   1.25880493E-03
   1.71259400E-02  -2.23196112E-03   1.11630131E-02   6.30670926E-04
   1.76310930E-02  -1.32497738E-03   9.55064874E-03  -2.26911332E-04
   1.71794556E-02   1.56819937E-03   7.47825671E-03   5.92927122E-03
   1.67544000E-02   1.87062440E-04   7.93294795E-03   1.97746642E-02
   1.64745674E-02  -8.76792241E-03   2.38047959E-03   2.30644383E-02
   1.67870745E-02  -5.91011206E-03   3.07278289E-03   2.37123799E-02
   1.71859898E-02  -4.92407614E-03   1.64549414E-03   2.06246115E-02
   1.68771613E-02  -3.25178751E-03   1.31494564E-03   1.35111669E-02
   1.71692148E-02  -3.86920827E-03   9.75287333E-03   4.93924506E-03
   1.71411745E-02  -3.90328048E-03  -6.91203075E-03  -3.64739657E-03
   1.74679663E-02  -8.39825999E-03  -3.11138778E-04  -1.19435890E-02
   1.74703579E-02  -6.59988169E-03  -8.05967767E-03  -3.84621392E-03
   1.69875585E-02  -8.56772624E-03  -1.35254739E-02  -1.32499319E-02
   1.67608503E-02  -1.22900521E-02  -6.59177918E-03  -7.89286289E-03
   1.77028254E-02  -1.58143062E-02  -1.10683748E-02  -2.38144235E-03
   1.80297438E-02  -1.17645152E-02  -6.38971943E-03   1.43855473E-03
   1.81860719E-02  -8.74893833E-03  -1.35353347E-02  -8.22244212E-03
   1.89641416E-02  -4.78645088E-03  -1.77750960E-02  -2.76116934E-03
   1.86223723E-02  -4.78988327E-03  -1.08827557E-02   6.45598862E-03
   1.85207855E-02  -1.38232000E-02  -1.26315476E-02   7.90776219E-03
   1.86099336E-02  -1.08606331E-02  -1.28715988E-02   1.55252777E-02
   1.87179372E-02  -5.00459783E-03  -1.43315569E-02   1.63774360E-02
   1.98954549E-02  -6.00720011E-03  -5.14923967E-03   2.82391943E-02
   2.02032924E-02  -5.45015465E-03   6.21480693E-04   2.41198950E-02
   1.94624439E-02  -1.35478470E-03  -1.48253900E-03   2.12372337E-02
   1.97468232E-02  -1.56679295E-03  -1.76160596E-03   2.89977603E-02
   2.00882200E-02  -2.55926047E-03  -3.35622067E-03   2.40750797E-02
   2.00140141E-02  -1.79212156E-03   4.69906535E-03   1.42213674E-02
   1.86555274E-02  -3.01744090E-03   1.00236461E-02   1.40965814E-02
   1.83802191E-02  -2.98286695E-03   1.15713952E-02   1.97135471E-03
   1.90291815E-02  -5.20461472E-03   6.15756260E-03  -2.93109939E-03
   1.86872352E-02  -9.05714184E-03   3.55479610E-03   6.64433884E-03
   1.88490823E-02  -1.44417351E-03   4.32923250E-03   6.11390965E-03
   1.89997833E-02  -1.58126792E-03   3.51040321E-03   9.56467260E-03
   1.88138336E-02   1.80988252E-04   6.74154609E-03   2.29418371E-03
   1.81383044E-02  -4.40012198E-03   4.84425807E-03   2.13541486E-03
   1.81031618E-02  -1.33048487E-03   1.07499231E-02   4.73442400E-04
   1.78390071E-02  -1.20299181E-03   1.63488593E-02   1.07263809E-03
   1.82363931E-02  -5.50906640E-03   1.62041821E-02  -2.78417463E-03
   1.78802889E-02  -2.27766286E-04   1.07060727E-02  -1.09671745E-02
   1.81190409E-02  -2.86274502E-04   8.43780208E-03  -1.38593772E-02
   1.86403356E-02  -2.99477973E-03   2.81984336E-03  -1.47939054E-02
   1.91095006E-02  -1.04182761E-03   1.10534858E-03  -1.15427962E-02
   1.92308854E-02   5.21089509E-03  -6.64534094E-03  -2.65046023E-03
   1.92535166E-02   4.96704271E-03  -5.27853193E-03  -3.78209190E-03
   1.92405917E-02   6.52987184E-03  -1.82081177E-03  -1.20194617E-03
   1.86674222E-02   2.30504759E-03  -6.13455940E-03   1.47438422E-03
   1.86783988E-02   6.11008657E-03  -5.45780594E-03   7.47104594E-03
   1.86806861E-02   2.57503765E-04  -1.58486684E-04   5.07833948E-03
   1.83272287E-02   5.33983065E-03  -7.55498651E-03   1.71477569E-03
   1.83231290E-02   8.18579178E-03   1.26475364E-03  -7.49657676E-03
   1.85455177E-02   1.08140493E-02   3.89156933E-03  -4.99183871E-03
   1.79574955E-02   1.05129117E-02  -4.83103003E-03  -1.27440346E-02
   1.78490616E-02   8.08943808E-03   1.15134884E-02  -8.80262814E-03
   1.84466653E-02   7.28236092E-03  -2.17234905E-04  -6.72977604E-03
   1.83727797E-02   9.04321577E-03  -1.70079956E-03  -2.51363148E-03
   1.75054707E-02   1.01094851E-02  -5.60487062E-03   1.75392808E-04
   1.76279638E-02   5.86693501E-03  -7.57814571E-03  -2.50789989E-03
   1.76953338E-02   1.02899978E-02  -9.78025515E-03  -6.84705214E-04
   1.81472581E-02   1.29049858E-02  -1.24259861E-02  -1.40278190E-02
   1.77093055E-02   4.58534295E-03  -6.44509122E-03  -1.38493711E-02
   1.73791870E-02   4.82781837E-03  -8.71723052E-03  -1.63959805E-02
   1.72943342E-02   8.78141448E-03  -4.84030665E-04  -1.83607768E-02
   1.75038446E-02   6.25403924E-03   1.65254343E-03  -8.60638916E-03
   1.71032306E-02   5.07418951E-03   6.92931749E-03  -1.22003742E-02
   1.72406640E-02   1.22855522E-03   9.30301845E-03  -1.39175523E-02
   1.77227333E-02  -1.64230610E-03   1.44822954E-03  -7.34285172E-03
   1.68685000E-02   1.70034310E-03  -1.06345005E-02  -2.61022826E-03
   1.70471631E-02   2.81444215E-03  -1.16345901E-02  -1.88409351E-03
   1.71215143E-02  -7.45105674E-04  -8.81447550E-03  -1.53862475E-03
   1.68679375E-02  -7.88370892E-03  -1.09899500E-02   1.82703324E-03
   1.64086614E-02  -5.89344557E-03  -8.68354645E-03  -3.62320803E-03
   1.65140964E-02  -6.07710052E-03  -9.82380752E-03  -8.35464988E-03
   1.66779663E-02  -1.84509228E-03  -7.88375922E-03  -1.65659636E-02
   1.66728962E-02   6.01719599E-03  -2.79252394E-03  -1.20548299E-02
   1.63803902E-02   3.38236429E-03  -6.25668617E-04  -5.00700437E-03
   1.57612208E-02   6.16177497E-03  -1.97324506E-03  -1.23855686E-02
   1.59678292E-02   5.28999092E-03   5.91659127E-03  -1.81467719E-02
   1.55338142E-02   6.90711988E-03   1.18636591E-02  -2.13506282E-03
   1.54960062E-02   5.04785404E-03   4.63551749E-03  -4.52470407E-03
   1.57972258E-02   4.73316340E-03   9.62268654E-03   3.94207751E-03
   1.58484932E-02   4.51300107E-03   9.11414344E-03   8.93996842E-03
   1.64321959E-02   4.84630605E-03   1.40736327E-02   1.30172847E-02
   1.62186474E-02   7.58599909E-03   1.81543976E-02   7.73949642E-03
   1.57535356E-02   6.12909999E-03   1.92575064E-02  -2.30618333E-03
   1.51802134E-02   3.76507849E-03   2.01518945E-02  -7.57894525E-03
   1.50027303E-02   1.94247393E-03   1.56418551E-02  -1.74087957E-02
   1.48747880E-02   2.90350243E-03   1.74860116E-02  -2.12758798E-02
   1.56695060E-02   3.18812556E-03   1.41055919E-02  -1.35139683E-02
   1.56885479E-02   4.88133356E-03   8.00241064E-03  -1.86892599E-03
   1.57589465E-02   4.73751081E-03   9.39983502E-03  -4.78429161E-03
   1.56853236E-02   3.95329017E-03   4.71065426E-03  -1.03208572E-02
   1.59530286E-02   1.44501589E-03  -6.81298226E-03  -8.46019015E-03
   1.50472196E-02   5.43540064E-03   6.00316655E-03  -1.09131671E-02
   1.46794654E-02   6.28983369E-03   7.76683446E-03   4.23009461E-03
   1.47024803E-02   1.09924264E-02   3.67050263E-04   2.69359094E-03
   1.47230132E-02   3.54583352E-03  -6.83029601E-03   8.34191684E-03
   1.44822812E-02   3.67758214E-03  -1.02699213E-02  -5.60826343E-03
   1.38672153E-02   5.35013806E-03  -1.30011244E-02  -7.67800072E-03
   1.39440726E-02   2.60609225E-03  -1.57442391E-02  -3.66829406E-03
   1.47110671E-02   1.69561396E-03  -1.68547723E-02  -4.46605729E-03
   1.48417195E-02   1.68820808E-03  -1.79983191E-02  -2.50030728E-03
   1.47623783E-02  -2.75011943E-03  -1.65904798E-02  -1.28426393E-02
   1.41364885E-02  -4.51709097E-03  -1.16434423E-02  -1.12997517E-02
   1.42052611E-02  -4.35494818E-03  -1.17881289E-02  -8.95205699E-03
   1.38593940E-02   5.33125596E-04  -1.11844782E-02  -7.80537026E-03
   1.46144694E-02  -4.76116361E-03  -7.93023035E-03  -4.12493339E-03
   1.56912711E-02  -2.60222401E-03  -4.33129212E-03   1.72855705E-03
