              NaN              NaN              NaN              NaN
   1.00000048       1.05312467       1.11085260       1.17488754    
   1.98935211       2.10154819       2.24334979       2.38749480    
   2.32353401       2.50617218       2.69462013       2.91153860    
   2.50532317       2.72927070       2.96399903       3.24028707    
   2.60774732       2.87962294       3.18093920       3.52396226    
   2.67319512       2.99229431       3.37577462       3.76665926    
   2.72033882       3.08432436       3.51878047       3.96761250    
   2.75817657       3.16560197       3.66643453       4.13268614    
   2.77822423       3.25383806       3.78838110       4.30535841    
   2.80923414       3.34106565       3.92760587       4.45852280    
   2.82327867       3.41270041       4.02396202       4.59274578    
   2.85642695       3.46633840       4.10520601       4.72291040    
   2.87573004       3.54201245       4.20587397       4.83361912    
   2.86649513       3.58781505       4.31865788       4.94984245    
   2.87053299       3.65296483       4.39728642       5.09729767    
   2.87952089       3.69979668       4.48067331       5.21146345    
   2.88811278       3.75646019       4.56619072       5.29348040    
   2.88890052       3.79396677       4.68829298       5.34072113    
   2.89978147       3.85480618       4.78405571       5.36798859    
   2.89806724       3.91871834       4.88485861       5.50795555    
   2.89882255       3.97497630       4.99167299       5.53051662    
   2.91204762       4.01737452       5.06974649       5.50229216    
   2.91972017       4.10296392       5.14282227       5.52649593    
   2.92997766       4.14431047       5.20817518       5.56301165    
   2.94183254       4.19610929       5.27317619       5.58739519    
   2.94305086       4.22289658       5.27955914       5.62094927    
   2.94009137       4.24795294       5.30934668       5.66128874    
   2.94212651       4.31254244       5.34425926       5.74141455    
   2.94693065       4.34174871       5.36461973       5.82540035    
   2.94795823       4.37681913       5.40757513       5.92551088    
   2.93803406       4.41566706       5.46028996       6.05632448    
   2.94057107       4.43996239       5.47138023       6.01449442    
   2.94226193       4.47912359       5.48271608       5.95149565    
   2.93729806       4.52389812       5.54145670       5.98011112    
   2.93373370       4.57874727       5.56414032       5.97604752    
   2.94364071       4.60519743       5.59208488       5.98554420    
   2.94612646       4.65127754       5.62653112       5.88888311    
   2.94207239       4.69543552       5.65684032       5.90263653    
   2.94437981       4.73980522       5.72141647       5.92472887    
   2.94967604       4.78985453       5.76365614       5.96985722    
   2.95168519       4.81538677       5.81036568       5.95962238    
   2.95290947       4.84938335       5.82928228       5.96283531    
   2.95237017       4.88198423       5.83293152       5.97388792    
   2.95233130       4.88959885       5.84827280       5.92500877    
   2.95032096       4.94290447       5.85203600       5.94803095    
   2.95302248       4.95536900       5.94794559       6.04002714    
   2.94780469       4.96365643       6.00021839       6.05950832    
   2.95291471       4.99673605       6.06751919       6.06637383    
   2.95485926       5.03511000       6.09808636       6.08163071    
   2.95758438       5.03677893       6.12012386       6.15252304    
   2.95544147       5.04825401       6.15271282       6.18563604    
   2.96989202       5.09321547       6.14810848       6.15350056    
   2.96504188       5.12423944       6.16043377       6.19323826    
   2.96174026       5.13792467       6.14261913       6.21118736    
   2.96487498       5.17541265       6.06307840       6.26991367    
   2.96669841       5.21764040       6.13004065       6.29021931    
   2.97142434       5.22212791       6.05539370       6.39310217    
   2.97432089       5.23947287       6.08289671       6.36800241    
   2.96995831       5.25251245       6.11723948       6.21268606    
   2.97122240       5.30355549       6.05277824       6.10949469    
   2.97354293       5.33483553       6.01266146       6.10509729    
   2.97466826       5.33166313       6.01833487       6.12708282    
   2.97175002       5.33561230       6.08623695       6.07884932    
   2.96698737       5.40183735       6.14969873       6.15190077    
   2.97212052       5.36220646       6.12802362       6.14076138    
   2.97766948       5.35012150       6.13157082       6.12281990    
   2.97607708       5.40119696       6.12660646       6.12115669    
   2.97768450       5.41461849       6.09848595       6.18076038    
   2.97989583       5.41692924       6.03507328       6.09435558    
   2.98692155       5.45373249       6.05287361       6.15708208    
   2.98914623       5.50120735       6.01854038       6.16563988    
   2.98930407       5.48119736       6.02627373       6.10533762    
   2.98773694       5.53450775       6.04505634       6.15496349    
   2.98198056       5.51351786       6.06046677       6.20803690    
   2.98455620       5.50459337       6.02436018       6.23612452    
   2.98138809       5.56770611       6.02271223       6.21033955    
   2.98333812       5.60601234       5.98063946       6.24315739    
   2.98379564       5.64688587       6.07522535       6.15537977    
   2.97846842       5.70827007       6.07843399       6.11902046    
   2.97820115       5.74013615       6.07023191       6.06881952    
   2.97541571       5.74910927       6.06258488       6.04714775    
   2.97701502       5.73980236       6.13067675       5.99876261    
   2.98031592       5.77524042       6.09749031       5.96495104    
   2.97575283       5.79817772       6.06217384       5.99790812    
   2.97585416       5.78890657       6.06008530       6.02830076    
   2.97874403       5.80407667       5.95139599       6.07200241    
   2.98288083       5.83144474       5.95932817       6.12517595    
   2.98292494       5.85836554       5.91104746       6.04070377    
   2.98095489       5.87580585       5.86808920       6.06731987    
   2.98385119       5.86728811       5.88086510       6.15321207    
   2.98324704       5.85296249       5.87399244       6.07468176    
   2.98780727       5.88265944       5.85015488       6.08943605    
   2.98538780       5.90775251       5.88699961       6.11474466    
   2.98733950       5.84499359       5.94368362       6.14282703    
   2.98410153       5.85878801       5.93698835       6.07643414    
   2.98755646       5.86029243       5.98801374       6.12566566    
   2.98691702       5.85939026       6.02237988       6.18389702    
   2.99187255       5.85894823       6.00563335       6.17767143    
   2.99238014       5.88715124       5.99762154       6.21354103    
   2.98738790       5.91168070       5.93529129       6.15641451    
   2.98921347       5.98723459       5.87207508       6.14430523    
   2.98893166       5.94680691       5.97101927       6.12581968    
   2.98880434       5.92637587       6.04351330       6.13716698    
   2.98434377       5.97325611       6.09062529       6.17760181    
   2.98374343       5.97234488       6.09490490       6.26516819    
   2.98998117       6.01931715       6.11142921       6.22050714    
   2.98660588       5.98351574       6.11619186       6.19134903    
   2.98890662       5.98947525       6.10349798       6.14814711    
   2.98745680       5.97364855       6.11561728       6.09114408    
   2.98789310       5.99386406       6.03734016       6.11743784    
   2.98895264       5.95375776       6.07860947       6.16125107    
   2.98978448       5.92340899       6.06960297       6.18752146    
   2.99807787       5.91570711       5.98409510       6.14007378    
   3.00056195       5.94490051       5.97680759       6.16927814    
   3.00716257       5.92851591       5.88797569       6.20474195    
   3.00657344       5.92520714       5.89836884       6.31073236    
   3.00851107       5.92120552       5.92728376       6.31602907    
   3.00969410       5.89590597       6.00374079       6.26758242    
   3.01214337       5.91642094       6.04882717       6.27897310    
   3.01384950       5.90321159       6.02902555       6.16845798    
   3.01049924       5.84831476       5.85945702       6.10984278    
   3.00952339       5.83201599       5.89195013       6.10758448    
   3.01199102       5.82216692       5.77673960       6.20061588    
   3.00965595       5.82391119       5.77204037       6.22295952    
   3.01252246       5.80205584       5.79883194       6.28128242    
   3.01447177       5.78748846       5.81935978       6.26277733    
   3.01386285       5.80035353       5.85829353       6.21778297    
   3.01128817       5.85651636       5.91302347       6.23826218    
   3.00756669       5.90467548       5.88367319       6.22367191    
   3.01198530       5.86732292       5.92415380       6.23551416    
   3.00999546       5.92965221       5.94309092       6.27651119    
   3.01477551       5.98355389       5.94950628       6.17236757    
   3.01693487       6.00921488       6.00382614       6.16471243    
   3.01757526       6.03042603       6.07245588       6.17253447    
   3.01442337       6.01012564       6.03741980       6.19376183    
   3.01115656       6.02028179       5.97350502       6.13373852    
   3.01069832       6.00458813       6.03666496       6.22856665    
   3.00669289       6.00109482       6.00656796       6.26981974    
   3.00723147       6.04109001       6.02784634       6.24874067    
   3.00515556       6.07209015       6.08262205       6.23785305    
   3.00469255       6.10504246       6.09629107       6.23448229    
   3.00029182       6.08278561       6.04675770       6.24717855    
   2.99812770       6.07605696       6.08378029       6.23650074    
   2.99929833       6.07980919       6.13985682       6.32142448    
   2.99799395       6.11700583       6.08191824       6.36656189    
   2.99387193       6.17005825       6.14928913       6.33449078    
   2.99627638       6.17112589       6.16090679       6.25681782    
   2.99550390       6.14434290       6.10106611       6.26156855    
   2.99679470       6.15701532       6.13451242       6.19774437    
   2.99201703       6.15929174       6.07119179       6.10279226    
   2.99235749       6.12141085       6.11856031       6.23286772    
   2.99517679       6.10794163       6.13038397       6.17879868    
   2.99309015       6.08086300       6.17097759       6.20539618    
   2.98904276       6.05563688       6.18871927       6.15890026    
   2.98644137       6.02260113       6.20559263       6.16716385    
   2.98934722       5.94563961       6.23978710       6.09592772    
   2.98656917       5.94661236       6.30904102       6.15682030    
   2.98670149       5.94460058       6.24823856       6.04837751    
   2.99043560       5.97927856       6.27869844       6.13648558    
   2.99041224       5.98334455       6.19085169       6.13815403    
   2.98995519       5.92483568       6.19440508       6.11441565    
   2.98822331       5.93450260       6.12385798       6.11484241    
   2.99128270       5.93356419       6.11773539       5.99239969    
   2.99044323       5.92490959       6.12767696       5.98534012    
   2.99193430       5.94478941       6.12800598       5.96056318    
   2.99380231       5.94295502       6.10647249       5.99475431    
   2.99650741       5.97488356       6.10359097       5.99617243    
   3.00054145       6.03018856       6.09928036       6.00893450    
   3.00446129       6.06518316       6.06837988       6.02457571    
   3.00793123       6.08664417       6.06113482       5.97955847    
   3.00455713       6.09846258       6.05831814       5.96988344    
   3.00395346       6.10810328       6.06457424       5.96963072    
   3.00515008       6.10991621       6.04134655       6.00179243    
   3.00182748       6.13443708       6.07454205       6.02187157    
   3.00218749       6.09861469       6.00430632       6.02818632    
   2.99997306       6.09962988       6.04595041       5.98591232    
   3.00197768       6.08716774       6.05279446       6.04365206    
   3.00552034       6.14677811       6.09832907       5.96416473    
   3.01029539       6.08695364       6.07731533       5.93518209    
   3.00765562       6.09827995       6.06308985       5.92214060    
   3.00415683       6.09264183       6.09202814       6.01145172    
   3.00899982       6.09958506       6.01778507       6.05773830    
   3.01046133       6.14705610       6.01210022       6.15229464    
   3.01110387       6.12534475       5.98733521       6.13526583    
   3.01298094       6.12827635       5.96689510       6.11105299    
   3.01338077       6.16383266       5.96259356       6.11293554    
   3.01281881       6.20142460       5.91733885       6.02943993    
   3.01670504       6.20200682       5.92054272       6.00628996    
   3.01594472       6.13968945       5.92963791       6.04714203    
   3.01385212       6.14530993       5.95450687       6.08276129    
   3.01510215       6.15807724       5.92984772       6.03411579    
   3.01478553       6.17118406       5.95462418       6.02027893    
   3.01672840       6.11992502       5.94198132       6.09005308    
   3.01782489       6.13760662       5.96513605       6.09511137    
   3.01907682       6.14262962       5.91361952       6.07825232    
   3.02155685       6.15250254       5.94336081       6.17852259    
   3.02250981       6.14719629       5.93885088       6.20508528    
   3.02248621       6.15652275       5.98307323       6.18646383    
   3.02027869       6.17169857       6.00815058       6.24240255    
   3.01685715       6.19259024       5.90892696       6.11030674    
   3.01466393       6.19210815       5.94163799       6.06853056    
   3.01104212       6.20959759       5.93601370       6.02462101    
   3.00981069       6.14941883       5.87925673       6.07570887    
   3.00782013       6.20988894       5.88538790       6.06152010    
   3.00727415       6.17617178       5.89223671       6.06169033    
   3.01104116       6.20876837       5.94518566       6.05462074    
   3.01282930       6.23601007       5.92514229       6.05346870    
   3.01194549       6.20097160       5.91655922       6.05746746    
   3.01097918       6.24202538       5.87657309       5.98868942    
   3.01164150       6.17771101       5.86802053       5.99144268    
   3.01300740       6.18982983       5.87280560       6.08766270    
   3.00974131       6.18402433       5.92324018       6.01110888    
   3.00881863       6.17671824       5.97818947       6.00838089    
   3.00930619       6.12674665       6.06457472       6.01326466    
   3.00897241       6.05659485       6.08519077       6.04467583    
   3.00489163       6.05965042       6.12493181       6.04553938    
   3.00478601       5.99762535       6.08591938       6.03864527    
   3.00458884       5.99810839       6.04631233       6.00388718    
   3.00263953       5.95807648       6.04130268       6.08370161    
   3.00098014       5.96033382       6.13066244       6.02478504    
   2.99977303       5.96680164       6.03544855       6.04045343    
   3.00166941       5.99350882       6.01627398       6.05927753    
   3.00075912       5.98140335       6.03136826       6.07958174    
   3.00213027       5.95370579       6.07598305       6.03104019    
   3.00007248       6.00109911       6.06630564       5.98790312    
   3.00279903       6.01013136       6.10559130       6.00719881    
   3.00378680       6.00468874       6.07937717       5.95543003    
   3.00495529       6.02391911       6.09164667       6.00350332    
   3.00446939       5.98985434       6.06212139       6.03391314    
   3.00462270       5.99266529       6.06009674       6.13355684    
   3.00463939       5.94642115       6.05812836       6.12383747    
   3.00399995       5.92696428       6.00455761       6.13131857    
   3.00481296       5.94104147       6.00215912       6.14184189    
   3.00367856       5.93277645       5.97143698       6.20403767    
   3.00270486       5.98754120       5.99210453       6.18113136    
   3.00489521       6.02484894       6.01791811       6.13965464    
   3.00351954       5.98900509       6.01798725       6.08273697    
   3.00523257       5.95155764       5.95113087       6.05812597    
   3.00681949       5.92926121       5.95059824       6.03455114    
   3.00610495       5.91187477       5.95035172       5.97655964    
   3.00618243       5.90094185       5.91262484       6.01841640    
   3.00592494       5.89384270       5.92386961       5.99774361    
   3.00456214       5.89456511       5.95258904       6.05610895    
   3.00605583       5.91100931       6.00008106       6.13570642    
   3.00360155       5.91117144       5.96074057       6.18484497    
   3.00213552       5.88999891       5.96457386       6.19655418    
   3.00556087       5.92759514       5.98716927       6.19110727    
   3.00426888       5.91259623       6.03736830       6.17066145    
   3.00454211       5.88842869       6.03076553       6.22093773    
   3.00332475       5.90695953       6.02437592       6.18988562    
   3.00397730       5.90449905       6.04097843       6.27001143    
   3.00316143       5.89202309       6.06213665       6.32628441    
   3.00588894       5.85787296       6.03689051       6.39607191    
   3.00394177       5.90483284       6.06114483       6.38451147    
   3.00376201       5.84593582       6.10288811       6.37726068    
   3.00198817       5.81062412       6.10185242       6.38162327    
   3.00229549       5.81191635       6.11353683       6.27416468    
   3.00071907       5.78467846       6.17639875       6.19504929    
   2.99947667       5.81858778       6.12556410       6.13979864    
   2.99780130       5.79825306       6.22230196       6.15478516    
   2.99682808       5.81477690       6.27055740       6.11418009    
   2.99441195       5.85866642       6.22768927       6.11492014    
   2.99439931       5.88192987       6.20941877       6.12093592    
   2.99281979       5.86547041       6.15731955       6.14636135    
   2.99203062       5.87398863       6.18852997       6.21547031    
   2.98938251       5.89606905       6.14289713       6.20678949    
   2.99097538       5.91453695       6.06634283       6.14859724    
   2.99199009       5.92004013       6.02922153       6.11833429    
   2.99684787       5.91493034       6.07019854       6.11657286    
   2.99602795       5.90829992       6.11415005       6.20091057    
   2.99796724       5.91725969       6.06027174       6.10773945    
   2.99471617       5.89842272       5.95148516       6.18203974    
   2.99508834       5.89229679       6.02535915       6.12886190    
   2.99646115       5.87768650       6.04733086       6.11010265    
   2.99863529       5.91338301       6.14058065       6.14942646    
   3.00039363       5.89914131       6.16400528       6.12199640    
   3.00053358       5.90767193       6.12966013       6.13948870    
   2.99697423       5.93519163       6.18243885       6.13689375    
   2.99949694       5.88384199       6.15516472       6.16375017    
   3.00279689       5.93248320       6.17698669       6.20797825    
   3.00198984       5.92444563       6.15325594       6.19175816    
   2.99743581       5.95080662       6.12787294       6.19501448    
   2.99944448       6.00163126       6.08631706       6.19151783    
   3.00184345       5.94839478       6.04780340       6.18932438    
   3.00156665       5.91872931       6.01281023       6.24487686    
   2.99996662       5.92252064       6.09278202       6.23932600    
   2.99788737       5.91014624       6.00884151       6.24400663    
   2.99927831       5.88492966       5.97562170       6.21233273    
   3.00043154       5.87078571       5.99713802       6.12140846    
   2.99556231       5.90199804       6.10759354       6.22019863    
   2.99616289       5.96257830       6.12074804       6.14597750    
   2.99441648       5.95352983       6.12012863       6.20450544    
   2.99456000       5.95911026       6.16967440       6.20196438    
   2.99331808       5.98456335       6.19030762       6.31783772    
   2.99600625       5.97643042       6.19198704       6.27534294    
   2.99494362       5.93604660       6.26149940       6.31282330    
   2.99455166       5.91689396       6.28642082       6.20166254    
   2.99717116       5.91211176       6.35355282       6.24252033    
   2.99957371       5.93969679       6.34702826       6.19409037    
   2.99862313       5.91520739       6.32982206       6.16305351    
   3.00127220       5.92916489       6.37347412       6.28004932    
   3.00270247       5.98433495       6.32301426       6.16103506    
   3.00378799       5.95687485       6.16139412       6.14009047    
   3.00623465       5.91850328       6.08408022       6.09230375    
   3.00614715       5.92226553       6.13089371       6.09918737    
   3.00403404       5.91709661       6.11703300       6.04469109    
   3.00278401       5.91293097       6.05635118       6.06691456    
   3.00263548       5.90425587       5.97158670       6.09929609    
   3.00318193       5.85140848       5.93629456       6.16016388    
   3.00607777       5.87023687       5.94237900       6.13090801    
   3.00872040       5.87851048       6.00990677       6.11857605    
   3.00735164       5.87051678       5.90621662       6.19523096    
   3.00406051       5.89448595       5.97076273       6.14361572    
   3.00147223       5.87975311       5.95003176       6.09254217    
   2.99995923       5.89004040       5.95724869       5.95234156    
   3.00227213       5.89551401       6.02755594       6.03735828    
   3.00427175       5.88341141       6.01766491       6.02538872    
   3.00575376       5.91854095       6.04551268       6.07069540    
   3.00434208       5.92124414       6.08541822       6.03004599    
   3.00147915       5.97567129       6.07411957       6.05275726    
   3.00079679       5.99482632       6.11595249       6.08442450    
   3.00062919       5.96614265       6.05762959       6.09673977    
   3.00098276       5.92430115       6.07850266       6.09457970    
   2.99807239       5.94419336       6.08828354       6.08840418    
   2.99592376       5.99463272       6.06490278       6.10822821    
   2.99528050       5.95962095       6.07685375       6.17989159    
   2.99588346       5.91975307       6.02769518       6.23080778    
   2.99871778       5.90016890       6.09546995       6.25373220    
   2.99898148       5.88745642       6.06359291       6.18596411    
   2.99612570       5.90549994       6.02016258       6.24024820    
   2.99827909       5.95474052       5.95150518       6.26919556    
   2.99741507       5.93082333       5.96847296       6.22596598    
   2.99716687       5.93880463       5.99786806       6.11827421    
   2.99591875       5.91353607       5.98067951       6.09047604    
   2.99630523       5.93510914       6.05963230       6.04457283    
   2.99593902       5.93501043       6.04884243       6.09001112    
   2.99584484       5.91054249       6.00134087       6.04713631    
   2.99700785       5.93013906       6.00908327       6.13193941    
   2.99675894       5.89933109       5.99036646       6.12549448    
   2.99533439       5.85565662       5.98057556       6.07460117    
   2.99725103       5.88109255       5.92658615       6.12121248    
   2.99827623       5.87182140       5.92124081       6.20131159    
   2.99777031       5.88952208       5.90593529       6.18651915    
   2.99869609       5.93668890       5.88722706       6.23097181    
   2.99958730       5.91219091       5.86864805       6.12555742    
   3.00259495       5.90967178       5.88770771       6.16815186    
   3.00171351       5.88362169       5.94702244       6.15641785    
   2.99835706       5.87925339       6.01980305       6.16994762    
   2.99464130       5.86820936       6.00083876       6.21920395    
   2.99591351       5.87064695       5.95211506       6.24378872    
   2.99510002       5.81477356       5.94643164       6.25843859    
   2.99597859       5.81851673       5.99132013       6.20386171    
   2.99460602       5.82898140       6.05181599       6.18158436    
   2.99539733       5.84525585       6.11437082       6.10400629    
   2.99361706       5.87470245       6.08662224       6.16177940    
   2.99272799       5.88973188       6.07751989       6.11689854    
   2.99252152       5.89758587       6.05313921       6.08718634    
   2.99245977       5.87120056       6.07280922       6.10382175    
   2.99194574       5.87677765       6.07816601       6.14727449    
   2.99086738       5.89158916       6.13609886       6.12492037    
   2.99061418       5.88204718       6.20154142       6.20310116    
   2.99335694       5.86454201       6.11049843       6.18718433    
   2.99351430       5.89295912       6.12841988       6.05933571    
   2.99500895       5.89811611       6.18548536       6.08044291    
   2.99018884       5.87717485       6.11136055       6.08885956    
   2.99306178       5.85918999       6.04723787       6.16671753    
   2.99359441       5.85075617       6.05135679       6.13644600    
   2.99572229       5.88117027       6.08727264       6.17695951    
   2.99602246       5.87087250       6.03011608       6.23922205    
   2.99639463       5.88887215       6.09576464       6.26940536    
   2.99408245       5.88087606       6.11488867       6.26624060    
   2.99623871       5.92433977       6.11844730       6.24661303    
   2.99793315       5.93862724       6.12839699       6.13945103    
   2.99936152       5.95190907       6.13417768       6.09867859    
   2.99757361       5.95182228       6.13998032       6.04844761    
   2.99618292       6.00228739       6.05569887       6.09750748    
   2.99778605       5.97895145       6.05167246       6.11508417    
   2.99852896       5.96103001       5.98987198       6.08818722    
   3.00045323       5.96182728       5.92226124       6.01856375    
   2.99948049       6.03977060       5.92735052       6.07664251    
   2.99921966       6.00376558       5.91038275       6.11029577    
   2.99902654       6.00497246       6.01373577       6.15763330    
   2.99825621       5.95568657       6.05736208       6.22090197    
   2.99701953       5.88896847       6.06523991       6.18315029    
   2.99856615       5.89017057       6.05596876       6.13284779    
   2.99945211       5.90796804       6.04430246       6.17380714    
   2.99628901       5.91685343       6.05096960       6.15584183    
   2.99947596       5.92190552       6.08229685       6.13697338    
   3.00126123       5.89601898       6.08152676       6.18530178    
   3.00218892       5.91542959       6.03453112       6.15822983    
   3.00232434       5.93968391       6.03431988       6.12210798    
   3.00182199       5.96874523       6.01982641       6.14671230    
   3.00400019       6.01212358       5.97255802       6.24057722    
   3.00155592       6.03144360       5.96409893       6.21841145    
   3.00064468       6.02355528       5.98280334       6.23473215    
   2.99955177       6.06242418       5.97344017       6.21369600    
   2.99933600       6.09757805       5.93496895       6.28196430    
   2.99905777       6.15963936       5.91540289       6.37856054    
   2.99719858       6.15896893       5.92173815       6.33831978    
   2.99705625       6.17053556       5.90529346       6.27972937    
   2.99986577       6.20132875       5.83591318       6.33843517    
   3.00000691       6.17965841       5.87102604       6.31200504    
   2.99929452       6.19673824       5.84974909       6.31432438    
   2.99789095       6.18746233       5.88741541       6.45318508    
   2.99744582       6.17597771       5.90381384       6.52533007    
   2.99772716       6.17037821       5.86763668       6.50370932    
   2.99662638       6.13223648       5.91395712       6.39863491    
   2.99823332       6.19452000       5.96924448       6.49525690    
   2.99630094       6.18105936       5.98943710       6.41888666    
   2.99694037       6.19710779       5.97928905       6.37139416    
   2.99632168       6.21447706       5.98360300       6.39241362    
   2.99578524       6.16666031       5.95709372       6.41912794    
   2.99651003       6.20360041       6.03970242       6.40924978    
   2.99801135       6.17271090       6.05510473       6.25913239    
   2.99579024       6.17337132       6.10718489       6.29561377    
   2.99576950       6.18490696       6.11625624       6.18109751    
   2.99356771       6.17873383       6.18119955       6.20560694    
   2.99539304       6.21668863       6.11184645       6.17303944    
   2.99645114       6.18249226       6.10097408       6.26459503    
   2.99620080       6.12774563       6.10509300       6.28502274    
   2.99517393       6.07834959       6.09750843       6.31660461    
   2.99464679       6.06453085       6.14858866       6.28142738    
   2.99602103       6.04445553       6.14717627       6.37886858    
   2.99669337       6.01928806       6.11921358       6.31953430    
   2.99494338       5.99271441       6.07418108       6.31333685    
   2.99580526       6.00931406       6.05564880       6.24643993    
   2.99579167       6.04001188       6.05501127       6.27656507    
   2.99497581       6.06343460       6.04447269       6.37492371    
   2.99443436       6.06071758       6.02367830       6.40915966    
   2.99411488       6.05715561       6.00222445       6.39810658    
   2.99316430       6.08398294       6.04025507       6.30647278    
   2.99194312       6.09860516       6.01764488       6.19695377    
   2.99333072       6.06190491       6.01827002       6.11701965    
   2.99143291       6.08448315       6.03425646       6.05096436    
   2.98891306       6.06122541       6.05317402       6.08734512    
   2.98737478       6.03837490       6.11861181       6.10401917    
   2.98708153       5.98986101       6.12216663       6.19792271    
   2.98734140       5.90526199       6.10270309       6.19368172    
   2.98740482       5.89953566       6.19414520       6.21840572    
   2.98570919       5.91009378       6.11252928       6.29713821    
   2.98714256       5.94186068       6.13630247       6.28206968    
   2.98720646       5.93088436       6.16366053       6.29639006    
   2.98708153       5.97215796       6.14903927       6.35449314    
   2.98702359       6.00438881       6.18056345       6.35872221    
   2.98905206       6.01952982       6.17074585       6.27489328    
   2.99087667       5.98823977       6.15379381       6.25691605    
   2.99131775       5.99362659       6.11849689       6.34342003    
   2.99085188       6.04357910       6.13242149       6.31499910    
   2.99462032       6.04233837       6.06288481       6.19423580    
   2.99365783       6.04856443       6.17049646       6.17548323    
   2.99584913       5.99708557       6.16318560       6.19339466    
   2.99558163       6.01307201       6.14559507       6.18433046    
   2.99557185       5.97929811       6.16564608       6.27521706    
   2.99711227       5.95817995       6.11830473       6.19651556    
   2.99650884       5.99357080       6.15619898       6.18759298    
   2.99786758       5.95536566       6.12279749       6.23895884    
   2.99696541       5.95516872       6.09179688       6.23402262    
   2.99530125       5.98745966       6.10765648       6.30876064    
   2.99592781       6.03180742       6.15695906       6.24810600    
   2.99692082       6.02458572       6.05526590       6.26660728    
   2.99866152       6.01611328       6.04641485       6.32553720    
   2.99869537       6.02168655       6.03675175       6.23640013    
   2.99897909       6.00158215       6.05279016       6.20573425    
   3.00050807       6.01351309       6.08481932       6.09443855    
   3.00145507       6.00646687       6.05092335       6.14954376    
   3.00190997       6.02214813       6.02789402       6.19999552    
   3.00360441       5.98936749       6.00009012       6.10348225    
   3.00300336       5.97283983       5.97586441       6.13869572    
   3.00327563       6.00511599       5.96706867       6.14340162    
   3.00556350       6.07792139       6.02996349       6.10066223    
   3.00421143       6.09875441       5.98778248       6.10773134    
   3.00403190       6.06324816       6.05378294       6.12217951    
   3.00550413       6.00897551       6.05657387       6.19389486    
   3.00584960       6.02242470       6.10163307       6.14263487    
   3.00600791       6.04648542       6.03033161       6.14215803    
   3.00450802       6.00431728       6.00483656       6.13921452    
   3.00383353       6.02524185       6.02321911       6.22980928    
   3.00488257       6.03982496       6.05936146       6.30105543    
   3.00670314       6.00013018       6.02897310       6.27671576    
   3.00509596       5.96830463       6.04505920       6.26916361    
   3.00649762       5.99326420       6.02980947       6.25731897    
   3.00572705       5.96490955       6.04445839       6.26192474    
   3.00764608       5.93224478       6.08021879       6.22978497    
   3.00858355       5.95019913       6.07745409       6.15858936    
   3.00936675       5.99216223       6.06749773       6.18053293    
   3.00847268       5.98576546       6.07566690       6.15322733    
   3.00685549       5.98304129       5.97543812       6.13745546    
   3.00740218       5.97425127       5.97762203       6.00825214    
   3.00498462       5.96933222       5.95456743       6.05712795    
   3.00421476       5.93465900       5.96073675       6.04945850    
   3.00297475       5.96267462       6.00526810       6.09163189    
   3.00406003       5.96619940       6.00641823       6.16301107    
   3.00440311       5.93793631       6.02131128       6.20025826    
   3.00300765       5.89360332       5.98748970       6.23925400    
   3.00332355       5.89912558       6.02172709       6.20140839    
   3.00239229       5.93417788       6.00240755       6.30220366    
   3.00166655       5.91007996       6.08433962       6.28107691    
   3.00184703       5.92808580       6.16632509       6.18484402    
   2.99999332       5.92131281       6.17201471       6.15882111    
   3.00019050       5.92830992       6.21393871       6.18953276    
   2.99981308       5.96126270       6.25124216       6.16474056    
   2.99938965       5.97704411       6.34613752       6.21721458    
   2.99970341       5.96198463       6.22218418       6.18445015    
   2.99870849       5.92411137       6.16121483       6.13465834    
   2.99689770       5.89413357       6.12201691       6.11218214    
   2.99857640       5.89951372       6.15711355       6.12841845    
   2.99798155       5.92946863       6.15170288       6.11124706    
   2.99742031       5.96478128       6.09603167       6.16942358    
   2.99887276       5.93676758       6.05717611       6.12873650    
   2.99901295       5.95960665       6.09145880       6.13717413    
   2.99789119       5.95978642       6.12540007       6.06063604    
   3.00057673       5.95130396       6.14157534       6.16138792    
   2.99891877       5.91642904       6.15284586       6.17546129    
   2.99724650       5.94809294       6.20451689       6.16498566    
   2.99615431       5.90304136       6.22459650       6.23826361    
   2.99383616       5.90821552       6.27926636       6.19595575    
   2.99089861       5.92634439       6.23325682       6.20954180    
   2.99181628       5.97094631       6.27155924       6.08745098    
   2.99014997       5.95353508       6.30533457       5.98348856    
   2.99146318       5.97242689       6.33640480       5.98674965    
   2.99193192       5.98242903       6.25200701       5.99519491    
   2.99307632       5.94852209       6.16334152       6.01357269    
   2.99330473       5.95422983       6.16062355       5.94942284    
   2.99359751       5.97572231       6.16599560       5.95562315    
   2.99744821       5.95522070       6.14402199       5.98063231    
   2.99925590       5.94046116       6.21003819       5.95518446    
   2.99927878       5.92795944       6.18578386       5.96929216    
   3.00069261       5.93706274       6.17332983       5.92658949    
   2.99910760       5.91135788       6.22626114       5.90961742    
   3.00010610       5.95175982       6.16611528       5.97678518    
   2.99961972       5.97218466       6.19658661       5.97670460    
   2.99852872       5.93386507       6.22342491       6.04964304    
   2.99777174       5.95132971       6.27079868       6.12481213    
   2.99878478       5.90893459       6.31609488       6.10154057    
   2.99780750       5.89631844       6.23854923       6.11079216    
   2.99836707       5.86570930       6.15669012       6.10920334    
   2.99667263       5.85737371       6.13787699       6.03029251    
   2.99608898       5.88789177       6.21671820       6.09367371    
   2.99645591       5.91234159       6.22209787       6.09541225    
   2.99705863       5.91090345       6.21643400       6.09494066    
   2.99757290       5.86930895       6.16446257       6.15484333    
   2.99827695       5.84355354       6.13703346       6.16074419    
   2.99854875       5.86935043       6.12697983       6.28382206    
   2.99777126       5.88049459       6.05348825       6.19413805    
   2.99812007       5.85734940       6.00881672       6.21892691    
   2.99724674       5.86346388       6.07800388       6.17304802    
   2.99678802       5.86179113       6.02123642       6.24772835    
   2.99765420       5.88274908       6.03730297       6.20412111    
   2.99909925       5.86197758       6.03417253       6.05806446    
   3.00052786       5.84864807       6.01800966       6.21068907    
   3.00010324       5.84092426       5.97710991       6.19442654    
   3.00132132       5.84570837       5.92775917       6.15966320    
   3.00213838       5.88698483       5.93269062       6.16927814    
   2.99991512       5.90348291       5.92102718       6.12795162    
   2.99837422       5.90187502       5.95730495       6.19561815    
   2.99986649       5.93077850       6.04734612       6.11212492    
   3.00204062       5.94715023       6.03082848       5.96910477    
   2.99915957       5.96157646       6.10205936       6.02864313    
   2.99903560       5.97000074       6.07263947       6.02574921    
   2.99947715       5.99350882       6.10489559       6.01875496    
   2.99939060       5.97854042       6.08201742       5.99004221    
   2.99674511       5.96624374       6.12388945       6.03234100    
   2.99680352       5.96952772       6.08521318       6.01606178    
   2.99720955       5.99037457       6.06559658       6.09969854    
   2.99836779       5.98419762       6.02148390       6.16000128    
   2.99846077       5.98738384       6.02625704       6.08892584    
   2.99964070       6.01711512       6.02195406       6.13216686    
   2.99751401       6.00967503       5.98320246       6.21355295    
   2.99503565       5.98875380       6.01806307       6.28247356    
   2.99485087       5.97719765       6.00336313       6.26774740    
   2.99727488       5.98232460       6.03475523       6.24077320    
   2.99512529       6.01010656       5.99915743       6.27831507    
   2.99506903       5.95545006       6.05115175       6.21866894    
   2.99526715       5.95753574       6.02955151       6.28431225    
   2.99698043       5.94229650       6.03736734       6.30222273    
   2.99693179       5.97444916       6.03552532       6.35582066    
   2.99755120       5.94645548       6.10074472       6.37106800    
   2.99830389       6.01959610       6.15797520       6.40417862    
   2.99703074       6.04433966       6.17568874       6.41785240    
   2.99674940       5.96324444       6.16547489       6.39948940    
   2.99517798       5.92691231       6.13052940       6.48993206    
   2.99829793       5.93779707       6.12920141       6.51445627    
   3.00003219       5.95743847       6.11684275       6.35325766    
   3.00214052       5.97521353       6.05929422       6.25477839    
   3.00290418       5.95119333       5.97409153       6.24411678    
   3.00292444       5.98717642       5.98705292       6.35579443    
   3.00254321       6.02243328       5.94989681       6.36435556    
   3.00458622       5.99739265       5.91919184       6.45650101    
   3.00277233       5.99626017       5.85910320       6.33017397    
   3.00001454       5.93246984       5.82366323       6.23854733    
   2.99941707       6.00207376       5.88970327       6.21365690    
   2.99906850       5.99098396       5.97942829       6.29677820    
   2.99861193       6.06281757       5.93608904       6.23161507    
   2.99761963       6.05288839       6.00749254       6.21126366    
   2.99737310       6.05005121       6.01079321       6.17537928    
   2.99843478       6.09797335       6.05939245       6.19693518    
   2.99525833       6.04344940       6.05971003       6.16881418    
   2.99502110       6.05018091       6.03945208       6.12683392    
   2.99664736       6.01554155       6.00330067       6.05554962    
   2.99541616       5.99181128       5.97544193       6.05729151    
   2.99605489       5.98979473       6.05155993       6.03363323    
   2.99500704       6.00917959       6.02317333       6.02594233    
   2.99693847       6.04060078       5.94861174       6.03176355    
   2.99561906       6.05762291       5.95245934       6.09516382    
   2.99786782       6.11292028       5.99290276       6.13665915    
   2.99672318       6.07126999       6.02566290       6.12129736    
   2.99863768       6.04395151       6.00292158       6.08150673    
   2.99916840       6.04318523       6.01749182       6.08075571    
   3.00039697       6.04579353       6.05190277       6.07870007    
   3.00053549       6.03161287       5.98702765       6.12341309    
   3.00233769       6.07631493       5.99755049       6.11521244    
   3.00265598       6.12122726       5.93563700       6.05903769    
   3.00174952       6.15766001       5.95918369       6.00096655    
   3.00276804       6.14616251       5.98127365       5.98430872    
   3.00174427       6.23037052       6.04481506       5.99683332    
   3.00043225       6.20271349       6.01516819       5.94476891    
   2.99857473       6.20327663       5.99912786       5.99744606    
   2.99856782       6.19672155       6.01884651       5.95163107    
   3.00024414       6.19484854       6.01157141       5.93345213    
   2.99916673       6.15468693       6.09737730       5.99456692    
   3.00006056       6.13808823       6.09083557       5.95117283    
   2.99878359       6.15753222       6.09304047       5.91832304    
   3.00028014       6.12164068       6.05081272       5.92280722    
   3.00061512       6.09087515       6.08984089       5.99141026    
   3.00017357       6.13652658       6.17607880       5.92416763    
   2.99936509       6.14920568       6.17179394       5.99849081    
   3.00179791       6.13081503       6.09247446       6.08156729    
   3.00154114       6.13561201       6.17545748       6.06580591    
   3.00013375       6.20651150       6.21838284       6.09609509    
   2.99939132       6.18342972       6.21234274       6.19477606    
   2.99828339       6.13344383       6.15787268       6.10845041    
   2.99699855       6.16960812       6.20124912       6.13217449    
   2.99692345       6.21798325       6.17940760       6.14328623    
   2.99696422       6.20232677       6.24575567       6.22284651    
   2.99347568       6.22066355       6.09358644       6.19664526    
   2.99331951       6.20705032       6.00969744       6.20379591    
   2.99171209       6.18574619       5.99393225       6.24822330    
   2.99242568       6.18685293       6.02098989       6.23987293    
   2.99217153       6.24612856       6.10732365       6.17485476    
   2.99083114       6.26447916       6.15667057       6.17850447    
   2.99048734       6.19750023       6.17470837       6.03905344    
   2.98957586       6.15974808       6.22477579       5.97534132    
   2.98849535       6.16231537       6.22821379       5.97374773    
   2.98966050       6.19115019       6.25310755       6.03602076    
   2.98903131       6.17577410       6.26230669       6.09255981    
   2.98713946       6.16885519       6.25129223       6.10676336    
   2.98542309       6.19525099       6.20899582       6.17892361    
   2.98703575       6.16441631       6.29716158       6.20182419    
   2.98913479       6.12312603       6.29746056       6.22579765    
   2.99051404       6.13008022       6.25844955       6.05957937    
   2.98973727       6.11729956       6.23471546       6.08415842    
   2.99011731       6.13341093       6.15230322       6.12160254    
   2.99120688       6.12134171       6.13238144       6.21125078    
   2.98997545       6.08148003       6.21415997       6.18144417    
   2.98951077       6.08704329       6.16794491       6.23552132    
   2.99024510       6.07145834       6.07950592       6.21101904    
   2.99021578       6.07573605       6.06746435       6.30856133    
   2.99060202       6.10603428       6.12569714       6.25366259    
   2.98890209       6.14222097       6.08945131       6.14515924    
   2.98754215       6.18033409       6.10084200       6.17368507    
   2.98697782       6.18160391       6.01452875       6.22573805    
   2.98887038       6.18797779       6.09463024       6.20019341    
   2.98727107       6.15509224       6.07688093       6.22298384    
   2.98887873       6.18601990       6.04629374       6.20078421    
   2.98733997       6.11056471       6.01820230       6.24125004    
   2.98777795       6.07301855       5.94347763       6.33685637    
   2.98999929       6.06749725       5.94885635       6.25854254    
   2.98791790       6.07066441       5.89817572       6.26697111    
   2.98748684       6.05190945       5.88177013       6.20359850    
   2.98632407       6.07454062       5.92944002       6.14425659    
   2.98608923       6.01398468       5.94559097       6.14339161    
   2.98513961       6.05420113       5.99942350       6.14261723    
   2.98635745       6.08820724       6.06797743       6.21541166    
   2.98644686       6.02022982       6.08598375       6.20233536    
   2.98672295       6.03329325       6.00976133       6.24801350    
   2.98648238       6.01751232       6.04629993       6.24295807    
   2.98706341       6.00012016       6.00805521       6.15115118    
   2.98617411       5.99094772       6.04051256       6.11162472    
   2.98519468       5.98655510       6.12035751       6.09676266    
   2.98402667       6.01946020       6.16245317       6.09311819    
   2.98372173       5.99645090       6.17339420       6.19935083    
   2.98394918       5.98691273       6.13879681       6.17403173    
   2.98408914       5.95389175       6.20293331       6.20156622    
   2.98359346       5.93693399       6.17608595       6.14199448    
   2.98358369       5.92477608       6.18745089       6.12738895    
   2.98412585       5.97444534       6.15146685       6.11104536    
   2.98209047       5.97825480       6.11093569       6.08144283    
   2.98176527       5.91875029       6.10613585       6.14480543    
   2.98228931       5.94802237       6.18534660       6.13120365    
   2.98105979       6.00118876       6.16672134       6.20706272    
   2.98218417       5.96926451       6.20356750       6.13664913    
   2.98140860       6.02030420       6.13550568       6.14956045    
   2.98086596       6.02050066       6.15249157       6.07973671    
   2.98091984       5.99128389       6.16670799       6.07277727    
   2.97964621       5.97580242       6.15684271       6.10666084    
   2.98009682       5.97752857       6.10803747       6.06958580    
   2.98068690       6.00153780       6.08434010       6.13553619    
   2.98090315       6.02710772       6.02922153       6.18991041    
   2.98044300       6.03940201       6.03675508       6.12026453    
   2.97995281       6.01709986       6.04364157       6.19347477    
   2.97994709       6.07409048       6.01451063       6.22115517    
   2.97780752       6.07480860       5.94519520       6.20673418    
   2.97835732       6.02183771       5.97712708       6.31424809    
   2.97977066       6.04474068       5.96524477       6.35454035    
   2.97972012       6.09524870       5.96270037       6.35556602    
   2.97945023       6.09259176       5.98821402       6.31164074    
   2.98166513       6.09897327       5.99691439       6.21987391    
   2.98243117       6.11766529       5.97002983       6.13338947    
   2.98027706       6.07830524       5.96380234       6.13611269    
   2.98306561       6.11574030       6.02003527       6.05495024    
   2.98397994       6.13726091       6.03305387       6.00858164    
   2.98346853       6.13796568       6.01631927       6.00796175    
   2.98150015       6.18765163       6.02594328       5.99579144    
   2.98222923       6.24887657       6.02317524       6.02425957    
   2.98109365       6.23443174       6.04011488       5.99300766    
   2.98244476       6.18031979       6.04618692       5.92595053    
   2.98138189       6.19060421       6.03181553       5.93855047    
   2.98181152       6.12205219       6.11409378       6.02088833    
   2.97999668       6.10038853       6.15817070       5.98104334    
   2.97771025       6.15310907       6.21481943       5.98165798    
   2.97770119       6.12473202       6.22935629       5.99635553    
   2.97711229       6.12585592       6.09197140       6.06805134    
   2.97784376       6.15268946       6.08713245       6.08551502    
   2.97973776       6.11755085       6.06644058       6.05792284    
   2.98086596       6.17192984       6.11958933       5.99379444    
   2.98008537       6.17795897       6.19710398       6.02536106    
   2.97936630       6.18553019       6.21956253       5.99633360    
   2.97914672       6.18263483       6.17608500       6.07774019    
   2.97826290       6.15201616       6.24290752       6.18521452    
   2.97917080       6.14732504       6.25938272       6.13082552    
   2.97850704       6.14103699       6.28305817       6.15636635    
   2.97822142       6.15160084       6.35701370       6.15756798    
   2.97916317       6.14154196       6.36313820       6.12420321    
   2.97864485       6.09642744       6.37315941       6.08465385    
   2.97758722       6.13092756       6.34758377       6.05475664    
   2.97843432       6.17060852       6.31161642       6.01757050    
   2.97899318       6.21066666       6.29394484       6.04185629    
   2.97953415       6.20145559       6.21937418       6.15760469    
   2.97962523       6.19322538       6.20004702       6.15109682    
   2.97734141       6.16482496       6.18181992       6.20125771    
   2.97748590       6.17666149       6.26159906       6.19568586    
   2.97782850       6.16518116       6.26964521       6.24384880    
   2.97889137       6.15963078       6.29754639       6.24439859    
   2.97703457       6.21812105       6.26477718       6.29934454    
   2.97533321       6.28761530       6.20365095       6.30132675    
   2.97442269       6.24140120       6.20579720       6.31004572    
   2.97422695       6.25377226       6.22949219       6.31829214    
   2.97338128       6.24963903       6.21985817       6.22908211    
   2.97364855       6.23900557       6.25572920       6.21661091    
   2.97401834       6.26209116       6.27842665       6.14878798    
   2.97459722       6.27128220       6.33281803       6.06997585    
   2.97367215       6.30009985       6.25314713       6.07513332    
   2.97493291       6.26339006       6.19593096       6.12471628    
   2.97470713       6.29435730       6.14889812       6.16446447    
   2.97535944       6.34254885       6.20369101       6.13109112    
   2.97460723       6.35378027       6.20245552       6.20115852    
   2.97440481       6.42591429       6.20286798       6.17816544    
   2.97372627       6.44955349       6.22224474       6.21920967    
   2.97428918       6.39925718       6.28577232       6.33154726    
   2.97545171       6.40881777       6.37190723       6.31535912    
   2.97763634       6.30685949       6.41621971       6.27584791    
   2.97754169       6.29787588       6.39081573       6.32345247    
   2.97708964       6.26989889       6.29611874       6.27332211    
   2.97709656       6.29258776       6.26618242       6.25133610    
   2.97699499       6.25547361       6.26518965       6.22452211    
   2.97634292       6.21473217       6.29058456       6.17486525    
   2.97721410       6.22224045       6.24807739       6.24355745    
   2.97778630       6.15799570       6.26233387       6.20806026    
   2.97787905       6.17302704       6.25730371       6.19845772    
   2.97852612       6.19054651       6.24201536       6.26924086    
   2.98000121       6.17055607       6.24149609       6.25054121    
   2.97954488       6.18194151       6.25931883       6.13061190    
   2.98092556       6.10909033       6.27654362       6.13153219    
   2.98110700       6.15135717       6.31021261       6.15430689    
   2.98028660       6.12952328       6.18616581       6.18453074    
   2.98099756       6.15085888       6.13895226       6.22045612    
   2.98134470       6.16553211       6.09728146       6.18257713    
   2.98125911       6.15370083       6.17751789       6.16480827    
   2.98047519       6.14320183       6.14356804       6.14813900    
   2.98002768       6.13999796       6.10679436       6.13203669    
   2.97748113       6.14233112       6.11626959       6.19009686    
   2.97760367       6.10348511       6.13493395       6.26642275    
   2.97664595       6.09625912       6.02452326       6.28007650    
   2.97691107       6.10145283       5.96046352       6.36811781    
   2.97631145       6.08791399       5.97105074       6.44134951    
   2.97727919       6.08996010       6.02149916       6.40169621    
   2.97588444       6.16140747       6.01999235       6.35507965    
   2.97620368       6.14434719       6.01847839       6.36485243    
   2.97539020       6.11665821       6.08199120       6.36387157    
   2.97327065       6.15165329       6.05626678       6.35851765    
   2.97359443       6.11208773       6.14369965       6.37347507    
   2.97375011       6.07781410       6.10706997       6.37460089    
   2.97271514       6.00631809       6.11164808       6.36337376    
   2.97444344       5.98861742       6.11000872       6.33094501    
   2.97541738       6.00920343       6.09980297       6.22918320    
   2.97725320       6.01263857       6.16454697       6.24630117    
   2.97863340       5.97256756       6.16107225       6.22299099    
   2.97883868       6.03463888       6.15704918       6.14449692    
   2.98057127       6.02275753       6.19026661       6.24462748    
   2.98068452       6.05242252       6.19658661       6.20287704    
   2.98023438       6.08024597       6.17178583       6.19874144    
   2.98154736       5.92450476       6.12236071       6.20439959    
   2.98076582       5.97688389       6.15165281       6.18952227    
   2.98093033       5.93799067       6.17239237       6.15644503    
   2.97888637       5.90784597       6.12699890       6.12298632    
   2.97844291       5.95286703       6.14338827       6.19232130    
   2.97959781       5.92653418       6.21659803       6.19362402    
   2.98062110       5.91898823       6.18083525       6.18433714    
   2.98090649       5.95916700       6.09607553       6.14971590    
   2.98113084       5.96179581       6.10364294       6.10847187    
   2.97984290       5.93718147       6.06475115       6.20158815    
   2.97802782       5.93263531       6.06832361       6.21974468    
   2.97890997       5.92598104       5.98515892       6.23105717    
   2.97830606       5.94249249       6.01172304       6.20980787    
   2.97818375       5.96692848       6.02940750       6.16275406    
   2.97780013       5.97070265       6.06845856       6.23067284    
   2.97798896       5.90823841       6.05877781       6.29455280    
   2.97686839       5.86924934       6.12523937       6.31850910    
   2.97550654       5.84318256       6.13458824       6.21591854    
   2.97696400       5.88778639       6.06582212       6.20666409    
   2.97586632       5.89366817       6.09505224       6.18737268    
   2.97529602       5.84157991       6.13332510       6.17444658    
   2.97515392       5.79644680       6.15228796       6.26733828    
   2.97571468       5.81372023       6.14893246       6.23853159    
   2.97645378       5.79820299       6.11455679       6.26243973    
   2.97761369       5.78815079       6.04345322       6.19561815    
   2.97921085       5.78275871       6.01563644       6.13409901    
   2.97871470       5.80502033       6.03616285       6.03793669    
   2.97753429       5.78156519       6.05596828       6.05609560    
   2.97664833       5.77770424       6.04535103       6.19523001    
   2.97646928       5.76897764       6.06333494       6.13876009    
   2.97596836       5.75059843       6.11920643       6.12244463    
   2.97798491       5.82618952       6.14132166       6.13856649    
   2.97643805       5.87361288       6.17127228       6.18860865    
   2.97635937       5.91650867       6.10664845       6.20165443    
   2.97581887       5.97227716       6.06282949       6.23617363    
   2.97697258       5.99735880       6.08283234       6.28920460    
   2.97885203       6.02997971       6.07132626       6.33930445    
   2.97787714       6.03582096       6.05740213       6.20858526    
   2.97875023       5.95499754       6.09599066       6.22615194    
   2.97808552       5.98703003       6.09199476       6.15630960    
   2.97724748       6.02543974       6.15455151       6.25577593    
   2.97648168       6.07909393       6.15027857       6.26655054    
   2.97583961       6.09798670       6.07497072       6.19542408    
   2.97702742       6.07821035       6.06749773       6.22224140    
   2.97671127       6.11283684       6.10043287       6.25966024    
   2.97671723       6.13676119       6.13919115       6.23343086    
   2.97554564       6.14822531       6.08028841       6.28740931    
   2.97607470       6.15727711       6.13823938       6.13076782    
   2.97723985       6.07486296       6.09627342       6.01161289    
   2.97857785       6.07971621       6.18525410       6.02095604    
   2.97750664       6.08394289       6.23893356       6.05030346    
   2.97757912       6.07776499       6.26665592       6.05145121    
   2.97608376       6.11952209       6.21300030       6.04970646    
   2.97651792       6.14474869       6.16585922       6.06510401    
   2.97743344       6.11066818       6.04662895       6.02509642    
   2.97771192       6.07317877       6.04120207       6.07755136    
   2.97615051       6.09120560       6.08073235       6.09234238    
   2.97661018       6.06179190       6.07196712       6.11476564    
   2.97745299       6.10424280       6.06467772       6.16004515    
   2.97804213       6.10970974       6.05160046       6.12344217    
   2.97861695       6.11633396       6.06682587       6.05448914    
   2.97898841       6.12343359       6.07619476       5.98947382    
   2.97832346       6.15571499       6.06263065       6.04717970    
   2.98143077       6.12172413       6.08265734       6.03203154    
   2.98199248       6.11722708       5.97786283       6.02076292    
   2.98263860       6.07389069       6.02105427       6.06043243    
   2.98219872       6.11066246       6.02261305       6.06321335    
   2.97977281       6.15562630       6.01202488       6.08920383    
   2.97803831       6.15981579       5.99640989       6.06700325    
   2.98010564       6.12458849       6.05111599       6.13488436    
   2.97880292       6.07793760       6.07287216       6.11734200    
   2.97842598       6.06762886       6.15379143       6.12001705    
   2.97899604       6.07135201       6.21259975       6.09675884    
   2.97943044       6.10140848       6.24595737       6.08045006    
   2.97885966       6.05435944       6.22866249       6.12280607    
   2.97839379       6.09881258       6.23040867       6.19847870    
   2.97811627       6.09961605       6.26173687       6.17787313    
   2.97773361       6.10781050       6.27614450       6.19163656    
   2.97847843       6.06432438       6.24156332       6.19324255    
   2.97994590       6.06828690       6.28219604       6.29381609    
   2.98213959       6.11829567       6.19714165       6.26019192    
   2.98333549       6.10922194       6.17604446       6.26561594    
   2.98428130       6.10298777       6.20276213       6.25538349    
   2.98381376       6.13600874       6.23756361       6.13974142    
   2.98495626       6.15259838       6.24630499       6.13058853    
   2.98507881       6.16789007       6.24466085       6.17647982    
   2.98448157       6.17524099       6.30577517       6.16560221    
   2.98392272       6.18563557       6.27299452       6.23134518    
   2.98350263       6.21076441       6.18228388       6.09908199    
   2.98217297       6.23095655       6.16157770       6.00631237    
   2.98281455       6.19965172       6.16488981       5.98020458    
   2.98240805       6.21938276       6.16267967       6.04543161    
   2.98177791       6.22045755       6.15634203       6.04933739    
   2.98294115       6.18036079       6.17486382       6.10951519    
   2.98315692       6.23486900       6.16623592       6.17708826    
   2.98201656       6.23752689       6.13555813       6.32442856    
   2.98138785       6.26281643       6.06726933       6.25486851    
   2.98056078       6.25910187       6.03784800       6.24089527    
   2.98168516       6.23758364       6.04848671       6.26873732    
   2.98140717       6.27970314       6.04504538       6.29586172    
   2.98077703       6.23276758       6.02733994       6.35830832    
   2.97915888       6.25988245       5.96565962       6.35655451    
   2.97936058       6.24616432       6.05219841       6.24846363    
   2.97928882       6.25493717       6.08512926       6.30889750    
   2.97999597       6.24902248       6.11351252       6.25100946    
   2.97995472       6.26658773       6.10556984       6.11597872    
   2.97935700       6.29122829       6.11152983       6.08991051    
   2.98032641       6.21622133       6.18089056       6.15560246    
   2.98054433       6.13507032       6.12624931       6.22287798    
   2.98050165       6.14140368       6.14727116       6.22135210    
   2.98170590       6.13274384       6.16332626       6.19249773    
   2.98099208       6.13664341       6.17890167       6.18341541    
   2.98032546       6.14377785       6.14382219       6.21021795    
   2.98117471       6.17971992       6.14554310       6.12957907    
   2.98050284       6.16391039       6.13076496       6.02384138    
   2.98172426       6.17570448       6.09664106       6.02267265    
   2.98000503       6.20906878       6.07379436       6.07326889    
   2.98119164       6.23333073       6.05600834       6.09375238    
   2.98187995       6.21197987       6.09515715       6.06835890    
   2.98069549       6.24706364       6.16017771       6.05511999    
   2.98019290       6.26891804       6.20263910       6.14882040    
   2.97979069       6.22045183       6.16007423       6.14378262    
   2.97980118       6.20062971       6.16577339       6.13205957    
   2.97940540       6.19468832       6.16433191       6.17572689    
   2.98231530       6.19692945       6.18854952       6.11260748    
   2.98180652       6.23242140       6.26805210       6.08748722    
   2.98170424       6.15495443       6.14388609       6.19029999    
   2.98250675       6.10903931       6.16905069       6.25792074    
   2.98122573       6.14172077       6.17134094       6.23496342    
   2.98137021       6.12380552       6.22175646       6.18657446    
   2.98323917       6.04611588       6.25866842       6.20651150    
   2.98357797       6.06570196       6.21813393       6.12650967    
   2.98191261       6.03078270       6.25682831       6.05889606    
   2.98197675       6.02107096       6.27072668       6.04855728    
   2.98260832       6.01509619       6.27544737       6.09888887    
   2.98125219       6.00170898       6.32740498       6.07124376    
   2.98281288       5.99155045       6.33809710       6.20846176    
   2.98397255       6.00415134       6.30403137       6.19848442    
   2.98279309       6.03528261       6.37772465       6.21039057    
   2.98465204       5.99784994       6.43950367       6.18374205    
   2.98291421       5.95467949       6.33097744       6.22981596    
   2.98276424       5.93636942       6.28383112       6.25638390    
   2.98281670       5.91734314       6.27248096       6.28027010    
   2.98257732       5.89008331       6.25514507       6.28092718    
   2.98318028       5.85620785       6.25491762       6.26546240    
   2.98513699       5.84982204       6.27068424       6.21059561    
   2.98565316       5.84212446       6.18910789       6.19078445    
   2.98606205       5.80239487       6.22411394       6.13103485    
   2.98574686       5.83656406       6.25874567       6.20193958    
   2.98680973       5.86130285       6.22841597       6.22251225    
   2.98594284       5.91612816       6.20394707       6.14638472    
   2.98500276       5.93478441       6.20142841       6.13379622    
   2.98432612       5.95840931       6.21713161       6.13344669    
   2.98285174       5.98512077       6.12148619       6.18809223    
   2.98399115       6.00596142       6.13706636       6.24248648    
   2.98346496       5.95813799       6.19513607       6.23778486    
   2.98433399       5.95297241       6.18972731       6.25598431    
   2.98594666       6.01633310       6.17989635       6.26461601    
   2.98418927       6.03069353       6.10317469       6.27242327    
   2.98469615       6.01780939       6.15132141       6.32480335    
   2.98428988       5.99223375       6.14733219       6.36688852    
   2.98371077       5.95122480       6.08431721       6.26527548    
   2.98358941       5.97487736       6.10866785       6.26081324    
   2.98297787       5.96958780       6.07127285       6.28801727    
   2.98337317       5.93803644       6.06127357       6.31607056    
   2.98412585       5.98653698       5.97959471       6.40349913    
   2.98377919       5.96067524       6.02535963       6.35141373    
   2.98501968       5.99662685       6.05317879       6.41576481    
   2.98654580       5.98139000       6.05010796       6.50463104    
   2.98958325       5.99728441       6.01934671       6.46443176    
   2.98908782       5.97876883       5.95408678       6.42181587    
   2.98752522       6.01360226       5.90984154       6.41770887    
   2.98836517       5.97665977       5.98023367       6.49909878    
   2.98937869       6.00427294       5.98286200       6.44366980    
   2.98918605       5.98982334       5.98468447       6.43929529    
   2.98935652       5.99330235       6.02014685       6.33219862    
   2.98955464       6.00360870       5.92978144       6.30692434    
   2.98937964       5.97255468       5.91517210       6.22921276    
   2.98867249       5.99119377       5.88881111       6.23773384    
   2.98741722       5.97975492       5.86388969       6.26761436    
   2.98768282       5.96516514       5.92731667       6.38161087    
   2.98761845       6.01973104       5.91945362       6.31688643    
   2.98632479       6.05611038       5.96797562       6.23871899    
   2.98740959       6.07187176       5.94813776       6.26166534    
   2.98697233       6.00107622       6.01165390       6.22639799    
   2.98648787       5.98830795       5.97112131       6.26678991    
   2.98604345       5.99217319       6.01881886       6.17872095    
   2.98670983       6.01602602       6.02910233       6.16939735    
   2.98840141       6.04639006       6.01266718       6.11798000    
   2.98907566       6.03644991       5.99665499       6.09220028    
   2.98871541       6.03789473       5.99492884       6.03078747    
   2.98875022       6.07925844       5.96440315       6.03743696    
   2.98748493       6.09953737       5.93106079       6.01129103    
   2.98788095       6.05991936       5.95477629       5.97580814    
   2.98825288       6.04823303       5.97921419       5.93511868    
   2.98761272       5.99270058       5.95168400       5.97277069    
   2.98711634       6.00021887       5.94704199       5.94863081    
   2.98655987       5.98966646       5.94420195       5.97339773    
