              NaN              NaN              NaN              NaN
   7.60018884E-04  -7.69203249E-03   8.95967882E-04  -4.31269081E-03
   5.26010618E-03  -5.33300219E-03  -1.59868345E-04  -1.35834853E-04
   1.04473690E-02  -9.50052985E-04   4.08998039E-03  -1.47797124E-04
   9.19837970E-03  -1.26129845E-02  -3.49869463E-03  -8.94789759E-04
   9.86809749E-03  -2.23245565E-03   2.45570205E-03  -9.60970856E-03
   8.14601500E-03   2.97846436E-05  -5.32527454E-03  -1.31696276E-03
   2.43732519E-03   3.86216189E-03  -2.59461394E-03   4.69249627E-03
   4.35093278E-03   3.67440120E-03  -6.53855037E-03   3.57189262E-03
   4.99170134E-03   2.72774650E-03   5.13955159E-03   9.93806962E-03
   5.64197684E-03   3.56847071E-03   1.32957157E-02   7.84975756E-03
  -1.69687415E-03  -2.58377986E-04   1.32598244E-02   1.27583677E-02
   1.90517120E-03   1.57191337E-03   8.24109931E-03   2.89303325E-02
   3.60933761E-03  -1.89929956E-03  -8.34674167E-04   1.24573139E-02
   7.89836049E-03  -1.70910719E-03   8.06571264E-03   9.11865011E-03
   7.35387718E-03   7.77813897E-04   3.48048308E-03   1.60186812E-02
   4.75401245E-03   6.82990532E-03   1.36116669E-02  -2.99068936E-03
  -3.77649441E-04   9.08843335E-03   2.36602444E-02   6.98595401E-03
  -6.44661020E-04   1.29649956E-02   2.58751102E-02   1.80846062E-02
   2.40227580E-03   4.07459261E-03   1.03655821E-02   2.33569834E-02
   4.84439777E-03  -2.42177732E-04   4.38666111E-03   1.79327317E-02
   6.91056810E-03   9.22161795E-04   2.92704091E-03   2.70097926E-02
   7.90717732E-03  -1.48351118E-03   2.60241027E-03   3.44455503E-02
   8.17605294E-03  -8.27799318E-04  -2.19128351E-03   3.62208635E-02
   4.98203607E-03   6.49262127E-03   2.16528843E-03   2.53357366E-02
   5.88112045E-03   1.06685553E-02  -2.13536056E-04   2.22045537E-02
   6.52988581E-03   1.07772024E-02   6.07703160E-03   1.98422633E-02
   7.60438247E-03   6.10611867E-03   7.71750370E-03   9.88244545E-03
   5.26300492E-03  -1.73083783E-04   1.00478614E-02   1.75685398E-02
   2.92665348E-03   3.42273526E-03   8.64725281E-03   1.34878354E-02
   1.36357371E-03   3.64197232E-03   1.67385247E-02   1.87787935E-02
   7.96054315E-04   3.94072337E-03   9.25497059E-03   3.77338403E-03
   3.63332289E-03   1.39537361E-02  -6.05390547E-03   1.76407490E-02
   2.27617286E-03   1.18036354E-02  -9.26406309E-03   2.66118087E-02
   2.15737079E-03   1.23390267E-02  -1.41549353E-02   1.60038993E-02
  -8.34303210E-04   1.76165104E-02  -1.20617738E-02   9.33020096E-03
  -3.83430044E-03   2.26007532E-02   7.95673579E-04   2.43172105E-02
  -3.72202974E-03   2.69583762E-02   2.67659174E-03   1.40991574E-02
  -5.76104270E-03   2.96351165E-02  -2.28370335E-02   2.59124972E-02
  -5.16399508E-03   3.39479856E-02  -9.73075442E-03   1.92532931E-02
  -6.51600491E-03   2.42197905E-02  -1.72973853E-02  -5.55471331E-03
  -1.95228879E-03   2.51356456E-02  -1.04946513E-02   1.07636128E-03
  -4.76344163E-03   2.23759040E-02  -8.64325743E-03   1.07459328E-03
  -8.36792123E-03   2.22505201E-02  -3.12766246E-03  -1.02874311E-02
  -7.53307901E-03   1.22557292E-02  -5.26140211E-03   5.56790829E-03
  -7.77396886E-03   7.97602348E-03  -4.08008136E-03  -4.36167326E-03
  -1.09141823E-02   1.02122063E-02  -1.09886993E-02  -5.26354555E-03
  -9.04016104E-03   1.30799795E-02  -1.14691872E-02  -6.39452226E-03
  -1.10615743E-02   9.74273961E-03  -2.24940423E-02  -7.38835987E-03
  -8.87789950E-03   1.73185151E-02  -1.00353025E-02  -1.95182804E-02
  -7.01178657E-03   7.71108177E-03  -1.68560911E-02  -3.00528854E-02
  -6.01587165E-03   3.03651136E-03   8.77587497E-03  -4.15443368E-02
  -7.02652661E-03  -1.08406809E-03   3.31485854E-03  -1.64323431E-02
  -5.08882292E-03   9.15001263E-04   3.62570700E-03  -7.81823695E-03
  -5.82421059E-03   5.57694165E-03  -5.74956415E-03   2.00753729E-03
  -5.59072569E-03   8.06571916E-03   7.72677083E-03  -3.53140011E-03
  -7.11664045E-03   1.00984592E-02   2.01291783E-04   1.33622326E-02
  -6.18121587E-03   4.82667284E-03  -6.93705352E-03   1.86609272E-02
  -4.80385683E-03   4.38110298E-03  -8.18953663E-03   2.91018579E-02
  -2.39658146E-03   1.06425649E-02  -1.17896888E-02   2.61334330E-02
  -1.26251555E-03   1.89855043E-02  -3.28199267E-02   3.81252132E-02
  -1.94722496E-03   2.03202236E-02  -3.07943188E-02   4.03674692E-02
   4.62076045E-04   1.00207413E-02  -2.67184190E-02   2.61269771E-02
  -1.26388320E-03   1.04334261E-02  -3.58873494E-02   3.19622084E-02
  -2.27378812E-04   1.60341449E-02  -2.88773682E-02   4.60273959E-02
   1.33529320E-04   8.54394864E-03  -2.22568884E-02   3.78826968E-02
  -6.87311811E-04   4.90478473E-03  -2.20631193E-02   3.99037525E-02
  -4.11687157E-04   4.26710118E-04   4.28301375E-03   5.98658174E-02
   3.09467269E-03   1.17146550E-02   1.38421468E-02   3.32600027E-02
   2.71978485E-03   7.96122756E-03   2.37011369E-02   2.12419312E-02
   2.53816298E-03   1.04020713E-02   2.64959354E-02   2.17590053E-02
   3.55091365E-03   1.59293541E-03   3.03339511E-02   3.07491198E-02
   6.10611308E-03   1.00890140E-03   1.61834955E-02   1.54665112E-02
   6.74834102E-03   1.56373146E-03   3.12329438E-02   5.02560567E-03
   5.94310602E-03  -3.96301097E-04   3.83411869E-02   2.92246346E-03
   5.76063106E-03  -5.07920748E-03   2.49388926E-02  -1.88625753E-02
   5.59029495E-03  -1.04650473E-02   9.31325834E-03  -3.66867073E-02
   5.02877729E-03  -1.40366089E-02   1.61699448E-02  -1.04264747E-02
   3.28367436E-03  -1.25159835E-02   2.36354955E-02  -1.96152199E-02
   5.94155677E-03  -1.58790424E-02   1.08507099E-02   2.23587677E-02
   6.18893327E-03  -2.50612646E-02   6.83517521E-03   1.32990470E-02
   5.47195645E-03  -2.95016151E-02   2.66753044E-03   1.32015366E-02
   6.98079308E-03  -2.19557527E-02  -9.13827214E-04   1.22594545E-02
   7.16032088E-03  -3.48096304E-02  -2.74682255E-03   1.79702733E-02
   8.05131625E-03  -3.44092958E-02  -9.91671812E-03   1.24311969E-02
   8.03438015E-03  -2.69776080E-02  -1.17849298E-02   1.53459460E-02
   7.54993502E-03  -2.32584830E-02  -1.92765370E-02   5.38020162E-03
   6.34298846E-03  -3.13260406E-02  -1.67702381E-02   9.67239554E-04
   5.80380065E-03  -2.18653008E-02  -1.73083935E-02   1.22468043E-02
   6.43679919E-03  -1.34595754E-02  -1.84798371E-02  -3.82552738E-03
   4.91400855E-03  -1.50298970E-02  -2.15480034E-03   6.05871901E-03
   2.38974695E-03   1.06094405E-03  -5.00121759E-03   2.41219308E-02
  -3.20966443E-04  -1.57293369E-04  -1.49752176E-03   5.41574229E-03
  -6.37303980E-04   4.85123554E-03  -2.16399040E-03   2.18025334E-02
  -2.57264613E-03  -3.27395345E-03  -6.55315351E-03   1.66081768E-02
  -5.52018918E-03   1.31825416E-03  -1.31244836E-02   3.01220026E-02
  -5.80207678E-03   4.99598868E-03  -8.57056957E-03   3.72944176E-02
  -6.75549172E-03   6.03342010E-03  -8.14892631E-03   2.99460962E-02
  -8.68027750E-03  -6.49059541E-04  -5.64107439E-03   3.60714421E-02
  -8.30282085E-03   3.64781870E-03  -1.37224132E-02   2.16803327E-02
  -9.83948261E-03   9.35410615E-03  -2.47180909E-02   3.11410651E-02
  -1.18541531E-02   3.65122571E-03  -2.78159026E-02   3.06260381E-02
  -1.09831151E-02  -5.59358299E-03  -2.93460488E-02   4.56196293E-02
  -1.24339480E-02  -1.04500046E-02  -3.25131975E-02   3.45286131E-02
  -1.39716528E-02  -1.01268440E-02  -2.89788954E-02   2.37508081E-02
  -1.31457672E-02  -8.00885633E-03  -2.36707404E-02   2.88887993E-02
  -1.22657195E-02  -1.07647637E-02  -6.17965916E-03   3.74679752E-02
  -1.41227460E-02   5.11486223E-03  -2.68431287E-02   2.98074149E-02
  -1.42351547E-02   2.95475335E-03  -2.56988183E-02   3.52958106E-02
  -1.51588945E-02   5.57512139E-05  -2.27816477E-02   3.35217007E-02
  -1.51421307E-02   2.83290865E-03  -1.62162259E-02   2.00859290E-02
  -1.70008820E-02   6.23294094E-04  -5.79035981E-03   3.58582251E-02
  -1.71954632E-02  -3.83743015E-03   1.17881084E-02   1.23673026E-02
  -1.85351390E-02  -6.28650421E-04   8.83358825E-06   6.84714317E-03
  -1.82188042E-02   1.77947641E-03   3.04208067E-03   2.34165508E-02
  -1.72653627E-02  -1.21578202E-03   9.43993591E-03   2.75065489E-02
  -1.61733627E-02  -1.11102080E-02   1.91753376E-02   2.57919151E-02
  -1.71895139E-02  -7.53181940E-03   2.21707821E-02   3.08315773E-02
  -1.62337683E-02  -1.09084193E-02   2.11501289E-02   2.25847811E-02
  -1.67288203E-02  -2.63520945E-02   2.56313626E-02   2.25382522E-02
  -1.79195944E-02  -1.94371361E-02   3.03815491E-02  -1.17892800E-02
  -1.41358757E-02  -2.77654231E-02   3.81308049E-02  -4.16561775E-03
  -1.44870747E-02  -3.13192457E-02   1.85132194E-02   1.88661851E-02
  -1.56477764E-02  -2.69913748E-02   1.89900259E-03   2.00686678E-02
  -1.58116575E-02  -3.28506418E-02  -9.16923955E-03   2.78306231E-02
  -1.57583542E-02  -3.92252952E-02  -9.90575529E-04   2.11755671E-02
  -1.66569334E-02  -4.74452935E-02   6.93288166E-04   4.64866683E-03
  -1.78479627E-02  -6.13353848E-02   8.53256695E-03  -7.29889423E-03
  -1.77553389E-02  -5.38817905E-02   1.95075814E-02  -6.47742348E-03
  -1.70145128E-02  -4.67673056E-02   1.73363630E-02  -1.52488109E-02
  -1.80751476E-02  -5.68336770E-02   8.54119286E-03  -1.12409340E-02
  -1.72732845E-02  -6.03143014E-02   1.34208631E-02  -2.66060475E-02
  -1.71260331E-02  -5.46988212E-02   9.16206371E-03  -2.62092762E-02
  -1.73078794E-02  -6.11685850E-02   1.08131664E-02  -1.37793338E-02
  -1.65639259E-02  -4.81703058E-02   2.88127922E-02  -2.73990911E-02
  -1.66646130E-02  -4.07917276E-02   4.83006351E-02  -3.92838232E-02
  -1.58530455E-02  -3.62701192E-02   5.79911284E-02  -2.11694054E-02
  -1.75689012E-02  -3.02432980E-02   6.45615235E-02   1.49306785E-02
  -1.53558599E-02  -4.10658084E-02   6.56078830E-02   1.43135292E-02
  -1.61914248E-02  -4.70697805E-02   5.58348335E-02  -9.67335771E-04
  -1.76446810E-02  -4.06746715E-02   4.63808514E-02  -1.04129082E-02
  -1.74050108E-02  -3.84076685E-02   4.18819785E-02  -2.48081591E-02
  -1.53450919E-02  -3.04547586E-02   4.87008542E-02  -4.52516638E-02
  -1.56920068E-02  -3.78731079E-02   4.29527909E-02  -3.22544575E-02
  -1.45811234E-02  -4.30332087E-02   3.42924148E-02  -4.01885509E-02
  -1.36648137E-02  -4.23119776E-02   3.58837582E-02  -2.85727605E-02
  -1.33583453E-02  -3.00372019E-02   2.71756090E-02  -2.44850796E-02
  -1.28769455E-02  -4.42671739E-02   1.51926968E-02  -2.55641639E-02
  -1.50042688E-02  -5.57333305E-02   3.49538438E-02  -2.87310891E-02
  -1.34842088E-02  -4.81284484E-02   5.19601181E-02  -2.70410255E-02
  -1.33368960E-02  -5.51085621E-02   5.34920134E-02  -3.04580387E-02
  -1.32913273E-02  -5.39425202E-02   4.07841243E-02  -1.37417875E-02
  -1.33610852E-02  -5.62181585E-02   1.87531468E-02  -1.01010138E-02
  -1.21922344E-02  -5.83679043E-02   1.54722873E-02  -1.65730715E-02
  -1.13530960E-02  -4.80455086E-02   2.30119228E-02  -1.93464290E-02
  -1.33086406E-02  -4.87133004E-02   1.29660917E-02  -1.47346482E-02
  -1.32535966E-02  -3.88552137E-02   1.22982543E-02  -5.51015139E-03
  -1.32177239E-02  -5.29745780E-02  -6.72846509E-04  -1.49293374E-02
  -1.42694619E-02  -6.26702383E-02  -1.94655955E-02  -1.49468509E-02
  -1.58595610E-02  -6.78412616E-02  -2.28737239E-02  -1.02069639E-02
  -1.81851629E-02  -5.59331216E-02  -2.17521302E-02   4.15895088E-03
  -1.79150067E-02  -6.18071705E-02  -2.80880518E-02   5.65393362E-04
  -1.81873590E-02  -5.22425137E-02  -1.03979781E-02   1.90003794E-02
  -1.59755740E-02  -5.53686842E-02  -9.77431051E-03  -4.56443103E-03
  -1.46352900E-02  -4.85413894E-02  -1.32128568E-02   3.28988279E-03
  -1.54266590E-02  -4.97318543E-02  -2.88755586E-03   2.85132788E-02
  -1.43518224E-02  -5.96832968E-02  -8.48738663E-03   3.90216038E-02
  -1.23305982E-02  -5.49009331E-02   7.73612177E-03   2.22718827E-02
  -1.10133206E-02  -5.44049181E-02  -1.63053605E-03   1.10611273E-02
  -9.84660350E-03  -5.79009131E-02  -9.88978148E-03   9.29501001E-03
  -9.39937867E-03  -4.07627001E-02   1.00408914E-02  -1.33432290E-02
  -7.21003255E-03  -3.46677750E-02  -1.29325856E-02   9.74857621E-03
  -6.39878446E-03  -2.55225226E-02  -1.15056308E-02   1.53466593E-02
  -8.73936340E-03  -1.87487472E-02  -2.71481816E-02   2.22666021E-02
  -9.10386909E-03  -6.65545976E-03  -4.17533405E-02   3.22455317E-02
  -8.38229340E-03   8.99735186E-03  -3.42133380E-02   3.12231127E-02
  -1.00324461E-02   1.35188671E-02  -3.37047279E-02   3.15082148E-02
  -1.05354860E-02   2.17479076E-02  -3.60427648E-02   3.63631397E-02
  -8.90707131E-03   2.06935219E-02  -4.06084694E-02   2.83888932E-02
  -7.34893559E-03   2.83076242E-02  -3.80032510E-02   1.63997896E-02
  -5.98302251E-03   1.92522984E-02  -4.88729030E-02   3.75264362E-02
  -6.50162902E-03   2.73899268E-02  -4.66768071E-02   3.98030430E-02
  -7.46893929E-03   2.77663190E-02  -3.49623524E-02   3.15507203E-02
  -5.86378202E-03   2.88972091E-02  -3.18840705E-02   3.26272771E-02
  -6.29522000E-03   2.93392967E-02  -1.56303179E-02   5.12657389E-02
  -5.98157244E-03   3.21397297E-02  -2.96397582E-02   7.65400901E-02
  -5.87655231E-03   3.11999917E-02  -1.35621335E-02   4.97753359E-02
  -6.42878562E-03   2.53475402E-02   2.49472051E-03   3.23032402E-02
  -5.31608704E-03   2.66468506E-02   3.31219984E-03   2.94797011E-02
  -6.39683055E-03   3.10412329E-02   1.82399731E-02   1.96762532E-02
  -6.47798507E-03   2.62881666E-02  -1.00733237E-02   3.19581404E-02
  -7.32489442E-03   2.00230926E-02  -3.12919426E-03   2.59538647E-02
  -5.70684951E-03   2.89869905E-02   1.45364767E-02   1.11189792E-02
  -4.73840348E-03   3.99288833E-02   2.40375958E-02   2.53328006E-04
  -3.90746770E-03   3.74897979E-02   2.18813308E-02  -2.19762754E-02
  -4.21699835E-03   2.98206173E-02   7.00869458E-03  -7.60611519E-03
  -1.94618211E-03   1.69731267E-02   4.37293714E-03  -1.83549058E-02
  -2.32603936E-03   1.29014011E-02   4.74688550E-03  -5.78542612E-03
  -1.28051243E-03   1.66549161E-02  -1.24980405E-03   7.29770819E-03
  -3.96489445E-03   2.19710078E-02   1.67684946E-02  -9.41079762E-03
  -4.82321484E-03   1.80323161E-02   3.68386358E-02  -5.05969953E-03
  -3.23250913E-03   1.19421473E-02   4.09001932E-02   5.33994241E-03
  -4.45136707E-03   6.75250217E-03   6.29464835E-02   2.89350841E-03
  -2.61402922E-03  -3.60922003E-03   4.87382188E-02   1.71956755E-02
  -9.83602484E-04  -7.90307485E-03   2.73886528E-02   9.25051514E-03
  -4.95353539E-04  -2.52877530E-02   3.24200578E-02   2.36478467E-02
  -4.15080664E-04  -1.53515385E-02   1.90672595E-02   7.61386892E-03
  -8.16863787E-04  -1.21939331E-02   2.61310022E-02   1.97336059E-02
   1.14500825E-03  -3.09254769E-02   3.29751372E-02   8.65471549E-03
   1.08834007E-03  -3.97346318E-02   3.17030698E-02   9.36669298E-03
   2.09502201E-03  -4.70434651E-02   3.74896005E-02   5.14623662E-03
   3.92063055E-03  -3.94412242E-02   3.48229259E-02   1.99742615E-02
   3.69794387E-03  -3.66518423E-02   3.97096723E-02   1.20722204E-02
   5.10684540E-03  -4.37774062E-02   2.34817211E-02   7.87671376E-03
   4.58755856E-03  -4.30935472E-02   3.17411870E-02   1.23536196E-02
   4.45302390E-03  -4.22316901E-02   2.98690461E-02   5.60713373E-03
   4.93044592E-03  -4.33207229E-02   3.01762484E-02   1.02337971E-02
   4.93251067E-03  -2.21372433E-02   4.88110818E-02   2.29173042E-02
   4.73037641E-03  -1.43408999E-02   5.20746000E-02   7.55144982E-04
   2.46965908E-03  -2.64298934E-02   4.27087210E-02  -1.12468526E-02
   2.06294260E-03  -3.25223804E-02   6.59037307E-02  -1.35690747E-02
   1.78365008E-04  -2.95597389E-02   5.53597510E-02  -2.03386624E-03
  -1.68807455E-03  -3.48588340E-02   4.79060933E-02  -1.21418824E-02
  -3.01245018E-03  -2.64665522E-02   4.39941324E-02   6.60775043E-03
  -2.21725204E-03  -1.96349323E-02   4.53477763E-02   1.32777095E-02
  -3.01574543E-03  -2.98187919E-02   3.36019322E-02   9.81888035E-04
  -3.17767751E-03  -2.74370331E-02   2.50942651E-02  -1.33112539E-02
  -3.37488251E-03  -2.49572676E-02   1.82913188E-02  -1.76289286E-02
  -3.27715953E-03  -2.88666748E-02   1.83611847E-02  -1.36304395E-02
  -2.88245385E-03  -2.58373134E-02   1.39098698E-02  -5.36707044E-03
  -4.78260918E-03  -1.84237827E-02  -2.27198359E-02  -1.24698598E-03
  -4.66012862E-03  -7.78638199E-03  -2.55289208E-02  -1.31310830E-02
  -3.90317710E-03  -8.13753437E-03  -1.18184406E-02  -1.48141123E-02
  -3.72220669E-03  -1.25309629E-02  -7.39694666E-03  -1.01882303E-02
  -2.23454111E-03   3.94829595E-03   2.63730693E-03  -1.06271766E-02
  -3.55944200E-03  -1.19856617E-03  -1.75678041E-02  -1.81974508E-02
  -4.11900599E-03  -7.42040994E-03  -2.77971327E-02  -4.59738672E-02
  -3.83392628E-03  -9.81588382E-03  -2.27802601E-02  -3.57786603E-02
  -4.21610940E-03   3.74865776E-04  -1.23078031E-02  -4.66165580E-02
  -3.41652078E-03   5.13845310E-03  -8.18874035E-03  -6.38094991E-02
  -3.48452618E-03   2.18604933E-02  -3.51800176E-04  -3.98028083E-02
  -3.22117889E-03   1.97290070E-02   5.29239420E-03  -3.24090756E-02
  -4.12107725E-03   1.96945667E-02   9.54535045E-03  -1.92654934E-02
  -1.89522980E-03  -2.25406489E-03  -7.88341276E-05  -3.23361792E-02
  -2.27044662E-03  -8.66816286E-03  -2.62509426E-03  -4.92715053E-02
  -3.39652644E-03  -7.80416746E-03   2.02488969E-03  -4.15325686E-02
  -2.99163535E-03  -1.63168702E-02  -9.92723648E-03  -3.11958119E-02
  -3.21096205E-03  -1.18216733E-02  -4.84742876E-03  -2.07723361E-02
  -2.67775916E-03  -1.01722321E-02  -1.02444459E-02  -1.77953783E-02
  -2.64178240E-03  -4.85521182E-03  -1.08814836E-02  -6.95712864E-03
  -1.61399390E-03   3.64321587E-03  -1.02505330E-02   1.16017764E-03
  -1.89286575E-03  -2.94882059E-03  -1.41597511E-02  -1.17814001E-02
  -2.17110291E-03  -1.82895791E-02  -1.53827621E-02  -3.43721546E-03
  -3.21834651E-03  -1.36910137E-02  -4.88387281E-03  -2.30713338E-02
  -4.61754622E-03  -1.87154468E-02  -1.51510211E-02  -2.13248357E-02
  -4.52672038E-03  -2.99011171E-02  -1.19498298E-02  -1.32208480E-03
  -2.27625645E-03  -3.37175541E-02  -3.00398208E-02   1.24882525E-02
  -3.09368921E-03  -2.69043464E-02  -5.45405336E-02  -1.64012075E-03
  -2.70150392E-03  -1.90488398E-02  -5.33519350E-02   5.03923837E-03
  -3.25865601E-03  -1.10142687E-02  -5.86858690E-02   1.40624037E-02
  -3.11859068E-03  -1.09983180E-02  -6.56514913E-02   3.22765969E-02
  -3.16254771E-03  -6.71892951E-04  -8.88673067E-02   3.54067460E-02
  -3.09852860E-03   6.29323442E-03  -6.48375154E-02   5.48173711E-02
  -3.56727582E-03   1.25384210E-02  -7.05521926E-02   7.59671703E-02
  -3.61629762E-03   9.13988799E-03  -4.06886972E-02   5.68062626E-02
  -3.78623605E-03   4.33944492E-03  -4.22556102E-02   4.59306985E-02
  -3.55124287E-03   7.17867212E-03  -4.78382185E-02   5.37135787E-02
  -3.54270800E-03   8.46833922E-03  -3.07691172E-02   3.81420404E-02
  -4.69204225E-03   5.92206931E-03  -3.53427194E-02   2.97919773E-02
  -5.12000453E-03   1.23978616E-03  -2.43639499E-02   3.09201423E-02
  -4.55930922E-03  -5.94715402E-03  -2.43106317E-02   3.15557234E-02
  -3.82394157E-03  -4.07624012E-03  -1.77891497E-02   2.13883966E-02
  -3.85396276E-03  -1.30379703E-02  -6.82696933E-03   2.49614473E-02
  -3.68418684E-03  -7.27717299E-03  -1.45266000E-02   4.08085808E-02
  -3.37468530E-03  -9.34829877E-04  -2.77737360E-02   3.90084200E-02
  -5.16513642E-03   7.70506886E-05  -2.97882371E-02   3.45149785E-02
  -5.25112962E-03   4.67405654E-03  -2.45732106E-02   2.07133330E-02
  -7.05923885E-03   8.74669198E-03  -1.44101754E-02   2.08597202E-02
  -6.88167429E-03   1.76412873E-02   4.94621519E-04   1.58527773E-02
  -7.18375342E-03   1.24073299E-02   8.97596404E-03   1.11752171E-02
  -7.46191060E-03   1.54539067E-02  -1.50531344E-02  -3.90155683E-03
  -7.81627651E-03   1.20170219E-02  -2.72239912E-02  -1.62975751E-02
  -7.22402381E-03   8.28246213E-03  -4.25809473E-02  -3.51616228E-03
  -9.51191317E-03   1.19771129E-02  -4.08956707E-02  -1.23783480E-02
  -9.11794044E-03   1.14707286E-02  -3.09748240E-02  -6.58154720E-03
  -9.74924117E-03   8.41358304E-03  -2.52687410E-02   3.15662194E-03
  -1.02491211E-02   1.51923038E-02  -2.71862224E-02  -8.51324759E-03
  -1.00767128E-02   1.48088057E-02  -1.89665258E-02  -1.78929698E-03
  -9.45179444E-03   8.42961948E-03  -2.90409755E-02  -1.84931848E-02
  -8.41977261E-03   1.07711209E-02  -3.01532615E-02  -2.92263050E-02
  -9.68778692E-03  -5.28686214E-04  -2.13377252E-02  -2.03299597E-02
  -1.02519123E-02  -6.89592818E-03  -1.90799255E-02  -1.20013589E-02
  -9.16433334E-03  -5.09738084E-03  -1.32805221E-02   1.40412804E-02
  -8.92600045E-03   1.46412975E-04  -1.02959070E-02   8.20895191E-03
  -7.15018949E-03  -8.01045261E-03  -8.06382578E-03   5.10153547E-03
  -6.78683771E-03   1.03269878E-03  -1.02322679E-02   1.04909828E-02
  -8.26008152E-03   1.66015537E-03  -1.52115934E-02  -1.20198459E-03
  -8.40408728E-03   2.19382509E-03  -1.86482277E-02  -1.38961058E-02
  -8.05781409E-03  -6.94388058E-03  -1.40427891E-02  -1.44382520E-02
  -8.28191172E-03  -3.30411154E-03  -3.89979966E-02   3.85842263E-03
  -7.82051962E-03  -1.22200754E-02  -3.76830958E-02   1.59158055E-02
  -6.79555489E-03  -9.13464837E-03  -3.04232780E-02   2.79882979E-02
  -6.75098458E-03  -7.09346076E-03  -2.10880302E-02   2.95899138E-02
  -7.35517498E-03  -1.71300787E-02  -3.31028625E-02   1.25574926E-02
  -6.06456259E-03  -1.85829066E-02  -2.81358343E-02   8.72289576E-03
  -5.72941825E-03  -7.67490733E-03  -3.61651964E-02  -1.69509854E-02
  -4.93415538E-03  -4.15425561E-03  -2.03031432E-02  -5.50769502E-03
  -4.91154194E-03  -5.70654636E-03   7.31748529E-04  -1.70551017E-02
  -4.73665958E-03   2.75085971E-04   2.51132660E-02   4.43989877E-03
  -5.14695141E-03   5.93236042E-03   3.96013260E-02  -2.43161377E-02
  -4.71067196E-03  -2.11043078E-02   3.45315449E-02  -2.70155519E-02
  -5.93775511E-03  -2.00642608E-02   3.43606994E-02  -1.61401499E-02
  -6.60368009E-03  -1.63380336E-02   3.04731578E-02  -2.39215065E-02
  -6.38843374E-03  -1.73730273E-02   2.90100873E-02  -4.70577599E-03
  -6.61254395E-03  -2.25096717E-02   3.39598991E-02   9.99227818E-03
  -6.58426108E-03  -2.74431277E-02   2.22196206E-02   3.87520418E-02
  -6.52787369E-03  -2.02900115E-02   3.15851979E-02   3.39732133E-02
  -6.32986799E-03  -2.10720692E-02   1.89950448E-02   3.36165875E-02
  -7.98943546E-03  -1.65767521E-02   2.82302126E-02   2.73378156E-02
  -7.25719379E-03  -1.43213775E-02   3.11574750E-02   1.03283459E-02
  -7.29499338E-03  -1.38751883E-02   2.21333802E-02  -8.50886200E-03
  -7.71103473E-03  -1.91776804E-03   5.26732905E-03  -1.52587881E-02
  -7.83825852E-03  -9.38058924E-03  -2.41859145E-02  -1.91169791E-02
  -7.22036231E-03  -1.08258305E-02  -3.01818736E-02  -2.07231045E-02
  -8.26598331E-03  -6.83217216E-03  -1.96789186E-02  -2.46771760E-02
  -8.31695087E-03  -6.89677242E-03   7.19462754E-03  -2.11621169E-02
  -7.49735767E-03  -8.83556344E-03   9.63514857E-03   8.30179639E-03
  -7.81606603E-03  -1.37404480E-03   9.68677923E-03   2.02812981E-02
  -7.27261184E-03   7.71991676E-03   1.22641148E-02   7.83897849E-05
  -8.08935799E-03   1.56323779E-02   1.66410450E-02  -1.53233586E-02
  -7.92932510E-03   1.19981980E-02   1.98676344E-02  -3.62900496E-02
  -7.68283661E-03  -1.02403481E-03   4.00625132E-02  -5.05897328E-02
  -8.32279027E-03  -8.27499758E-03   5.75669073E-02  -6.81632087E-02
  -8.29060189E-03  -2.39129318E-03   4.59664725E-02  -4.89129834E-02
  -7.79786985E-03  -5.51951490E-03   4.69191782E-02  -4.48706560E-02
  -6.58214558E-03  -7.83585361E-04   3.62439528E-02  -2.76502650E-02
  -6.00487506E-03  -3.54709430E-03   4.21680659E-02  -2.03737449E-02
  -6.67914608E-03   1.24605873E-03   3.22804973E-02  -1.80165153E-02
  -6.16449676E-03   1.49898184E-03   2.97794975E-02  -1.93695631E-02
  -6.37329789E-03   7.27485726E-03   2.54898444E-02  -4.63486724E-02
  -6.63794484E-03   1.85470993E-03   2.80959774E-02  -3.99725549E-02
  -6.62472425E-03  -2.55483948E-03   1.73280369E-02  -3.69442701E-02
  -7.54018966E-03  -5.89752104E-03   3.01969368E-02  -3.35368365E-02
  -6.66266028E-03  -3.75320436E-03   3.24543379E-02  -3.76722515E-02
  -6.22658292E-03   1.91753393E-03   5.35674691E-02  -4.47392873E-02
  -5.61031327E-03   2.70111894E-04   3.74018028E-02  -2.17360388E-02
  -5.08113531E-03   6.77992729E-03   3.79216261E-02  -2.90249921E-02
  -6.06223522E-03   1.90729816E-02   3.51192839E-02  -7.94156455E-03
  -7.18615903E-03   9.51393135E-03   3.64842489E-02  -7.71987066E-03
  -6.46672910E-03   1.14346063E-02   4.87300046E-02   5.68828778E-03
  -6.36647362E-03   1.15545299E-02   3.54695395E-02   3.30504403E-02
  -5.42560173E-03   1.16270306E-02   2.73621604E-02   4.77239825E-02
  -4.95948968E-03   7.27246935E-03   1.72289424E-02   5.03652468E-02
  -5.01771923E-03   1.61272977E-02   1.81210376E-02   3.33936885E-02
  -5.89324301E-03   2.03313511E-02   1.36039713E-02   6.35163710E-02
  -5.38290804E-03   2.91909687E-02   1.67520251E-02   6.62792102E-02
  -4.72065667E-03   2.52538491E-02   8.35329853E-03   2.81076655E-02
  -4.08905232E-03   1.87195800E-02   1.37007264E-02   1.14011709E-02
  -3.08460277E-03   2.24599149E-02   4.99215582E-03   1.20541537E-02
  -2.28870101E-03   1.53731108E-02   3.54744052E-03   1.95270323E-03
  -2.36680661E-03   7.44304759E-03  -9.24050715E-03  -5.25553944E-03
  -2.76871305E-03   1.67926052E-03   4.81407251E-03  -2.54626703E-02
  -3.72891221E-03  -9.25192796E-03   1.89059880E-03  -1.37084294E-02
  -3.45116621E-03  -1.44967893E-02   1.40662184E-02  -4.23026048E-02
  -3.76297813E-03  -1.54852495E-02   1.56328883E-02  -4.51845713E-02
  -5.42390300E-03  -1.63349658E-02   1.32121071E-02  -1.87385362E-02
  -3.83423269E-03  -1.51115619E-02   2.31009210E-03  -1.64285917E-02
  -4.46850620E-03  -8.34066607E-03   8.09327886E-03   3.30564845E-03
  -4.06866660E-03   1.94337044E-03   6.51810085E-03  -2.19183546E-02
  -3.66204022E-03   2.27657077E-03   1.04209892E-02  -4.93561756E-03
  -4.24125139E-03   8.17252265E-04   5.05766412E-03   9.30934399E-03
  -3.64036579E-03   2.47407984E-03   2.51050806E-04   1.58598218E-02
  -2.09041568E-03  -5.97343408E-03  -8.57134443E-03   2.11369488E-02
  -2.58332468E-03   2.76812003E-03  -4.45054146E-03   3.03782839E-02
  -3.20048444E-03  -4.71000794E-06  -9.64960363E-03   1.03056105E-02
  -2.89655477E-03   3.51276295E-03   2.25533005E-02  -4.49132058E-04
  -4.40595765E-03  -9.63118859E-03   9.85196978E-03  -8.31379366E-05
  -4.18898277E-03  -2.42274208E-03   1.55977244E-02   7.60788796E-03
  -3.99950007E-03   5.18554728E-03   8.39822832E-03   1.47000584E-03
  -3.15864314E-03  -1.26024988E-03   1.17866267E-02   1.03398180E-02
  -1.03170588E-03  -1.09828089E-03   9.68854874E-03   3.96249350E-03
  -2.23519257E-03  -1.04668001E-02   2.33736765E-02  -3.49806156E-03
  -2.43516732E-03  -1.59054827E-02   2.34645568E-02  -1.03735249E-03
  -3.18611949E-03  -2.24865172E-02   1.70991514E-02   2.47451104E-03
  -2.18050950E-03  -1.23636313E-02   1.79384481E-02   3.25277774E-03
  -2.47210637E-03   1.75373018E-04   2.04098113E-02  -4.40255692E-03
  -2.34095729E-03   5.13425050E-03   2.53632274E-02  -4.19277372E-03
  -1.88915664E-03  -1.68584683E-03   2.19794773E-02  -7.89412181E-04
  -1.52150285E-03  -3.87397129E-03   1.88352298E-02   2.04253551E-02
  -4.60778916E-04  -6.48643030E-03   3.11878119E-02   1.57826692E-02
   7.75360910E-04  -9.09496448E-04   1.28198229E-02   1.43474769E-02
   2.15157415E-04   2.64305767E-04   9.10163682E-04   5.45113999E-03
   6.82670507E-04  -4.50041424E-03   1.95052829E-02   4.65706130E-03
   2.42833211E-03  -9.93006490E-03   3.15921716E-02  -8.41232203E-03
   1.93506584E-03  -1.20438328E-02   2.15802975E-02  -4.86068334E-03
   1.08091172E-03  -5.16203279E-03   1.29811848E-02   1.46257021E-02
   4.52991895E-04  -7.53484759E-03   4.35355119E-02   5.02746087E-03
   5.46000665E-04  -4.29128623E-03   4.62997369E-02   6.27249014E-03
   3.74699390E-04   2.13457053E-04   5.37278280E-02  -5.24647068E-04
   2.00593891E-03  -3.05349869E-03   4.37781438E-02  -2.43770611E-02
   1.37264200E-03  -3.17038083E-03   2.66533513E-02  -1.73250251E-02
   8.14449391E-04  -3.14067141E-03   4.75946218E-02  -2.12536026E-02
   2.80963606E-04  -9.03769280E-04   4.98874523E-02  -2.32311841E-02
   8.47017218E-04   3.41656298E-04   1.95338614E-02  -2.43370682E-02
   1.71641912E-03  -1.01017337E-02   5.98580064E-03  -2.60125510E-02
   1.78777135E-03   1.61001016E-03  -6.44529864E-05  -1.07794628E-02
   1.96709344E-03   4.83873766E-04   6.12954795E-03  -1.40466262E-02
   2.37569027E-03  -1.95572758E-03   5.12012979E-03  -7.85373338E-03
   2.44547008E-03   3.50043830E-03   8.35095998E-03  -1.91138294E-02
   2.92853685E-03  -7.71391089E-04   6.59317803E-03  -5.87933790E-03
   3.01936688E-03  -3.03372624E-03   1.51717907E-03  -4.62365802E-03
   3.53735592E-03  -6.26133103E-03  -2.48941081E-03   7.09727919E-03
   3.51175736E-03  -1.11799799E-02  -9.40752309E-03   1.96535885E-02
   1.88795140E-03  -1.79192722E-02  -3.63462744E-03   2.52255276E-02
   1.38898846E-03  -9.87356994E-03  -4.07713465E-03   2.56018452E-02
   1.42677664E-03  -1.52143268E-02  -6.57350291E-03   1.84132382E-02
   2.19968031E-03  -1.82077046E-02  -1.78835280E-02   1.43331168E-02
   8.21767491E-04  -2.65984703E-02  -2.39779744E-02   2.38495693E-02
   8.19132256E-04  -1.64888501E-02  -1.87043250E-02   2.53016371E-02
   1.36851298E-03  -1.56723130E-02  -2.52992045E-02   1.05540548E-02
   1.43814122E-03  -1.71838161E-02  -1.34676639E-02   8.38071387E-03
   1.19667815E-03  -7.95788597E-03  -1.48502449E-02   1.47169468E-03
   2.07360554E-03  -1.39171155E-02  -1.56956278E-02  -3.09310257E-02
   1.38077780E-03  -7.32816709E-03   5.41743170E-03  -2.46730391E-02
   1.25975534E-03  -8.05994403E-03   7.04762200E-03  -1.87373832E-02
   4.17487579E-04   4.57543833E-03  -9.83726140E-03  -2.05222536E-02
  -6.38931931E-04  -5.43296197E-03  -3.91011545E-03  -3.39569747E-02
   7.84297648E-04   3.79915908E-03  -1.75789446E-02  -2.56255511E-02
   2.03492484E-04  -1.76715280E-03  -3.35676130E-03  -5.51153868E-02
   7.32076413E-04  -1.17402254E-02   1.51470099E-02  -3.03794853E-02
  -6.82402926E-04  -6.32910617E-03   2.89653614E-03  -4.78065312E-02
  -1.23010705E-05  -8.18122737E-03  -1.26012194E-03  -3.48575972E-02
  -2.74983118E-04  -1.42547516E-02  -2.66331993E-02  -4.72611822E-02
   1.94317872E-05  -4.77821799E-03  -2.90381201E-02  -3.65628786E-02
  -9.46178508E-04  -1.29609427E-03  -4.53715958E-03  -6.13474250E-02
  -8.84085719E-04   9.61565971E-03  -1.06710744E-04  -5.32223172E-02
  -1.16866222E-03   1.52160013E-02   4.06671735E-03  -4.19626907E-02
  -1.27841532E-03   9.72716510E-03  -1.67569006E-03  -4.58056182E-02
  -1.10681751E-03   1.94037538E-02   1.46884210E-02  -5.10968789E-02
  -7.65550649E-04   5.28802630E-03   7.07555516E-03  -3.62882689E-02
  -1.67873886E-03   1.72422230E-02   4.34407126E-03  -2.26956401E-02
  -1.36495440E-03   1.50583833E-02   7.81333633E-03   2.62752431E-03
  -1.68349338E-03   1.83705408E-02  -4.96321591E-03   7.81389012E-04
  -2.16141669E-03   1.83723662E-02  -1.05854971E-02   3.85932741E-03
  -3.08720907E-03   9.51649155E-03  -8.39340035E-03  -4.85986844E-03
  -3.68076237E-03   1.33160502E-02  -1.30567076E-02  -8.04538652E-03
  -3.95439146E-03   2.58063152E-02  -1.42678954E-02  -1.05888722E-02
  -3.59564996E-03   1.48819210E-02  -5.18362457E-03  -9.43657104E-03
  -3.38285253E-03   6.04668958E-03  -1.01792905E-02  -1.34464419E-02
  -4.00812272E-03   5.52644627E-03  -1.13077760E-02  -2.24501025E-02
  -5.26645733E-03  -1.05190231E-02  -2.41349246E-02  -2.23386101E-03
  -4.97026695E-03  -2.08756924E-02  -1.83567610E-02  -1.04910359E-02
  -5.47105866E-03  -1.52580971E-02  -3.15750204E-02  -3.92456502E-02
  -7.24341813E-03  -3.12995026E-03  -3.72666605E-02  -2.40607932E-02
  -7.76190544E-03  -6.48267427E-03  -4.54163328E-02  -3.55427191E-02
  -8.25548451E-03  -2.75443122E-03  -4.57052849E-02  -2.59134099E-02
  -8.63986835E-03  -8.07316136E-03  -4.45540808E-02  -1.42940646E-02
  -8.57460778E-03  -7.48965982E-03  -3.30972485E-02  -1.85409747E-03
  -9.34634358E-03  -1.25746662E-03  -2.27977838E-02   1.01771234E-02
  -9.32794157E-03  -3.60388216E-03  -1.15111712E-02  -1.48888333E-02
  -8.60734005E-03   4.04356699E-03  -7.59734167E-03  -1.52540347E-02
  -8.43830965E-03  -1.74192851E-03  -2.25828886E-02  -2.29469836E-02
  -7.56248087E-03   1.00944773E-03  -2.40588337E-02  -2.04637703E-02
  -8.58956296E-03  -1.22918002E-02  -2.95459032E-02  -1.77280996E-02
  -9.11010057E-03  -8.16956442E-03  -3.38474363E-02  -3.26451249E-02
  -1.01864766E-02  -4.53545246E-03  -2.68352870E-02  -5.73689584E-04
  -1.08702071E-02   3.42285330E-03  -2.38990318E-02  -1.81587867E-03
  -1.16017740E-02  -4.79685172E-04  -1.12796035E-02  -6.22431235E-03
  -1.13803018E-02   1.15165524E-02  -4.12718393E-03  -4.18711547E-03
  -1.02235163E-02   1.03520788E-02  -2.71175825E-03  -1.31708719E-02
  -9.84844193E-03   1.08588198E-02   3.56195611E-03  -1.30941700E-02
  -1.07320761E-02   1.60055924E-02   1.58907802E-04  -9.23250522E-03
  -1.06367031E-02   2.05992218E-02   1.85834952E-02  -1.97546706E-02
  -1.03838658E-02   1.01799406E-02   1.87190417E-02  -2.48034038E-02
  -1.02963122E-02   1.45710995E-02   1.63094494E-02  -1.18272081E-02
  -9.67716705E-03   1.95527226E-02   3.01598851E-02  -4.51962724E-02
  -1.03433933E-02   2.10290328E-02   3.54881175E-02  -3.04071791E-02
  -1.12515213E-02   1.95977595E-02   4.00776081E-02  -4.29691523E-02
  -9.83926468E-03   1.73813365E-02   4.67588715E-02  -5.46094440E-02
  -9.41082183E-03   2.69166511E-02   3.53653617E-02  -5.39526604E-02
  -9.08764638E-03   3.35378945E-02   3.10528874E-02  -7.49748647E-02
  -9.34163388E-03   3.70020419E-02   4.29146402E-02  -6.66439682E-02
  -9.91213229E-03   4.05920930E-02   3.45666781E-02  -4.88066711E-02
  -9.49643552E-03   5.30275553E-02   3.17509547E-02  -3.14909108E-02
  -9.77123622E-03   5.20096049E-02   3.14389281E-02  -1.15826791E-02
  -8.55433755E-03   5.31379320E-02   2.28818338E-02  -1.75863598E-02
  -7.90580269E-03   5.03059402E-02   2.85664620E-03  -6.56853337E-03
  -6.97615137E-03   3.19521539E-02   1.82207637E-02   1.12989927E-02
  -6.94919983E-03   2.81885602E-02  -1.27894459E-02  -1.09602828E-02
  -6.08481746E-03   3.12935188E-02  -3.71985473E-02  -2.10782215E-02
  -5.83068235E-03   3.41674387E-02  -4.13946621E-02  -1.13334199E-02
  -5.49945328E-03   4.00129221E-02  -5.01173697E-02  -1.70323048E-02
  -4.86424286E-03   4.33124378E-02  -4.88639250E-02  -4.16001957E-03
  -5.31871058E-03   3.05160340E-02  -4.01688255E-02   1.44956009E-02
  -5.73957432E-03   1.16607994E-02  -4.52533588E-02   1.67375356E-02
  -6.15903037E-03   2.75198799E-02  -5.68323620E-02   1.58170238E-02
  -7.28719402E-03   2.72541884E-02  -4.29980606E-02   3.23674791E-02
  -8.05336144E-03   2.44494155E-02  -4.48712409E-02   5.49824676E-03
  -6.83263922E-03   3.14237066E-02  -4.85938527E-02  -2.98093334E-02
  -6.72981376E-03   4.02351432E-02  -6.17950782E-02  -2.68135779E-02
  -7.29873450E-03   3.63195203E-02  -6.26012161E-02  -2.39097625E-02
  -6.46033185E-03   2.53246352E-02  -6.74223006E-02  -1.09074998E-03
  -5.62011125E-03   1.80538706E-02  -7.26069510E-02  -6.55465666E-03
  -6.33032015E-03   2.33126674E-02  -7.57488310E-02  -6.14348287E-03
  -5.61629282E-03   2.23915037E-02  -4.65420447E-02   1.92508269E-02
  -6.16653729E-03   1.85189545E-02  -3.60112824E-02   2.30378322E-02
  -5.82585903E-03   2.75123399E-02  -3.38706113E-02   2.49893498E-02
  -4.97711403E-03   1.87675878E-02  -2.01408677E-02   1.31217148E-02
  -4.72436752E-03   1.78546291E-02  -1.37128178E-02   2.24124454E-02
  -5.45500871E-03   2.60370355E-02  -1.36156091E-02   1.93736833E-02
  -5.15404949E-03   2.12516915E-02  -2.23869830E-02   3.26910876E-02
  -5.47623402E-03   1.80006437E-02  -3.24840918E-02   6.18651742E-03
  -5.28380740E-03   1.21320346E-02  -3.70231867E-02   2.64174156E-02
  -5.07645123E-03  -2.72087567E-03  -3.88281532E-02  -5.43335453E-04
  -4.24666656E-03  -7.08172796E-03  -4.60744873E-02  -1.13211945E-02
  -4.01171250E-03  -2.95386203E-02  -4.09082919E-02  -5.28739113E-03
  -3.89795727E-03  -2.10823249E-02  -4.08455022E-02  -3.08199413E-02
  -3.47124832E-03  -2.06533782E-02  -4.73090522E-02  -1.94460507E-02
  -2.54507666E-03  -1.31461807E-02  -5.34563027E-02  -2.66618989E-02
  -2.53504235E-03  -1.11157000E-02  -4.92832810E-02  -3.63587700E-02
  -1.32058270E-03  -1.22377062E-02  -3.80121544E-02  -1.65247563E-02
  -4.55590693E-04  -1.39083108E-02  -1.61387026E-02  -2.12718938E-02
   4.16384020E-04  -2.71590929E-02  -4.20836499E-03   1.56704325E-03
   1.09986064E-03  -1.90332271E-02  -2.42036097E-02   2.53744833E-02
   7.66429119E-04  -9.36301611E-03  -2.23061293E-02   5.71056502E-03
   2.96061567E-04  -2.68905074E-03  -1.51668666E-02   1.54228704E-02
   1.29109540E-03  -1.85269974E-02  -1.16923098E-02  -4.06805193E-04
   9.15410637E-04  -8.66241008E-03  -2.30806824E-02  -1.86095443E-02
   1.52034406E-03  -1.20090665E-02  -1.84662398E-02  -1.16312932E-02
   2.30362266E-03  -1.29874134E-02  -1.59184299E-02   3.25606973E-03
   2.33284640E-03  -1.70699786E-02  -2.84700561E-02  -5.47782518E-03
   2.25568772E-03  -1.26188518E-02  -2.61158273E-02  -3.10619269E-03
   1.69725914E-03  -1.57919805E-02  -9.39763896E-03  -1.09155402E-02
   1.67080713E-03  -4.27739415E-03   2.21311068E-03  -1.84233133E-02
   1.86626415E-03  -4.44599055E-03   1.79954506E-02  -2.59022973E-03
   1.89218658E-03   1.68600795E-03   2.08412390E-02   1.33937588E-02
   3.45206680E-03  -8.37705005E-03   1.27037754E-02   1.84410643E-02
   3.48494854E-03  -3.22234444E-03   1.50542157E-02  -1.05972309E-02
   3.18629248E-03   1.47361332E-03   1.95395108E-02  -1.25359241E-02
   3.34064756E-03   1.33602100E-03   1.56062478E-02  -2.15023980E-02
   3.04486672E-03  -6.69425214E-03   1.42839896E-02  -2.46909186E-02
   2.31827679E-03  -1.26410387E-02   1.79898627E-02  -2.34728921E-02
   1.98692549E-03  -8.92243756E-04  -7.51622545E-04  -1.70417000E-02
   2.28674314E-03  -1.62635162E-03   4.52761538E-03  -2.45754737E-02
   1.86585076E-03  -3.15222819E-03   1.33088054E-02  -1.64412297E-02
   2.97267037E-03  -7.02683860E-03   1.18643707E-02  -5.56288362E-02
   3.42591084E-03  -1.22059677E-02   1.37111759E-02  -5.53663149E-02
   4.12015244E-03  -1.23896180E-02   2.54052803E-02  -6.37592971E-02
   3.94935859E-03  -1.31091811E-02   1.18101686E-02  -5.57505079E-02
   4.31508105E-03  -1.93273183E-02   3.53279635E-02  -5.69748059E-02
   4.11562575E-03  -2.10199114E-02   1.60353146E-02  -4.59840074E-02
   4.26160777E-03  -2.44380906E-02  -6.66833948E-03  -2.17054412E-02
   4.57853079E-03  -1.62343532E-02  -3.58557468E-03   6.60847640E-04
   4.28474275E-03  -1.60877816E-02   7.04863807E-03  -6.56246906E-04
   3.82632995E-03  -1.74149480E-02  -5.95416117E-04   2.13593636E-02
   2.78386893E-03   2.06739386E-03  -1.14719919E-03   9.40647162E-03
   2.28936039E-03   1.70335453E-02  -2.01481598E-04   5.68825332E-03
   1.92305667E-03   2.16411483E-02   1.15684764E-02   4.71971221E-02
   1.82746851E-03   2.99486257E-02   5.72268432E-03   5.50598390E-02
   1.98940607E-03   2.87070870E-02   1.04238372E-02   4.81703505E-02
   2.24280381E-03   3.75663117E-02   1.21813186E-03   1.79046709E-02
   2.55672494E-03   3.23079638E-02   1.48582517E-03   1.10322069E-02
   3.23675014E-03   2.72200294E-02  -9.80146602E-03   2.41680369E-02
   3.24459816E-03   2.00481396E-02  -1.38375405E-02   2.42693182E-02
   3.37817403E-03   1.66778788E-02  -1.53015368E-02   3.52005064E-02
   3.95074906E-03   2.14514304E-02  -1.60557888E-02   4.03137133E-02
   3.66332475E-03   1.78136490E-02  -8.35757144E-03   3.65065522E-02
   3.16486345E-03   2.80982144E-02   3.70333367E-03   3.05633731E-02
   2.56199925E-03   2.76850481E-02   9.77395335E-04   2.52771229E-02
   3.24540562E-03   2.85459924E-02  -1.23794265E-02   1.09076556E-02
   2.26338301E-03   3.35522108E-02  -1.87895615E-02   1.32424049E-02
   1.69247354E-03   3.40651833E-02  -3.15787531E-02   1.32508436E-02
   1.95865706E-03   2.96650808E-02  -2.62902342E-02   1.92923769E-02
   2.33815983E-03   1.78114623E-02  -6.72159158E-03   2.30462849E-02
   2.43433099E-03   1.97008122E-02   1.30238840E-02   2.88575888E-02
   2.36107409E-03   3.54161882E-03   1.37924245E-02   4.30840589E-02
   2.51040049E-03   2.87884613E-03   1.28357140E-02   3.20581086E-02
   1.66955939E-03   1.05650071E-02  -1.08083524E-03   1.67867225E-02
   1.59633183E-03   8.30263365E-03  -1.46406703E-02   1.95485409E-02
   1.88206951E-03   1.03169959E-02  -2.15640720E-02   2.54795160E-02
   2.79827230E-03   1.12266447E-02  -6.83655124E-03   2.09748857E-02
   2.19282857E-03   1.43488692E-02   8.29807541E-04   2.14916188E-02
   2.06411490E-03   1.00609008E-02   4.24806308E-03  -8.51548649E-03
   2.26094713E-03   8.70535243E-03   4.73113358E-03  -2.64370744E-03
   1.96994236E-03   2.50727143E-02  -1.04477759E-02   3.73767130E-03
   2.35830760E-03   2.46959608E-02  -1.42363133E-02   9.53625701E-03
   1.79674709E-03   2.29852945E-02  -2.38084346E-02   7.74774374E-03
   1.04022771E-03   2.16324665E-02  -1.18384715E-02   1.05531681E-02
   1.84533058E-03   1.74041018E-02  -2.65598414E-03   1.79456314E-04
   1.59176020E-03   1.45073393E-02   2.23005307E-03   1.91395544E-02
   1.92950282E-03   1.47270905E-02   9.43887513E-03   1.95206553E-02
   1.64994563E-03   1.62156653E-02   7.67181814E-03   2.86800191E-02
   9.51170281E-04   2.23806538E-02   1.44169098E-02   1.28995730E-02
   1.43083371E-03   3.84723991E-02   9.82362777E-03  -1.57534983E-02
   1.87629706E-03   2.19116919E-02   1.35499388E-02  -3.18064950E-02
   8.78944120E-04   1.26534719E-02   2.66603306E-02  -3.98968533E-02
   1.92380801E-03   7.49512622E-03   3.12823504E-02  -2.42742114E-02
   1.71832170E-03  -3.59956152E-03   1.98161192E-02  -3.36190350E-02
   1.14734494E-03  -1.06471758E-02   1.86329447E-02  -1.31148156E-02
   2.24121497E-03  -1.60805939E-04   3.44176665E-02   1.41683063E-02
   2.04684353E-03   1.79781194E-03   3.42273712E-02   3.55669782E-02
   2.64360430E-03   6.58583920E-03   3.17837149E-02   3.02835293E-02
   2.47583212E-03   4.79491102E-03   1.86269339E-02  -2.02625873E-03
   2.55202409E-03   1.30998855E-02   2.89396588E-02   1.22339586E-02
   2.45221215E-03   7.33083300E-03   2.04070434E-02   2.02511791E-02
   2.70632049E-03   1.04258480E-02   2.55157594E-02   6.18941290E-03
   2.18346901E-03  -2.26520817E-03   3.08676250E-02   3.74868955E-03
   1.54303026E-03  -7.96416681E-03   3.62231657E-02   1.07927437E-04
   1.14515296E-03  -1.38573600E-02   3.37098651E-02  -2.32629497E-02
   1.47770299E-03  -2.09039412E-02   1.87712628E-02   3.84259591E-04
   8.00109003E-04  -3.04002054E-02   1.04630401E-03   9.47168656E-03
   1.16148416E-03  -3.23228054E-02   1.03292018E-02   1.89416427E-02
   4.81061114E-04  -2.49287747E-02   1.06879128E-02   2.17608269E-02
   1.74480185E-04  -2.92334538E-02   1.04940198E-02   1.36070261E-02
   4.05870844E-04  -2.83443537E-02   1.25094205E-02   6.54171780E-03
   2.78056017E-04  -3.13697383E-02   3.09240576E-02   5.65662701E-03
   1.00649282E-04  -2.82155294E-02   2.69900002E-02   3.68445995E-03
  -1.39378433E-04  -2.61471290E-02   1.90064404E-02  -1.58747425E-03
   5.67648385E-05  -3.62956077E-02   1.43320616E-02  -2.74699065E-03
   2.22718270E-04  -2.50366852E-02   2.22400278E-02   1.45050809E-02
   3.29013739E-04  -1.17157493E-02   2.34923325E-02   4.36938507E-03
  -1.65930964E-04  -2.45097782E-02   2.64887535E-03  -7.67464735E-05
   4.74022963E-04  -2.77561229E-02  -9.42191482E-03   4.93812421E-03
   4.59372124E-04  -4.56755012E-02  -2.20223181E-02  -7.33724190E-03
   4.37364448E-04  -4.13145162E-02  -4.15855944E-02  -9.82901640E-03
   3.59712285E-04  -4.70192693E-02  -4.61143889E-02  -1.52408462E-02
   8.88183073E-04  -4.58572358E-02  -5.43764494E-02  -3.31345424E-02
   7.76018132E-04  -3.40135694E-02  -3.66105102E-02  -3.53803970E-02
   1.83420640E-03  -2.26170924E-02  -3.05519085E-02  -1.56141315E-02
   2.55460176E-03  -2.43668929E-02  -3.12622674E-02  -1.83841046E-02
   2.59350985E-03  -3.33826691E-02  -3.01363450E-02  -3.34569924E-02
   1.68863987E-03  -2.37151533E-02  -2.54569612E-02  -3.90917063E-02
   1.52364117E-03  -2.27612182E-02  -4.03664894E-02  -2.75402535E-02
   1.53565465E-03  -2.46885587E-02  -3.19619663E-02  -2.71939337E-02
   1.80739700E-03  -2.20563393E-02  -4.03790735E-02  -3.50953229E-02
   1.67698716E-03  -1.16317542E-02  -3.83621603E-02  -3.82162407E-02
   1.84660440E-03  -6.98921410E-03  -2.32956819E-02  -5.53000532E-02
   3.33229196E-03  -2.07265019E-02  -2.44334340E-02  -5.23516349E-02
   3.41587234E-03  -2.99409181E-02  -8.00095219E-03  -4.68095243E-02
   3.84201505E-03  -3.42409946E-02  -1.67962555E-02  -5.27994409E-02
   4.54930076E-03  -2.63052415E-02  -1.98029988E-02  -3.74720246E-02
   4.79582418E-03  -1.53185111E-02  -1.31631270E-02  -3.25857401E-02
   4.28117812E-03  -1.23772332E-02  -3.58786359E-02  -2.96159312E-02
   3.71102151E-03  -1.26931975E-02  -1.13346102E-02  -1.19677493E-02
   3.86844273E-03  -8.42879154E-03  -1.93806225E-03  -1.02687357E-02
   4.03318089E-03  -8.20874050E-03   1.48267960E-02   1.01543656E-02
   4.48028371E-03  -9.91084240E-03   1.76904853E-02   2.36932654E-02
   3.90569470E-03  -5.15489746E-03   1.22386543E-02   3.94472592E-02
   3.69331939E-03   5.61919436E-03   2.42222492E-02   3.88955623E-02
   4.43906896E-03   1.49495574E-02   1.85186192E-02   3.96372043E-02
   4.63714451E-03   1.77593455E-02   5.33025188E-04   1.73550826E-02
   4.90017701E-03   1.87483151E-02  -1.67349335E-02   2.35368870E-03
   4.71609365E-03   2.68205870E-02  -4.81013535E-03  -1.35750445E-02
   4.99755982E-03   2.31216755E-02  -1.18776746E-02   5.36577543E-03
   4.60218266E-03   1.95434242E-02  -1.26875425E-03   1.75767038E-02
   3.73209058E-03   2.15653218E-02   2.54526292E-03   1.27653836E-03
   4.60871449E-03   2.25286689E-02   1.20194480E-02   1.28651904E-02
   4.55901120E-03   2.51291934E-02   1.12373475E-02  -9.62892547E-03
   5.53085329E-03   2.24505831E-03   7.13087106E-03  -2.29089409E-02
   5.69199910E-03  -6.34201104E-03   1.48919849E-02   1.48210544E-02
   5.86604560E-03  -5.63389738E-04   2.52549667E-02   1.37685984E-02
   5.94157167E-03   1.38945691E-03   9.38583817E-03   8.33796430E-03
   6.28956361E-03   2.02511484E-03   8.27538036E-03   1.62544567E-02
   6.76228013E-03   6.80471119E-03   1.01462724E-02   1.94958132E-02
   6.11288939E-03   1.14119099E-02   1.80562269E-02  -1.76001864E-04
   6.30472740E-03  -9.10041481E-03   1.93894543E-02  -8.90010037E-03
   6.79734815E-03  -2.08096933E-02   1.71337500E-02  -2.34032832E-02
   7.42735760E-03  -1.63434632E-02   1.74207166E-02  -8.58335849E-03
   7.91416597E-03  -1.39430249E-02   6.59095915E-03   4.45707282E-03
   8.03496223E-03  -1.13833286E-02  -7.26058194E-03   3.63403931E-03
   7.56384479E-03  -1.33276032E-02  -6.34887908E-03   6.76859403E-03
   8.12270027E-03  -1.34457962E-03   3.45798268E-04  -1.58342607E-02
   7.28127500E-03   1.08215362E-02  -7.19081319E-04  -1.89834870E-02
   6.84980210E-03   1.32714780E-02   8.61972850E-03  -3.37748043E-02
   6.65139221E-03  -4.11412120E-03   1.09098514E-03  -3.38106044E-02
   6.42707711E-03   1.67005626E-03   1.45821564E-03  -4.00277451E-02
   6.57899398E-03   6.57830387E-05   6.34462573E-03  -4.10417542E-02
   7.03533739E-03  -2.76052044E-03  -3.79375764E-03  -6.20103627E-02
   6.66498300E-03  -1.31230084E-02   6.83623739E-03  -5.02120815E-02
   6.44412730E-03  -1.54003296E-02   1.32783025E-03  -5.69404997E-02
   7.71898590E-03  -1.44713214E-02  -9.23801272E-04  -5.74876182E-02
   7.85010029E-03  -3.41668492E-03  -5.94529836E-03  -3.22483405E-02
   7.43681332E-03  -9.54727549E-03  -2.56102178E-02  -1.60810500E-02
   8.04355275E-03  -1.73311159E-02  -1.18111027E-02  -1.42680882E-02
   8.45265947E-03  -2.62043383E-02  -1.60870794E-03  -2.55591404E-02
   8.38207267E-03  -1.47062186E-02  -9.80206951E-03  -1.78017803E-02
   8.74016806E-03  -8.67945515E-03  -7.32433423E-03  -1.56382788E-02
   8.74933600E-03  -5.09669725E-03  -2.61758212E-02  -2.17096210E-02
   9.70949419E-03   5.81033621E-03  -2.42523644E-02  -9.79529577E-04
   9.89686325E-03   5.27381524E-03  -2.94535663E-02   1.09703066E-02
   9.76587459E-03  -3.59964627E-03  -1.87371988E-02   5.95653802E-03
   1.02059795E-02  -1.75086129E-02  -2.31070407E-02   7.31415674E-03
   9.80959553E-03  -8.48717429E-03  -4.80738282E-02   3.36925755E-03
   9.30145290E-03  -1.28197074E-02  -6.51668683E-02   1.97673850E-02
   9.03907511E-03  -5.37071005E-03  -6.14546277E-02   1.06831547E-02
   8.31199251E-03  -4.89622401E-03  -5.25805242E-02   2.11937148E-02
   9.10084043E-03  -1.26309199E-02  -4.04823646E-02   2.60227453E-02
   9.86187533E-03  -1.13666933E-02  -3.29715237E-02   1.64756086E-02
   1.01736560E-02  -2.46113036E-02  -2.57035289E-02  -5.79432212E-03
   1.05368122E-02  -1.61872096E-02  -2.18379293E-02  -7.48243323E-03
   1.13684088E-02  -1.17809093E-02  -1.32100089E-02   3.89136467E-03
   1.17881810E-02  -1.40786292E-02  -1.18742688E-02   2.04020776E-02
   1.14534562E-02  -6.54842006E-03  -1.46111427E-03   1.32931257E-02
   1.08980108E-02  -2.25366652E-02   7.70764658E-04   1.28036290E-02
   1.14465263E-02  -2.59536263E-02   5.35342889E-03   7.23390514E-03
   1.15559679E-02  -1.89495571E-02   2.01086439E-02   1.99069865E-02
   1.19710872E-02  -8.46448634E-03   1.64583158E-02   2.51203980E-02
   1.17740408E-02  -9.98165924E-03   3.01776938E-02   8.37199297E-03
   1.16507467E-02  -1.79426149E-02   2.00663507E-02  -8.13545007E-03
   1.11974394E-02  -2.07073744E-02   1.89024657E-02  -1.64235085E-02
   1.16972411E-02  -2.06530429E-02   2.18503401E-02   2.71233125E-03
   1.15642752E-02  -1.69445239E-02   8.89932085E-03  -1.67131517E-02
   1.14427051E-02  -1.93567816E-02  -1.04879832E-03  -1.11441519E-02
   1.13910902E-02  -1.04595413E-02   1.41049568E-02  -2.28666440E-02
   1.16255181E-02  -5.74389147E-03   3.90848005E-03  -3.31201330E-02
   1.09890569E-02   5.47434762E-03   1.26452092E-02  -2.02476885E-02
   1.14958035E-02   4.85636192E-05   5.58478199E-03   6.25757384E-04
   1.12990718E-02  -8.95367004E-03   2.77238041E-02   2.77267154E-02
   1.12568540E-02  -4.35866462E-03   3.44971009E-02   3.77241559E-02
   1.14226136E-02  -1.18043367E-03   2.73476057E-02   1.16337910E-02
   1.10787097E-02   1.49086036E-03   2.08080634E-02   8.47434066E-03
   1.03845904E-02   2.12227204E-03   1.20616462E-02   1.45654595E-02
   9.99789033E-03   4.01595002E-03   7.26196496E-03   1.66758038E-02
   1.04725724E-02  -3.55276954E-03  -1.98302306E-02   1.10527826E-02
   1.05418647E-02  -2.02643368E-02  -2.70702038E-02   1.31727941E-02
   1.08293062E-02  -1.12602562E-02  -1.96146891E-02   7.44813215E-03
   1.05471583E-02  -1.47248190E-02  -7.49651110E-03   2.44131684E-02
   9.87575110E-03  -1.80848651E-02   9.55879781E-03   1.17985741E-03
   9.65853035E-03  -1.29184602E-02   2.29176190E-02  -7.66101526E-03
   9.28801205E-03  -2.97476890E-05   2.08403002E-02  -5.30739035E-03
   9.80550796E-03   1.28876688E-02   3.55115905E-02   5.05269086E-03
   9.98174585E-03   8.12765956E-03   4.72788922E-02   1.01490170E-02
   9.57407616E-03   1.42904753E-02   4.52795364E-02   8.79811775E-03
   9.95127764E-03   1.63886938E-02   3.47896144E-02  -9.71159805E-03
   1.01912767E-02   1.95383895E-02   3.78126316E-02   2.47834134E-03
   1.07414005E-02   1.70960557E-02   3.02795488E-02  -1.82706546E-02
   1.10395635E-02   2.49922778E-02   2.06734464E-02  -2.31882371E-02
   1.06699532E-02   3.79473008E-02   6.49319077E-03  -2.75999699E-02
   1.14491032E-02   3.87148000E-02   4.25619818E-03  -2.04053037E-02
   1.20759942E-02   3.68342698E-02  -7.84907863E-03   3.96936713E-03
   1.21885240E-02   3.88126709E-02  -4.57386672E-03   1.22246388E-02
   1.29977940E-02   4.18053232E-02  -5.67361247E-03   1.39414342E-02
   1.33889383E-02   4.15315665E-02  -1.68337021E-03  -7.83867389E-03
   1.38262846E-02   3.34290154E-02  -4.42094449E-03  -6.81099249E-03
   1.33903120E-02   2.79282834E-02   5.94366901E-03  -3.39931808E-02
   1.36760641E-02   3.55430581E-02  -1.28682042E-02  -2.28316672E-02
   1.31637249E-02   2.66973525E-02   1.11912761E-03   4.27293824E-03
   1.27641680E-02   1.96999162E-02  -3.53533891E-03   1.78084057E-02
   1.32909454E-02   2.97479331E-02   7.35476671E-04   1.89823918E-02
   1.28382929E-02   3.33173200E-02  -6.44059619E-03   3.83593701E-02
   1.25900870E-02   3.49497907E-02  -1.69448778E-02   4.19122353E-02
   1.28586479E-02   2.92555299E-02  -2.44853888E-02   3.54727395E-02
   1.23562273E-02   2.55141389E-02  -1.32248355E-02   2.86969822E-02
   1.24986749E-02   2.46317256E-02  -1.18287075E-02   3.41285132E-02
   1.21925185E-02   2.67192628E-02  -1.20946094E-02   2.10131034E-02
   1.22412182E-02   3.75662930E-02  -4.73231217E-03   2.24958379E-02
   1.29838688E-02   3.35368775E-02  -1.69951245E-02   2.54884306E-02
   1.34719061E-02   3.31361145E-02  -1.59564074E-02   1.45845413E-02
   1.34924883E-02   3.40605006E-02  -3.83260427E-03   2.12978180E-02
   1.35011552E-02   2.98439674E-02   6.43838104E-03   7.11792323E-04
   1.35493856E-02   2.91514322E-02   5.62054059E-03   8.65938608E-03
   1.39665846E-02   1.51200928E-02  -9.57660563E-03   4.90250252E-03
   1.30710378E-02   7.01188110E-03  -2.12653596E-02   2.67674774E-02
   1.27387103E-02  -7.61685194E-04  -2.92857531E-02   1.70346517E-02
   1.22321071E-02  -1.51303993E-03  -1.36325797E-02   1.08782342E-02
   1.21661648E-02   5.54599380E-03  -8.08954798E-03  -4.16599121E-03
   1.17015792E-02   9.76925134E-04  -5.44907385E-03  -3.72165209E-03
   1.18187871E-02   3.24436417E-03  -4.89039952E-03  -1.84927620E-02
   1.16197495E-02  -7.51116080E-03  -2.05587549E-03  -1.11357374E-02
   1.14791254E-02  -9.52852890E-03  -1.68328285E-02  -2.30599232E-02
   1.13363750E-02  -1.49905169E-02  -3.90822440E-02  -2.56311484E-02
   1.12729808E-02  -2.15444844E-02  -4.55408208E-02   1.64736062E-02
   1.13552222E-02  -8.87151714E-03  -3.82537544E-02   6.77259732E-03
   1.16295461E-02  -1.40530337E-02  -3.06340288E-02   1.23839127E-02
   1.11491382E-02  -2.11495645E-02  -2.76770797E-02   5.19112125E-03
   1.16752796E-02  -1.04607511E-02   3.29559483E-03  -8.07568058E-03
   1.16756810E-02   1.61954507E-04  -2.53691059E-03   1.00498032E-02
   1.12804072E-02   2.80250516E-03   3.78441560E-04  -3.55131142E-02
   1.15380781E-02   1.01693943E-02   8.99640564E-03  -1.02293780E-02
   1.18836081E-02   1.76552050E-02   2.88252290E-02  -4.27473662E-03
   1.17772324E-02   1.48843331E-02   9.69813392E-03   5.69965737E-03
   1.17717609E-02   5.36763226E-04   9.92649328E-03   1.81940198E-02
   1.16475830E-02   1.04468074E-02  -5.19079389E-03   5.01752738E-03
   1.14426026E-02   1.11860670E-02  -4.72713914E-03   1.93006790E-03
   1.13007845E-02   8.19566380E-03  -1.86557621E-02   2.12022364E-02
   1.04356594E-02   1.09994868E-02  -1.15334261E-02   3.01956926E-02
   9.92607605E-03  -6.77849213E-03   5.14733780E-04   2.84200013E-02
   9.10906959E-03  -9.57936235E-03   1.65628325E-02   3.09081469E-02
   9.57888179E-03  -1.35362307E-02   1.48313325E-02   3.99490558E-02
   9.05216765E-03  -6.33763568E-03   1.75187681E-02   5.72896115E-02
   8.42704438E-03  -1.04480265E-02   1.44144869E-03   5.95317334E-02
   8.12070165E-03  -1.57895479E-02  -5.52467303E-03   6.00297228E-02
   7.96623621E-03  -7.20658200E-03   1.27953459E-02   5.24575412E-02
   7.76154269E-03  -1.46759599E-02   1.23510277E-02   3.14387642E-02
   7.80079793E-03  -7.21994089E-03   1.60917416E-02   2.36307345E-02
   8.35613441E-03  -1.31115168E-02   3.56206344E-03   1.46124512E-02
   8.64064042E-03  -1.60423443E-02   1.36405192E-02   8.50418024E-03
   7.84378033E-03  -1.83691829E-02   1.72968004E-02   9.81832389E-03
   7.95214809E-03  -1.87639799E-02   1.99129935E-02   5.96205797E-03
   8.50023516E-03  -1.49828838E-02   2.62982827E-02  -2.66039441E-03
   7.50428671E-03  -2.20523849E-02   1.14228409E-02  -1.60986632E-02
   8.11477099E-03  -2.66917776E-02   8.88036750E-03  -2.13707169E-03
   8.70102551E-03  -4.52396646E-03   1.43518168E-02   1.36487288E-02
   8.89967754E-03   7.39443291E-04   1.93738453E-02   3.34161334E-02
   8.28978140E-03  -7.88733270E-03   3.78057896E-03   4.62892503E-02
   9.02248546E-03  -1.54130664E-02   1.03660030E-02   2.79742666E-02
   8.34168028E-03  -3.29840519E-02   2.29086308E-03   2.20967289E-02
   7.95937795E-03  -3.09361834E-02   6.89413911E-03   2.42538713E-02
   8.51617567E-03  -2.42445190E-02  -1.07861301E-02   1.97215192E-02
   8.49254243E-03  -1.81354079E-02   5.38536813E-04   1.20277144E-02
   8.78934376E-03  -2.75676548E-02  -6.14790386E-03   6.57552038E-04
   8.40716343E-03  -2.67438311E-02  -1.14629334E-02  -2.04738020E-03
   8.44454952E-03  -1.89816970E-02  -2.71389913E-03  -1.97193548E-02
   8.68423749E-03  -9.77150910E-03  -1.76811144E-02  -2.82160640E-02
   8.55881814E-03  -1.87810063E-02  -8.19514412E-03  -2.02579498E-02
   8.58994760E-03  -3.31291519E-02  -6.93692593E-03  -1.36381406E-02
   9.93969571E-03  -2.26012059E-02  -1.78903602E-02  -2.79625487E-02
   1.05066160E-02  -1.71615987E-03  -2.50416510E-02  -2.79863551E-02
   9.26360767E-03   8.24668817E-03  -5.38595673E-03  -6.84140995E-03
   9.20253433E-03   4.57516452E-03  -6.83081569E-03   3.90784722E-03
   8.71492270E-03   8.97125807E-03  -1.75617542E-02   1.12125417E-02
   8.99065938E-03   5.00082131E-03  -2.55335700E-02   2.03271676E-02
   9.28915851E-03   2.02772208E-02  -3.60322483E-02  -5.20848529E-03
   9.01324302E-03   2.15681046E-02  -1.92740783E-02   9.38748475E-03
   8.90983921E-03   1.56353191E-02  -1.28606260E-02  -2.07796972E-03
   9.05704312E-03   1.23740304E-02  -1.13640996E-02   5.48254745E-03
   9.70796309E-03   1.64700281E-02   5.34468424E-03  -7.05159735E-03
   9.98971239E-03   1.60878841E-02   1.08019402E-02  -2.02674549E-02
   1.07182218E-02   1.66162606E-02   4.14471608E-03   1.42856557E-02
   1.08065167E-02   1.92098338E-02   8.53883685E-04   1.64439846E-02
   1.07484953E-02   1.62800904E-02  -3.20926309E-03   1.50562841E-02
   1.01882368E-02   2.17343159E-02   1.22397682E-02   2.37564016E-02
   1.02010220E-02   2.57302392E-02   2.75719091E-02   6.01027114E-03
   9.52031184E-03   2.14769542E-02   3.30738723E-02   4.97004809E-03
   9.93781816E-03   1.82857402E-02   2.66196746E-02  -1.70314424E-02
   9.90078971E-03   1.91900264E-02   3.54216695E-02  -5.17275045E-03
   1.01374257E-02   2.97342259E-02   7.49282213E-03   2.05890164E-02
   9.79074743E-03   2.73910332E-02  -1.29041393E-04   2.16016080E-02
   9.06646252E-03   3.58640179E-02   8.84118676E-03   3.43918353E-02
   9.65252705E-03   4.39415388E-02   5.40770590E-04   3.66944112E-02
   9.76444501E-03   3.19718271E-02  -9.73577984E-03   3.18788961E-02
   8.70786328E-03   2.92142089E-02   1.18563790E-02   1.74676739E-02
   9.09437239E-03   2.39950735E-02   9.34821926E-03   2.86083687E-02
   8.85770936E-03   3.52333747E-02   2.38600895E-02   3.21516208E-02
   9.24351905E-03   2.80743241E-02   4.39388826E-02   4.51722108E-02
   8.78893305E-03   2.85841320E-02   5.53041920E-02   5.20126149E-02
   8.40031356E-03   2.58484092E-02   4.34433855E-02   3.64988260E-02
   8.44783429E-03   1.70962475E-02   5.35098948E-02   3.67494822E-02
   9.01462138E-03   2.74707004E-02   4.01761122E-02   4.26839180E-02
   8.78283661E-03   2.58986522E-02   3.42459381E-02   4.55244221E-02
   9.29595530E-03   3.47653627E-02   3.73839326E-02   4.79030050E-02
   9.03009810E-03   3.68401073E-02   3.83088067E-02   6.26494959E-02
   8.98136385E-03   3.81360240E-02   3.97033170E-02   3.87916192E-02
   9.82079003E-03   3.36063206E-02   3.82154547E-02   5.35654463E-02
   1.03210863E-02   2.84305252E-02   3.60748693E-02   4.06706259E-02
   1.00432979E-02   1.71814617E-02   4.77081165E-02   2.20573563E-02
   1.01678278E-02   1.24786338E-02   4.60381843E-02  -6.38580369E-03
   9.66641307E-03   1.04666976E-02   4.34406698E-02  -1.73382636E-03
   9.57466103E-03   2.54805051E-02   3.84829231E-02   4.90481441E-04
   9.81398299E-03   2.57805474E-02   2.83317063E-02  -2.59405910E-03
   9.95941833E-03   3.03579662E-02   4.18873131E-02  -2.73000728E-02
   1.05857244E-02   3.60638201E-02   5.50453030E-02  -4.49208822E-03
   1.01458030E-02   4.19372953E-02   4.91761900E-02   1.92201085E-04
   9.23587102E-03   3.60569358E-02   3.86472084E-02   4.27616807E-03
   8.74808244E-03   3.19818035E-02   4.53993864E-02   1.30925318E-02
   8.19539838E-03   3.61380428E-02   4.46292087E-02   2.75547020E-02
   8.37433711E-03   2.98460871E-02   4.37242314E-02   1.08005963E-02
   8.68233014E-03   1.78312846E-02   4.31701317E-02  -3.51500046E-03
   8.52625631E-03   1.53689394E-02   3.75869460E-02  -6.77509094E-03
   8.40478670E-03   1.28069790E-02   2.30369549E-02   1.28042325E-03
   8.05049296E-03   7.09340966E-04   1.60920415E-02  -1.41002908E-02
   7.56102055E-03  -7.75041408E-04   9.03301220E-03  -2.89826584E-03
   7.12420698E-03  -2.61884164E-02  -1.98232592E-03  -1.38502298E-02
   7.76078971E-03  -1.61213558E-02  -2.51427945E-02  -6.87083462E-03
   7.02677667E-03  -4.91106929E-03  -3.20285708E-02   1.29546942E-02
   6.07155776E-03  -5.44501888E-03  -2.76532155E-02   8.04946409E-04
   5.78386523E-03  -2.23686872E-03  -2.45195962E-02   1.84726622E-02
   5.64977946E-03  -1.16823930E-02  -3.47987376E-02   2.53414083E-02
   5.86804235E-03  -1.35009922E-02  -4.27562334E-02   3.28389071E-02
   4.62145312E-03  -9.25398804E-03  -3.87754254E-02   4.23928164E-03
   4.66850679E-03   5.11272752E-04  -4.44308445E-02  -1.20979482E-02
   4.36339062E-03   3.43393604E-03  -4.21190411E-02  -8.55445804E-04
   4.74339537E-03   1.32703977E-02  -4.23178487E-02  -7.56884087E-03
   3.52903968E-03   9.51636210E-03  -3.55535485E-02   5.71357450E-05
   3.41772218E-03   9.42015834E-03  -4.37518917E-02  -1.03734965E-02
   2.81277345E-03   7.17554521E-03  -4.30193730E-02  -2.36203726E-02
   3.14463396E-03   5.45906136E-03  -4.02840152E-02  -2.76231598E-02
   3.25008878E-03   6.46487065E-03  -3.55826691E-02  -2.51787528E-02
   3.26659787E-03   6.95749361E-04  -4.30806540E-02  -1.58105846E-02
   2.75351014E-03  -5.39129227E-03  -3.82786430E-02  -2.07656771E-02
   3.18647176E-03   2.79355817E-03  -3.66649926E-02  -7.95598421E-03
   2.96691712E-03  -6.09160354E-03  -4.36384007E-02  -1.80972219E-02
   2.29404541E-03   5.08088793E-04  -4.68190908E-02  -2.84153223E-02
   2.46297359E-03   3.34790419E-03  -4.31928709E-02  -1.96624286E-02
   2.20045215E-03   3.32427188E-03  -3.49091552E-02  -1.71038304E-02
   2.74252309E-03   6.55623432E-03  -3.59896459E-02  -1.07916743E-02
   2.99094664E-03   9.04485863E-03  -3.08131594E-02   2.18246481E-03
   2.83611403E-03   3.13878385E-03  -3.99873853E-02  -2.76743155E-03
   1.96836074E-03   9.07986145E-03  -3.47058624E-02  -9.49363690E-03
   1.72958511E-03  -1.96789275E-03  -1.73519440E-02  -3.85782262E-03
   2.67552515E-03  -1.58332959E-02  -1.44294957E-02   7.12103723E-03
   2.89820600E-03  -2.20325552E-02  -1.55139314E-02  -8.36934894E-03
   2.97805294E-03  -1.88923143E-02  -1.93114821E-02  -1.85954403E-02
   3.10709979E-03  -2.64333431E-02  -2.85593458E-02  -5.30758081E-03
   3.17220087E-03  -3.25229615E-02  -3.01059894E-02   6.83419127E-03
   3.61394812E-03  -3.10140494E-02  -1.56222358E-02   5.52444952E-03
   3.58274532E-03  -2.28186212E-02  -4.08047112E-04  -1.24459993E-02
   3.88623239E-03  -1.56845767E-02  -1.82364741E-03   9.89611610E-04
   3.86397284E-03  -1.77884158E-02  -1.56251050E-03   2.19092797E-02
   3.37515399E-03  -8.64021573E-03  -2.23068855E-04   1.01221697E-02
   2.34561809E-03   2.56006280E-03   1.40611408E-02   2.47573610E-02
   1.60095550E-03   1.21080540E-02   4.15886100E-03   2.22287886E-02
   1.33406953E-03   2.44646221E-02  -8.99368059E-03   1.28232595E-02
   1.83256925E-03   2.66312864E-02  -1.11747868E-02   2.14549992E-02
   1.33454113E-03   2.67466772E-02  -2.79804245E-02   1.20394900E-02
   1.30883860E-03   2.02031657E-02  -3.46643701E-02  -4.15108399E-03
   1.61615678E-03   2.24312562E-02  -2.41536964E-02  -8.05304665E-03
   1.84894924E-03   2.47815717E-02  -2.70147566E-02  -9.64324549E-03
   1.94187043E-03   2.65723504E-02  -2.46908478E-02   2.55523506E-03
   2.50330800E-03   2.99066324E-02  -1.92602482E-02   7.23894825E-03
   3.81485932E-03   1.27461404E-02  -1.25495484E-02   2.16735341E-02
   3.21738864E-03   8.26585386E-03  -5.88873355E-03   1.63645428E-02
   3.35842976E-03   1.81743205E-02  -8.40282720E-03  -8.81101750E-03
   2.33247783E-03   5.04079554E-03   3.56498989E-03  -4.18843189E-03
   3.40019399E-03   6.97337277E-03  -1.03162020E-03  -3.47345113E-03
   3.40595725E-03   1.27083564E-03   7.62852421E-03   1.95659674E-03
   3.84929520E-03   6.93593267E-03   8.07755813E-03  -9.36347805E-03
   3.51999910E-03   6.77988306E-03   1.48483785E-02  -5.93346776E-04
   3.34346201E-03  -1.83554133E-03   2.85818242E-02   7.38866627E-03
   3.32194916E-03   9.41138808E-03   8.83588754E-03  -1.95894837E-02
   3.03111249E-03   3.05207330E-03   2.73711830E-02  -2.50785034E-02
   3.43430624E-03  -1.11056259E-03   4.57777269E-03  -4.03780527E-02
   3.14594363E-03   6.67247735E-03   1.58148315E-02  -2.63679437E-02
   2.42448319E-03   3.52595164E-03   1.87726561E-02  -2.11374294E-02
   2.30623456E-03  -2.53873644E-04   6.20838115E-03  -2.96378303E-02
   1.13548886E-03   3.17990175E-03   9.30279400E-03  -5.30040897E-02
   1.15568005E-03   9.48416442E-03   5.68699231E-03  -4.58323732E-02
   4.23141639E-04   2.78471410E-03   7.68676354E-03  -4.82311770E-02
   6.93522335E-04   3.06514278E-03  -6.06280577E-04  -1.97465885E-02
   9.14056669E-04   7.14390771E-03  -4.23603738E-03  -1.12890378E-02
   7.18106516E-04   6.95323478E-03  -2.39674468E-03  -1.71187501E-02
   4.26837127E-04   8.16363376E-03  -6.46824064E-03  -4.29015467E-03
   3.42003565E-04   9.60462540E-03   1.42739015E-02  -7.61474250E-03
   7.90164631E-04   3.13468324E-03   3.69557068E-02  -2.51722224E-02
   9.73331160E-04   5.43793151E-03   3.23610343E-02  -2.92846709E-02
   1.14850968E-03  -1.26111985E-03   2.55158506E-02  -4.38194834E-02
   1.60523853E-03  -1.24404570E-02   3.68479043E-02  -1.88421439E-02
   1.90457958E-03  -9.19513498E-03   4.80534136E-02  -1.53092630E-02
   1.10256160E-03  -1.13016833E-02   2.34198309E-02  -1.45414639E-02
   1.71429059E-03  -1.64936017E-02   7.16222264E-03  -2.89307702E-02
   1.76622719E-03  -1.51695609E-02  -2.00141799E-02  -1.45662287E-02
   1.51975104E-03  -2.83835512E-02  -1.26033295E-02  -1.21565145E-02
   1.87492138E-03  -2.57641990E-02  -8.93931836E-03  -3.22570349E-03
   1.97415077E-03  -4.55355644E-02  -5.13684284E-03  -1.76416785E-02
   1.19226170E-03  -4.77764122E-02  -1.77925956E-02  -1.16345445E-02
   1.51858991E-03  -4.88671884E-02   7.76007259E-03  -1.91667618E-03
   1.69930002E-03  -3.84544358E-02   1.01463944E-02   5.89236803E-03
   1.47617364E-03  -2.84080561E-02   1.21969646E-02  -9.47762653E-03
   1.89438369E-03  -3.50360051E-02   6.90235849E-03  -5.28873317E-03
   1.68421026E-03  -2.77503934E-02   7.77678471E-03  -8.54596961E-03
   1.89667265E-03  -2.50941832E-02  -5.77474665E-03  -2.10192595E-02
   1.98037131E-03  -3.51875052E-02  -5.34138468E-04  -1.20104542E-02
   1.85562239E-03  -3.59163992E-02   2.16709287E-03  -1.26109747E-02
   1.73846248E-03  -3.50624025E-02   1.11051248E-02  -2.50146464E-02
   1.26409752E-03  -3.40113230E-02   2.64737420E-02   3.29512963E-03
   2.17257999E-03  -1.05240140E-02   2.29500532E-02   1.06127756E-02
   1.87917589E-03  -9.86721367E-03   3.67338173E-02   8.10402073E-03
   2.33427831E-03  -2.05777492E-02   2.54724342E-02  -1.35704074E-02
   2.49306113E-03  -1.27880983E-02   1.30008925E-02  -3.16755734E-02
   2.50298693E-03  -5.74500859E-03   1.35859139E-02  -1.99887101E-02
   1.95241626E-03  -3.19993938E-03   2.77654249E-02  -4.18752469E-02
   1.97491772E-03  -1.01801381E-02   4.17402573E-02  -5.93721829E-02
   1.91876630E-03  -4.32684366E-03   5.47972806E-02  -5.11053503E-02
   1.68137893E-03   2.45020288E-04   5.91655746E-02  -7.61774927E-02
   1.49898627E-03  -1.32449798E-03   3.51611860E-02  -2.47828513E-02
   1.49248424E-03  -5.87443037E-06   2.92978436E-02  -2.10784487E-02
   1.93131599E-03  -8.67117289E-03   3.91760021E-02  -4.69918270E-03
   2.20235623E-03   1.69202033E-03   3.45135331E-02  -4.34411578E-02
   1.60762225E-03   3.48262256E-03   3.37377600E-02  -1.71345416E-02
   2.49883765E-03   1.76062658E-02   3.50535475E-02  -3.06770299E-03
   2.70220451E-03   2.42997985E-02   2.67265141E-02  -7.65590882E-03
   3.05548217E-03   3.12676802E-02   1.80835631E-02  -1.57117227E-03
   2.07391428E-03   2.98998896E-02   7.97887798E-03   1.17008891E-02
   2.12577730E-03   2.89952997E-02   1.38046201E-02   1.43247470E-02
   1.80978980E-03   2.03897879E-02   2.95913815E-02   1.07295318E-02
   1.90473662E-03   2.23054290E-02   3.78212407E-02  -2.05055159E-03
   2.58605205E-03   1.91748701E-02   4.39401157E-02   7.69697595E-03
   1.85253250E-03   1.38972150E-02   2.39013415E-02   1.45210754E-02
   1.20922201E-03   2.20683403E-02   3.16349156E-02   1.13722831E-02
   9.43767081E-05   1.89244729E-02   3.18232328E-02  -1.73151621E-03
   1.16595678E-04   1.17890248E-02   3.25344317E-02  -1.12226885E-02
   1.79960276E-04   1.50192054E-02   3.02065238E-02  -1.60102453E-02
  -6.42920495E-04   8.70988239E-03   3.56216691E-02   7.24150613E-03
  -7.17363262E-04   3.94111965E-03   3.04550137E-02  -6.75411755E-03
  -3.60672566E-04   2.12435331E-02   3.35389338E-02   1.48978699E-02
   1.31446825E-04   1.64457262E-02   1.83488652E-02   2.62416489E-02
   5.33225946E-04   2.05366276E-02   1.66197307E-02   2.87267137E-02
   8.40505119E-04   1.77474488E-02   2.82040369E-02   2.07237583E-02
   3.18476610E-04   2.03470681E-02   2.60648467E-02   2.99068689E-02
  -6.03294058E-04   1.89958755E-02   1.97270568E-02   1.55053167E-02
