   0.00000000       0.00000000       0.00000000       0.00000000    
  0.999999881      0.949595153      0.900209844      0.851155281    
   2.01070571       1.86653864       1.71346867       1.57453847    
   3.02240682       2.71396303       2.44464016       2.18406940    
   4.01839972       3.51215339       3.10998011       2.71734500    
   5.00337696       4.26911783       3.69878411       3.14555025    
   6.01100588       4.99314976       4.22283316       3.52955174    
   6.97662401       5.69348812       4.71262789       3.82437420    
   8.01749802       6.37190819       5.14467812       4.09706593    
   9.02008629       7.01321077       5.54837942       4.34015465    
   10.0067606       7.61685514       5.90911388       4.53266525    
   10.9943304       8.16912842       6.21225357       4.67997360    
   12.0353279       8.70365810       6.48266935       4.79361916    
   13.0225086       9.22960091       6.73494005       4.93343687    
   13.9919310       9.73869610       6.95244074       5.05843782    
   15.0280533       10.1658487       7.13090563       5.12698984    
   16.0016499       10.6140089       7.31467628       5.18032598    
   17.0504837       11.0219822       7.48433781       5.25480986    
   18.0738201       11.4301100       7.62253714       5.32973719    
   19.0628681       11.7898121       7.77753925       5.37711096    
   20.0735073       12.1503906       7.89117813       5.42328262    
   21.0899582       12.4490690       8.00219059       5.48579788    
   22.1053467       12.7066450       8.09256268       5.47631836    
   23.0989285       13.0629797       8.18573761       5.50012445    
   24.0948277       13.3902330       8.25426865       5.49952602    
   25.0771561       13.6431608       8.31518173       5.51413774    
   26.1135597       13.9118633       8.42671585       5.52653646    
   27.1379681       14.1561165       8.51443005       5.58095455    
   28.0990276       14.3603868       8.58554745       5.57564735    
   29.0856209       14.5784283       8.61923504       5.55853081    
   30.0955238       14.8371410       8.64847851       5.58262777    
   31.0752525       15.0254240       8.62735939       5.59681177    
   32.0850105       15.1744251       8.67054081       5.58075047    
   33.1181412       15.3405342       8.70149517       5.59558678    
   34.1390114       15.5184393       8.70385265       5.58658028    
   35.1764679       15.6663065       8.73291111       5.58785963    
   36.1197052       15.7948866       8.76342773       5.61023617    
   37.2217216       15.9669752       8.79694748       5.64212608    
   38.2215996       16.1570244       8.87060165       5.64532423    
   39.1752968       16.3249531       8.83712769       5.64277840    
   40.2348022       16.4299488       8.84815407       5.63925314    
   41.2303123       16.5765629       8.86471176       5.63558626    
   42.3456764       16.6946812       8.89315128       5.62637854    
   43.2498131       16.7944984       8.93728447       5.61047888    
   44.2499008       16.9525814       8.96007729       5.57070446    
   45.1715965       17.0539474       8.96050453       5.61159420    
   46.1912651       17.1628895       8.95477676       5.64603996    
   47.1491013       17.2073689       8.97837734       5.69264030    
   48.1507797       17.3227425       9.02002144       5.73355913    
   49.1251640       17.3876724       9.00477982       5.72525072    
   50.1471901       17.4869823       8.99382019       5.72748899    
   51.1615829       17.5186520       8.98742485       5.73882151    
   52.1308708       17.5722961       9.00690842       5.70157862    
   53.0847397       17.6456413       8.99082565       5.71552658    
   54.0554504       17.7013531       8.94721603       5.64392567    
   55.1347542       17.7501240       8.92498398       5.66214371    
   56.1484756       17.7690811       8.94145203       5.67737341    
   57.1690102       17.8198566       8.96702671       5.66806602    
   58.1312218       17.8535042       8.94444275       5.67968845    
   59.1156082       17.9712143       8.93681622       5.66014004    
   60.0592690       18.0247211       9.01320076       5.64737940    
   61.0352478       18.0818768       9.02017403       5.65110588    
   62.0183983       18.1416836       9.04793167       5.64077044    
   62.9926453       18.2193031       9.00792313       5.66241646    
   63.9387398       18.2223682       8.99872208       5.68580532    
   64.8346252       18.2169895       9.00055218       5.68538523    
   65.8127365       18.2700043       9.00086689       5.66433668    
   66.8230133       18.2772980       8.97159195       5.66338205    
   67.8520279       18.2718925       8.99743271       5.65745735    
   68.7766495       18.3131504       9.01400471       5.64359760    
   69.7831116       18.3850937       8.98525143       5.64505196    
   70.7744064       18.3986759       8.98677921       5.65474176    
   71.8905411       18.3801899       9.02206326       5.64049006    
   72.8174591       18.4908047       8.98583889       5.67775059    
   73.8399200       18.4846096       8.99762821       5.66104984    
   74.8329773       18.4435253       9.02051163       5.66688919    
   75.7306290       18.5109825       9.04119301       5.66970015    
   76.7316895       18.4754238       9.03936958       5.69105053    
   77.6891708       18.5559616       9.01316738       5.64900160    
   78.6597900       18.5633545       9.00651169       5.64939833    
   79.6345367       18.5883560       8.98391438       5.65687418    
   80.6236801       18.6584549       8.99845028       5.67218828    
   81.5529022       18.6742363       9.00179958       5.66425705    
   82.5309143       18.6975498       9.03138733       5.63445663    
   83.4927368       18.7078762       9.00437546       5.61489725    
   84.5733414       18.7425995       8.99346256       5.62332964    
   85.6541824       18.7232533       8.95300293       5.64479542    
   86.6633072       18.7528343       8.93919182       5.66301918    
   87.7123718       18.7455711       8.86398411       5.64703703    
   88.7645493       18.7749214       8.82637787       5.64843082    
   89.7955322       18.8123779       8.83713531       5.64550734    
   90.7771683       18.8294163       8.84777832       5.65084362    
   91.6948090       18.8668365       8.85123444       5.63930130    
   92.7603760       18.8685551       8.85397053       5.66201162    
   93.8665390       18.9022198       8.91060162       5.64866447    
   94.8761292       18.8878975       8.93830204       5.63988829    
   95.8600693       18.9465160       8.94068909       5.62979650    
   96.8357086       19.0024681       8.95083237       5.64838839    
   97.8532028       19.0148983       8.95180321       5.62209892    
   98.8853455       19.0340576       8.93782234       5.62919950    
   99.9414978       18.9616013       8.92471790       5.61957741    
   100.929863       18.9398136       8.90454960       5.62161446    
   101.888000       18.9401474       8.90141964       5.64242411    
   102.963791       19.0105743       8.94648743       5.64834881    
   103.941391       19.1152592       8.87967396       5.66200161    
   104.859322       19.1015816       8.89248371       5.63202477    
   105.805351       19.1499825       8.88103676       5.62218380    
   106.889877       19.1895466       8.87708473       5.65181017    
   107.898796       19.2364998       8.89893246       5.65339947    
   108.852936       19.2206097       8.85845184       5.62169695    
   109.868828       19.1730347       8.83608437       5.61815119    
   110.767540       19.1424007       8.85509014       5.65284348    
   111.749306       19.0579262       8.90908813       5.66799402    
   112.784241       19.0066776       8.90187740       5.66776371    
   113.803787       19.0114098       8.91954708       5.68945551    
   114.833252       19.0593319       8.81144333       5.65675068    
   115.829269       19.0193348       8.82938385       5.64652109    
   116.823250       19.0102119       8.86741829       5.67887449    
   117.782341       18.9842339       8.92383289       5.63888741    
   118.802963       18.9139137       8.92763996       5.63771772    
   119.746964       18.8938160       8.90233994       5.63794470    
   120.837814       18.8362350       8.89157009       5.67040348    
   121.901482       18.8484802       8.88449955       5.64728022    
   122.910103       18.8607311       8.80686474       5.68013239    
   123.848412       18.8364792       8.82580853       5.71533489    
   124.934593       18.8049850       8.84513283       5.74336195    
   125.947144       18.8275185       8.84799290       5.73397017    
   127.009010       18.8823376       8.88014507       5.74260616    
   128.163773       18.9534817       8.89884281       5.72819996    
   129.310471       18.9074345       8.88709354       5.72711182    
   130.278152       18.8606663       8.89501762       5.76171494    
   131.350143       18.8532219       8.90618801       5.72761536    
   132.366318       18.8077602       8.99666977       5.69395208    
   133.281036       18.8176270       9.03841400       5.68457031    
   134.280014       18.7990532       9.03641701       5.66402817    
   135.168198       18.8307953       9.03815079       5.64956474    
   136.030716       18.8236465       9.01735783       5.63905525    
   136.969269       18.8453999       9.05017281       5.64075422    
   138.074020       18.8345375       9.05167961       5.62985945    
   139.016876       18.8126640       9.05018234       5.63445997    
   139.821960       18.8510551       9.04286957       5.63562918    
   140.833557       18.8154755       9.00902081       5.62789917    
   141.863373       18.7805138       9.02517033       5.66154909    
   142.780579       18.8447914       9.01427174       5.65060759    
   143.775238       18.8487682       9.03672409       5.66950989    
   144.840027       18.8836575       8.99369526       5.66133404    
   145.946274       18.8625088       9.01766872       5.62989092    
   147.055832       18.8349152       9.00917149       5.63372898    
   148.096512       18.8479824       8.92947769       5.68631983    
   149.143311       18.8631706       8.90996456       5.69234610    
   150.209229       18.8790207       8.90331459       5.72403479    
   151.181046       18.8257294       8.96025753       5.72794485    
   152.122360       18.8659363       8.97388172       5.71925974    
   153.026688       18.9184456       8.93868351       5.72094965    
   154.130554       18.9690456       8.93074512       5.69238806    
   154.970032       19.0097370       8.94241428       5.69137335    
   156.058701       19.0551910       8.93018723       5.69070053    
   157.042526       19.0137615       8.97069550       5.68786287    
   157.953384       18.9958897       8.99470997       5.67644215    
   158.980942       19.0666924       8.99622822       5.69097567    
   159.990891       19.1142902       8.97913456       5.69185114    
   161.050034       19.1252975       8.96656895       5.66458178    
   162.011307       19.1443825       8.92809010       5.64793634    
   163.292572       19.1272964       8.91331577       5.62027645    
   164.264481       19.1168518       8.92042828       5.64814520    
   165.250214       19.1243229       8.90738964       5.64176035    
   166.303009       19.1494961       8.93428802       5.66698074    
   167.310379       19.1052876       8.94894695       5.69338512    
   168.214600       19.1262703       8.93467426       5.72931099    
   169.210846       19.0501804       8.97927666       5.71425390    
   170.118103       18.9968605       9.00602531       5.71485901    
   171.204132       18.9883213       9.02511787       5.69137049    
   172.249329       19.0248508       9.03922939       5.68026209    
   173.107056       19.0700474       9.03975201       5.70531273    
   174.211746       19.0977230       9.02851105       5.69470835    
   175.195480       19.0767021       9.03878117       5.71476555    
   176.238510       19.0536327       9.03932476       5.71877480    
   177.381775       19.0495377       9.04326630       5.68397188    
   178.530869       19.1101551       9.06688404       5.74654388    
   179.524063       19.1176090       9.06875801       5.77483273    
   180.375031       19.1024475       9.06789589       5.74197292    
   181.311417       19.1620579       9.05230045       5.72861719    
   182.184860       19.1879616       9.04890823       5.69318438    
   183.342392       19.1348457       9.05455112       5.66932487    
   184.375641       19.1215839       9.05815601       5.65619755    
   185.391281       19.1350346       9.01168633       5.65641069    
   186.432617       19.1324215       9.00856781       5.68577337    
   187.426804       19.0933762       8.99190521       5.64359713    
   188.465500       19.1369381       9.01703930       5.66401196    
   189.455917       19.1703892       8.99451447       5.65231943    
   190.621796       19.1566887       8.99973488       5.65032148    
   191.684647       19.1056824       8.99945068       5.62919855    
   192.805893       19.0864754       9.00213623       5.64540005    
   193.706100       19.1210346       9.00815487       5.65483952    
   194.675888       19.0529518       9.03986359       5.65680885    
   195.642166       19.0455532       9.04093647       5.64654922    
   196.546906       19.1013184       9.05476570       5.61855745    
   197.579651       19.0544968       9.04640865       5.63564157    
   198.555557       19.0301723       9.03266716       5.67629337    
   199.504166       19.0197506       9.05438709       5.66343164    
   200.486877       19.1230087       9.01264668       5.69311047    
   201.585724       19.0655346       8.98655987       5.66624403    
   202.589584       19.0309372       8.95018959       5.67650795    
   203.579102       18.9485340       8.95749664       5.66848755    
   204.615021       18.9347916       8.92811680       5.64602852    
   205.473694       18.8958855       8.94992352       5.62347031    
   206.563339       18.8681297       8.97840118       5.61840963    
   207.584030       18.8808880       8.95940685       5.63140440    
   208.496033       18.8619022       8.95633316       5.64953279    
   209.587570       18.8413334       8.93237495       5.65900135    
   210.787811       18.8089695       8.90748692       5.63085890    
   211.810837       18.7713146       8.91915321       5.57565212    
   212.912872       18.8481045       8.91849804       5.52271223    
   214.107620       18.8926144       8.93837738       5.49753046    
   214.974823       18.9177685       8.94320965       5.49895668    
   215.918823       18.9089718       8.96417618       5.51173735    
   216.975906       18.9596310       8.97156620       5.53450632    
   217.936890       18.9118633       8.95108032       5.56667376    
   218.923965       18.9011517       8.98670578       5.57084799    
   219.898605       18.9369907       9.03525352       5.60154200    
   221.029999       18.9007854       9.04862595       5.62023258    
   221.991669       18.8908119       9.01192951       5.60562086    
   222.904984       18.8790798       9.05273342       5.60310650    
   223.958054       18.8531551       9.05644703       5.60823727    
   224.866898       18.8493233       9.06779957       5.61519146    
   225.820328       18.8999805       9.12057209       5.61941290    
   226.882629       18.9512730       9.11618900       5.62313843    
   227.708923       18.9257812       9.07838631       5.62912321    
   228.675125       18.9065990       9.08600140       5.65636826    
   229.743912       18.8910084       9.08331871       5.67675161    
   230.578751       18.9142380       9.04517460       5.70592546    
   231.608246       18.9343224       9.05269241       5.69838285    
   232.576050       18.9602070       9.03786469       5.71019459    
   233.490616       18.9490566       9.02710056       5.69444752    
   234.349274       18.9107914       8.95940876       5.70984077    
   235.327652       19.0076466       8.99989128       5.69855690    
   236.088989       18.9252281       9.02500725       5.69457960    
   237.159332       18.8684139       9.01372623       5.68030453    
   238.104355       18.9243488       9.03605652       5.68674517    
   239.126587       18.9354515       9.03023911       5.69715834    
   240.230972       18.9368057       9.06546879       5.70294762    
   241.267441       18.9447346       9.05642891       5.66698980    
   242.339340       18.9582882       9.02580357       5.67640972    
   243.146851       18.9794750       9.01478672       5.65564346    
   244.277252       19.0165062       8.99538326       5.63981819    
   245.264801       19.0590401       9.02245235       5.62964487    
   246.263870       19.0988979       8.97985077       5.60469198    
   247.191559       19.1582146       8.95044136       5.63479614    
   248.363739       19.1499500       8.94061089       5.62977505    
   249.587326       19.0994549       8.98497391       5.64426517    
   250.427429       19.0854797       8.95184422       5.66993570    
   251.205505       19.0896683       8.98345947       5.69321394    
   252.344849       19.0240936       8.94886971       5.69507074    
   253.459091       19.0513573       8.94147110       5.68080807    
   254.288788       19.0847015       8.93931389       5.67699242    
   255.303268       19.0858269       8.97344971       5.69551945    
   256.471069       19.0174179       8.94291592       5.68454027    
   257.343964       18.9564190       8.98738670       5.67521000    
   258.524811       19.0643215       9.00365639       5.67963600    
   259.561798       19.1296329       9.00550461       5.67381239    
   260.507843       19.1260681       9.03294563       5.67903471    
   261.418121       19.1043034       9.04881859       5.66995955    
   262.414459       19.1060848       9.08049393       5.67676973    
   263.406128       19.0802555       9.10543823       5.66466379    
   264.421326       19.0987606       9.08937740       5.68432379    
   265.460815       19.0881805       9.06445122       5.71255922    
   266.352325       19.0911198       9.08185101       5.70577288    
   267.254395       19.1129131       9.09081554       5.70805836    
   268.239044       19.0671101       9.06446838       5.73716211    
   269.228027       19.1186390       9.09702206       5.70534658    
   270.207825       19.1432247       9.08476543       5.69761848    
   271.328613       19.1420269       9.07731724       5.67912722    
   272.359039       19.1637306       9.04046631       5.68589687    
   273.431213       19.1815605       8.99053192       5.67132044    
   274.220276       19.1492023       8.97792912       5.69229507    
   275.071991       19.0978413       8.95801926       5.68295145    
   275.990356       19.0364628       8.98230076       5.69422245    
   276.887390       19.0200176       9.00170517       5.71840715    
   278.164062       19.0550194       8.92993355       5.71371889    
   279.211273       19.0926456       8.92367077       5.70804405    
   280.321594       19.0301743       8.98994827       5.70840073    
   281.313202       19.0540352       8.94677544       5.68275166    
   282.383453       19.0599842       8.93450642       5.65260792    
   283.201324       19.0039291       8.95898533       5.66088629    
   284.104675       19.0056973       8.94101810       5.65825796    
   285.058136       18.9731197       8.91442299       5.64831400    
   285.925262       19.0062389       8.91963577       5.59603882    
   286.747772       19.0309391       8.95400906       5.60152960    
   287.901978       19.0067444       8.88404655       5.61250544    
   288.983154       19.0150986       8.85494328       5.61617708    
   290.014984       18.9736271       8.85326195       5.65234852    
   290.957947       18.9876633       8.84641457       5.62265348    
   291.812622       19.0137043       8.89407349       5.62458658    
   292.766144       19.0179615       8.91481400       5.63830090    
   293.923950       19.0624199       8.89648819       5.65847588    
   294.865784       19.0310822       8.95218372       5.67077017    
   296.036987       18.9278774       8.95645046       5.65474892    
   297.109467       18.9425545       8.93466091       5.58878088    
   298.031067       18.8919811       8.95655060       5.59368086    
   299.166748       18.9458370       8.91659546       5.58933640    
   300.176361       18.9428463       8.91492653       5.58771038    
   301.285706       18.9455070       8.93065929       5.60682917    
   302.331024       18.9478817       8.97574902       5.62242126    
   303.103119       18.8874893       8.96908951       5.60206413    
   304.254456       18.8113422       8.97932053       5.57304716    
   305.405640       18.8237724       9.01798439       5.57997704    
   306.275146       18.8235397       9.01286030       5.61973524    
   307.321198       18.8415489       9.03429699       5.65430355    
   308.251404       18.8097534       8.99258614       5.66196918    
   309.164978       18.8265991       9.03522968       5.65872383    
   310.174683       18.8460732       8.97817421       5.66549253    
   311.196594       18.8317776       8.96777916       5.65420341    
   312.222168       18.8615322       8.93398666       5.69030046    
   313.358368       18.7881413       9.01179409       5.66820860    
   314.395538       18.7872791       9.01339340       5.69653749    
   315.133362       18.7254963       9.02971840       5.68635225    
   316.316101       18.7102604       9.02846718       5.68853855    
   317.338226       18.7202377       9.05196953       5.69220972    
   318.427521       18.7581463       9.07041168       5.70961618    
   319.532990       18.7345638       9.08140469       5.73580551    
   320.488983       18.6699123       9.11219883       5.74492168    
   321.562164       18.7414742       9.09621143       5.74852753    
   322.677582       18.8161144       9.04931831       5.72287321    
   323.743835       18.8557644       8.99485016       5.72682858    
   324.707367       18.8754349       8.96405697       5.74417114    
   325.868195       18.9148731       9.00888062       5.71681118    
   326.773254       18.8729630       9.00736809       5.68860626    
   327.731689       18.8446159       9.01020241       5.68028069    
   328.629089       18.8465080       9.03167534       5.71765375    
   329.768005       18.8565922       8.97407246       5.69407320    
   330.682892       18.7911186       8.95053291       5.68244028    
   331.662506       18.8376236       8.95698357       5.66999722    
   332.797516       18.8316822       8.97406960       5.66079950    
   334.002472       18.7491646       8.96683884       5.65983963    
   334.843903       18.7436371       8.95099735       5.62785578    
   335.959686       18.7954330       8.95288467       5.63929844    
   337.113373       18.7521725       8.93680000       5.65227461    
   338.054138       18.7385559       8.93655777       5.66184425    
   338.952881       18.7638702       8.94811058       5.67447138    
   340.059937       18.7962818       8.98407173       5.70749092    
   340.920349       18.7702579       9.00532532       5.69891739    
   342.244232       18.7870426       9.01200771       5.67804956    
   343.330902       18.7890491       9.02195168       5.69133997    
   344.192963       18.7729797       9.00474358       5.68759918    
   345.255707       18.8332367       8.99683475       5.65661097    
   346.169739       18.8622055       8.93285370       5.67656326    
   347.123199       18.8545723       8.94290829       5.65495920    
   348.201111       18.8706818       8.96649933       5.65277576    
   349.290619       18.8286209       8.97145367       5.65216780    
   350.486755       18.8514271       8.96267700       5.66188574    
   351.379913       18.9228325       8.96176052       5.63443089    
   352.330750       18.9441109       8.99556923       5.62732077    
   353.262115       18.9806614       9.07405663       5.63039160    
   354.358307       18.9462337       9.06467438       5.64626932    
   355.413025       18.9764061       9.03791428       5.63060045    
   356.614929       18.9674149       9.05889130       5.67206526    
   357.675293       18.9356995       8.99439049       5.69703054    
   358.565613       18.9361401       8.99832821       5.69255495    
   359.453339       18.9754143       9.00953960       5.65296841    
   360.284546       18.9129238       8.98929596       5.67174816    
   361.264099       18.8873367       9.01697922       5.61598015    
   362.041779       18.7772217       9.01284599       5.67943811    
   363.023346       18.8574905       8.98844337       5.69176340    
   363.940125       18.8645210       8.98653889       5.67628670    
   364.894989       18.8550682       8.97227859       5.66916895    
   365.824554       18.8939247       8.94705391       5.66210508    
   366.755737       18.9463387       8.93467808       5.70470715    
   367.939209       19.0071507       8.94988537       5.68608379    
   368.842621       19.0267162       8.97610855       5.69500542    
   369.809937       19.1003075       8.91410923       5.69743299    
   370.957458       19.1172771       8.93143177       5.66502857    
   371.928833       19.0572567       8.94591808       5.65846491    
   372.690582       19.1114120       8.95470047       5.64624548    
   373.723907       19.1279449       8.99395370       5.66211033    
   374.855865       19.1363239       8.94460487       5.66421890    
   375.953339       19.1683865       8.89578819       5.67550516    
   376.856934       19.1888580       8.91126156       5.67740965    
   378.020691       19.1623173       8.93110371       5.67722940    
   379.036346       19.1227245       8.91870117       5.68451786    
   379.870941       19.0617981       8.88517570       5.68553019    
   380.974091       19.1430779       8.94121552       5.71113634    
   382.242188       19.2336750       8.96211338       5.69367886    
   383.457794       19.2204380       9.00050068       5.67970753    
   384.422638       19.1678963       9.01715946       5.67453957    
   385.382355       19.1795998       9.02003288       5.66810942    
   386.566406       19.0879841       9.01035786       5.66699886    
   387.621246       19.0685291       8.98352814       5.67019796    
   388.528595       19.0810795       8.96559143       5.70107698    
   389.228607       19.1654148       8.95738029       5.69511127    
   389.945160       19.2526340       8.94555759       5.68559027    
   391.163330       19.2342110       8.92183685       5.67853403    
   392.113861       19.2992096       8.88270473       5.73585367    
   393.086670       19.2890835       8.87715530       5.73372555    
   394.088409       19.2647877       8.87063694       5.73994970    
   395.187225       19.2139130       8.87451839       5.71836233    
   396.245026       19.2163391       8.88329315       5.70093584    
   397.345703       19.2436695       8.89693928       5.68831444    
   398.078003       19.3102398       8.91265297       5.72904348    
   398.818970       19.3078423       8.96661282       5.71381044    
   399.869629       19.2871456       8.94788551       5.70892143    
   400.918671       19.2995758       8.93903542       5.67794228    
   402.181976       19.2733440       8.91620159       5.68244267    
   403.350006       19.2845287       8.95661831       5.70427656    
   404.316132       19.3266068       8.98184776       5.68918848    
   405.337128       19.3311214       8.96269608       5.69634962    
   406.230286       19.3043976       8.98289680       5.66458941    
   407.402191       19.2799301       8.97019672       5.68311071    
   408.519165       19.3020210       8.96866512       5.65716696    
   409.395050       19.3232994       8.97762871       5.63838720    
   410.253967       19.2377777       9.00453472       5.62118816    
   411.239868       19.2022915       8.99535370       5.65479374    
   412.494781       19.1755810       9.03105068       5.68300486    
   413.326569       19.1102867       9.03264809       5.70362186    
   414.072906       19.1335411       9.07016563       5.67562151    
   415.039368       19.1265736       9.05906010       5.68669271    
   416.142944       19.1079960       9.09350681       5.68751526    
   417.231537       19.1656151       9.07036591       5.71096802    
   418.336456       19.1840897       9.04946899       5.69542265    
   419.384125       19.2165680       9.05665398       5.68691063    
   420.451843       19.1858387       9.02964401       5.68517780    
   421.395966       19.1296062       9.05589008       5.69398546    
   422.415680       19.1430721       9.11093044       5.68221283    
   423.309937       19.0870495       9.10539818       5.64559984    
   424.340210       19.0357304       9.07448673       5.65133858    
   425.084198       19.0890770       9.07331085       5.66698933    
   426.016052       19.0229549       9.00149059       5.67576122    
   426.946289       19.0114193       9.05631161       5.66176653    
   427.826904       19.0088806       9.02443981       5.67188120    
   428.854523       19.0454655       9.06557465       5.68071938    
   429.737244       19.0483227       9.04365063       5.69690990    
   430.849548       19.0522270       9.01733303       5.73132896    
   431.921295       19.0508213       9.00093174       5.70984364    
   432.735596       19.0494289       8.98363400       5.72259092    
   433.958374       19.0540581       9.00561333       5.71602249    
   434.920258       19.0477982       8.97691917       5.73438931    
   435.967133       19.0041714       8.99416447       5.71630907    
   437.197998       18.9710026       8.99885273       5.68988943    
   438.368622       18.9279366       8.94236851       5.66189623    
   439.407928       18.9498501       8.91474724       5.65493345    
   440.483704       18.8936253       8.93214989       5.66675568    
   441.318237       18.8569851       8.94507504       5.68254471    
   442.324493       18.9002419       8.95999432       5.67485905    
   443.280975       18.8434258       8.97189236       5.67123604    
   444.263763       18.9540234       8.98689461       5.66667032    
   445.399780       18.8826408       9.01437378       5.67794895    
   446.388702       18.8446941       9.01482868       5.66329336    
   447.416992       18.8476048       9.05255699       5.66480064    
   448.058441       18.8045750       9.04385662       5.67576361    
   449.066406       18.8543587       9.07207966       5.67962027    
   450.160156       18.8598557       9.07618904       5.65062141    
   451.302307       18.8454151       9.15565777       5.65180779    
   452.277954       18.8152771       9.15762138       5.62610483    
   453.054474       18.7907066       9.15749454       5.59219360    
   453.809448       18.7506905       9.13146114       5.60411453    
   454.872925       18.7731094       9.12091637       5.63765717    
   455.946930       18.7967358       9.07266521       5.65382385    
   456.893585       18.7569618       9.08764553       5.67906237    
   457.644226       18.7725506       9.11247253       5.67405081    
   458.610291       18.7814388       9.08013630       5.69708967    
   459.754272       18.8061409       9.06071854       5.67377520    
   460.728271       18.8873615       9.02196312       5.68005705    
   461.686157       18.8717384       8.96213150       5.67013693    
   462.834717       18.9005146       8.96019363       5.69362545    
   463.701477       18.9377575       8.95674133       5.67748737    
   464.672974       19.0023842       8.98180389       5.67183924    
   465.722870       19.0240154       8.97219658       5.70318604    
   466.418915       18.9302063       8.97970867       5.67833757    
   467.638458       18.9700069       8.93298531       5.69700050    
   468.462830       18.9396725       8.91842556       5.66005993    
   469.524353       18.9717903       8.92567444       5.64881992    
   470.636597       18.9580898       8.90890884       5.62980890    
   471.690430       18.9808121       8.94871807       5.61462641    
   472.686005       19.0222664       8.96074772       5.62200975    
   473.474945       18.9788475       8.95805931       5.62466526    
   474.465302       19.0076160       8.99618053       5.58901930    
   475.540222       18.9665070       8.98550606       5.60187960    
   476.452820       18.9274158       8.94680786       5.56678057    
   477.260315       18.8879395       8.98001099       5.59279442    
   478.246735       18.9423618       8.98394966       5.58627224    
   479.233337       18.9130821       8.97549915       5.56929064    
   480.467651       18.9029217       9.05428219       5.58510399    
   481.605927       18.9366283       9.07452965       5.56185102    
   482.581482       18.9946613       9.04275322       5.58728504    
   483.605377       18.9322948       9.03612518       5.61451006    
   484.598419       18.9835548       9.03466606       5.58586836    
   485.785461       19.0367775       9.04355717       5.57258701    
   486.819611       19.0573349       9.00957775       5.59327793    
   487.968048       19.0595589       9.01100159       5.60190535    
   488.941284       19.1507835       9.05005932       5.61632299    
   490.030609       19.1688766       8.99637794       5.62077999    
   491.035553       19.1112080       9.00169754       5.65816498    
   492.081268       19.1145515       9.04253197       5.64987946    
   493.402344       19.1099167       8.99435902       5.62555742    
   494.491669       19.0740337       8.96029949       5.64242220    
   495.301270       18.9204102       8.94486237       5.65127230    
   496.091492       18.8400879       8.97885036       5.66643095    
   496.871979       18.7901440       8.95333004       5.65508652    
   497.987396       18.7937145       8.94676971       5.64767694    
   498.761047       18.8199463       8.95967388       5.62474823    
   499.893036       18.8447266       8.96601486       5.63216114    
   501.148224       18.8302441       8.96659946       5.61439466    
   502.219360       18.8541794       8.99998760       5.56934261    
   503.212585       18.8188267       9.01136017       5.60432816    
   504.085785       18.8373737       8.98450661       5.63304043    
   505.103149       18.8456211       8.93577480       5.63643456    
   505.788666       18.8901310       8.95806694       5.57045746    
   506.779633       18.8938923       8.95510292       5.57702875    
   507.758240       18.9146729       8.94465542       5.59020185    
   508.688141       18.9317265       8.97728539       5.59621954    
   509.682404       18.8721752       9.02487373       5.63195324    
   510.428345       18.9272480       8.98682594       5.64700842    
   511.549072       18.8713150       8.99854660       5.64478779    
   512.793457       18.9037437       9.04580879       5.66606998    
   513.792664       18.8960285       8.97263527       5.68044424    
   514.639221       18.9330215       9.01398373       5.70258951    
   515.833801       18.9160538       9.01057625       5.70715714    
   517.000366       18.8967381       9.03120804       5.67160702    
   518.011658       18.8804188       9.04314327       5.69162369    
   518.988403       18.8211632       9.05376530       5.67072678    
   519.931641       18.7673721       9.03450489       5.66287756    
   520.733704       18.8406811       9.05095768       5.65671492    
   521.794800       18.8142242       9.04993343       5.64891338    
   522.963318       18.9225368       9.07707310       5.62161255    
   523.822998       18.9624920       9.07448769       5.60158110    
   524.738586       18.9013939       9.09030151       5.61776257    
   525.506409       18.8694172       9.07750607       5.59958172    
   526.529602       18.8696556       9.07429886       5.60082626    
   527.825562       18.8759823       9.03660774       5.56037569    
   528.794617       18.8813343       9.05228043       5.58096552    
   529.554810       18.8837566       9.01021099       5.56777906    
   530.550110       18.9287319       9.00959778       5.57690525    
   531.784241       18.8775635       8.98522091       5.59643745    
   532.804077       18.8745785       8.93939018       5.59598780    
   533.773865       18.8650665       8.98004818       5.60577536    
   534.756409       18.8179417       8.97439575       5.61615992    
   535.806030       18.8301029       8.94973373       5.61759806    
   536.742004       18.8289280       8.92975330       5.67121363    
   537.994568       18.8867798       8.92827225       5.64850616    
   539.193420       18.8617096       8.95414257       5.66660023    
   540.080444       18.8518620       8.95545387       5.69628429    
   541.106567       18.8833923       8.96359444       5.68460798    
   541.768677       18.8476276       8.94080353       5.68630028    
   542.607788       18.8803978       8.91928959       5.68813419    
   543.704041       18.8680382       8.90642548       5.69398546    
   544.657593       19.0115585       8.92467213       5.66044235    
   545.766663       18.9908371       8.93069172       5.64816236    
   546.968079       18.9882755       8.88917923       5.64117813    
   547.894531       18.9760475       8.85011196       5.66947889    
   548.684387       19.0051231       8.88581753       5.66955280    
   549.762695       19.0192089       8.84503174       5.65148306    
   550.724243       18.9457359       8.82379055       5.65364027    
   551.787903       18.9618607       8.81639862       5.67505741    
   552.734070       18.9270821       8.82808876       5.65451002    
   553.927063       18.8792896       8.87892914       5.65182209    
   554.895569       18.9832802       8.89777565       5.64099550    
   555.805725       18.9598122       8.91604710       5.64687347    
   557.221375       19.0196285       8.93152428       5.64893198    
   558.497803       19.0409985       8.94421101       5.64813900    
   559.438660       19.0186825       8.92353725       5.63926888    
   560.784241       19.0553741       8.88528252       5.64039469    
   561.611816       19.0923061       8.91438484       5.62809992    
   562.565125       19.0562801       8.94877052       5.61915970    
   563.406982       19.1236324       8.93703747       5.64560938    
   564.420715       19.0873165       8.91610432       5.61837912    
   565.413635       19.1086712       8.89634991       5.63578463    
   566.008545       18.9896564       8.93495464       5.65919304    
   566.826111       18.9926567       8.92400551       5.65035725    
   567.684814       18.9231529       8.92765522       5.67584610    
   568.762390       18.9314213       8.94730091       5.69085884    
   569.628235       18.9568920       8.95633698       5.69504642    
   570.700684       18.9411564       8.95166779       5.69944763    
   571.682800       18.9263153       9.00006866       5.72356272    
   572.708435       18.9170818       8.98029804       5.73330021    
   573.639832       18.8113155       8.93738365       5.71815968    
   574.894775       18.8358040       8.96221638       5.70423317    
   575.907410       18.8652058       8.95736122       5.67545271    
   577.279480       18.8495159       8.96251202       5.64418840    
   578.270996       18.8617249       8.97451019       5.62423897    
   579.199219       18.8943481       8.97762203       5.64018965    
   580.208801       18.8484974       8.94459343       5.62350416    
   581.408813       18.9068127       8.90541649       5.64312077    
   582.476074       18.9191093       8.89819527       5.64506388    
   583.576111       18.9877472       8.89753437       5.63122892    
   584.582031       19.0097427       8.85307407       5.62686920    
   585.443359       18.9907627       8.87792873       5.58075857    
   586.188599       18.9374714       8.90186501       5.58586502    
   587.022705       18.9468937       8.91731071       5.62058544    
   588.093384       18.8921890       8.91043377       5.63482714    
   588.970398       18.9494953       8.88533020       5.65346050    
   589.901794       18.8974953       8.93124962       5.65708971    
   590.664001       18.8929291       8.96441555       5.66949034    
   591.871704       19.0034637       9.01407051       5.66670036    
   592.914978       18.9501534       8.95217800       5.63903141    
   593.972107       18.9968376       8.92263412       5.61345148    
   594.817444       18.9722939       8.92621803       5.62383461    
   595.409729       18.9820175       8.93027782       5.66538286    
   596.339844       18.9256840       8.95830345       5.63215113    
   597.286560       18.9375820       9.00144863       5.63757849    
   598.246277       18.9994564       8.98435402       5.66803694    
   599.372009       18.9927979       9.02205086       5.63930655    
   600.059265       18.9535980       9.04374218       5.61439705    
   601.009216       18.9454384       9.04731464       5.62839890    
   602.197083       18.9407864       9.09082317       5.62948275    
   603.249329       19.0096073       9.02652931       5.58763742    
   604.190857       18.9836388       9.04321575       5.59307241    
   605.130127       19.0677071       9.07957077       5.63798332    
   606.325073       18.9994793       9.13534832       5.64890575    
   607.218201       18.9902000       9.10146904       5.61902332    
   608.137146       19.0049629       9.09153748       5.64015961    
   609.072754       19.0019093       9.08408642       5.58976984    
   610.179199       18.9351501       9.04289818       5.60105610    
   611.044556       18.9530048       9.01660061       5.61420918    
   612.086609       18.9636364       9.09479713       5.60174131    
   613.130371       18.9953060       9.07029915       5.57344961    
   614.243774       19.0228519       9.08419132       5.58126402    
   615.179932       18.9824200       9.01206207       5.58098507    
   616.265381       18.9706745       8.96283054       5.62209797    
   617.193604       18.9988213       8.98181915       5.63406134    
   618.099854       19.0189686       9.07189178       5.62493515    
   618.998901       19.0595741       9.06083298       5.59961128    
   620.190796       19.0955849       9.05582523       5.65953064    
   620.989929       19.0878868       9.03801250       5.69706774    
   621.842712       19.0829315       9.10091305       5.70047712    
   622.783630       19.0392399       9.10281563       5.66991615    
   623.871277       18.9746933       9.06704330       5.66044712    
   625.090637       18.9367943       9.03882694       5.66814804    
   626.016418       18.9620609       9.09722805       5.69159174    
   626.967590       18.9260502       9.07609367       5.66487265    
   627.991577       18.9163055       9.09679604       5.65396261    
   628.824219       18.9653111       9.07481098       5.66322136    
   629.844482       19.0001545       9.04945087       5.70166969    
   630.857788       18.9862423       8.97758198       5.70411634    
   631.666382       18.9621830       9.00133133       5.68304110    
   632.623901       18.9843903       9.02727795       5.64919901    
   633.779114       19.0666351       9.03049564       5.64106894    
   634.523682       19.1016941       9.00751495       5.65805483    
   635.536865       19.0764561       9.01895905       5.64036465    
   636.530334       19.0792465       9.00018787       5.66930771    
   637.383057       19.0970974       9.00345135       5.65622568    
   638.246033       19.0786781       9.00623226       5.65652466    
   639.204407       19.0452824       8.99788475       5.66461086    
   640.593750       18.9800606       8.98068810       5.66162491    
   641.501343       18.9636765       8.99446392       5.64346838    
   642.744202       19.0137959       9.00201416       5.64615965    
   643.752075       19.0633850       8.96542740       5.67273045    
   644.844727       19.0685482       8.98627663       5.67884588    
   645.969299       19.0995827       8.94107056       5.68649197    
   647.141846       19.1511536       8.92254829       5.66759205    
   647.984924       19.1576633       8.96386814       5.68149137    
   648.988525       19.1110325       8.91286278       5.71058035    
   649.971069       19.0646553       8.90024185       5.68951559    
   651.021179       19.0537701       8.87510586       5.67566919    
   652.071411       19.0434494       8.89160919       5.67262888    
   652.930786       19.0273342       8.88147926       5.66112947    
   653.694275       19.0615311       8.91424751       5.67241430    
   654.722229       19.0088673       8.88899040       5.68973207    
   655.692993       18.9974861       8.89840031       5.70466614    
   656.674683       19.0489159       8.93792725       5.70528030    
   657.722717       19.0912228       8.95720768       5.69998693    
   659.048767       19.0701466       8.94329643       5.69377756    
   660.035706       19.0970459       8.92086697       5.69132519    
   660.675903       19.0303612       8.94291115       5.69185495    
   661.773071       18.9984264       8.93210316       5.66225910    
   662.828552       19.0351372       8.98702621       5.65589666    
   663.968872       18.9304123       8.99193573       5.66402912    
   664.918335       18.8823166       8.98202610       5.65893793    
   666.005188       18.9267330       9.00282669       5.64949751    
   666.589661       18.9397144       9.00191689       5.67720699    
   667.521667       18.9360332       9.06216908       5.65745831    
   668.492676       18.9029408       9.03270721       5.66532373    
   669.708679       18.8517952       9.04708767       5.65157795    
   670.551025       18.8586273       9.00436687       5.62799072    
   671.536682       18.8632221       9.01007175       5.62459850    
   672.579834       18.8125286       9.01813793       5.60142708    
   673.306091       18.8504772       9.02496719       5.58996058    
   674.176575       18.8118343       9.05005169       5.62851000    
   675.107056       18.8331490       9.05254841       5.59082890    
   676.144104       18.9060040       9.04583549       5.59113455    
   677.088013       18.9309177       9.07890320       5.58372450    
   678.026672       18.9965115       9.04066563       5.61733103    
   679.137329       19.0180550       9.02513981       5.63873863    
   680.205933       19.0222473       9.05727577       5.62069464    
   681.257385       18.9790993       9.01734352       5.62201977    
   682.007568       19.0135651       8.97323322       5.66327810    
   682.771851       19.0028934       8.92872143       5.66140175    
   683.697815       19.0582905       8.97652435       5.65638447    
   684.771423       19.0950089       9.02279663       5.69183207    
   685.617310       19.1110783       9.03386879       5.68035078    
   686.919128       19.1424255       9.01565170       5.69096899    
   687.663147       19.1744595       9.04833317       5.67272043    
   688.516479       19.1883450       9.06169128       5.65533543    
   689.373230       19.1493301       9.04893684       5.68912363    
   690.432129       19.0691319       9.08489037       5.69433928    
   691.247559       19.0450592       9.10503483       5.70316029    
   692.075684       19.0864201       9.10261059       5.68661022    
   692.712097       19.0635948       9.11005592       5.65190983    
   693.703003       19.0184174       9.08210468       5.62653017    
   694.840881       19.0204639       9.07137012       5.66022491    
   695.977539       19.0585594       9.01376057       5.68588448    
   697.042664       19.1042614       9.00688934       5.66379595    
   698.229797       19.1262245       9.02337742       5.65552044    
   699.188171       19.1742229       9.02377796       5.65360832    
   700.185608       19.1106262       8.96550655       5.62048244    
   701.332581       19.1080360       8.99301815       5.61423826    
   702.513794       19.0974846       9.00272369       5.63221741    
   703.713745       19.0656357       9.03751659       5.61221313    
   704.956665       19.0848618       9.03085327       5.59600925    
   705.833496       19.0724201       9.01935959       5.58193588    
   707.035339       19.0761700       9.02473068       5.60173845    
   707.891907       19.0294857       9.04067707       5.61237860    
   708.926392       19.1205845       9.04080009       5.64245081    
   710.245911       19.1949692       9.03944016       5.60662174    
   711.495483       19.1606083       9.04592419       5.58790874    
   712.434998       19.1860104       9.08977032       5.55620384    
   713.431030       19.2873936       9.04775810       5.58799839    
   714.468506       19.2827492       9.02042770       5.58441496    
   715.625732       19.2324619       8.97126102       5.60421038    
   716.774231       19.2624321       9.02208996       5.61477518    
   717.651978       19.2496128       9.01638603       5.61091328    
   718.589539       19.1925011       9.02466297       5.63077068    
   719.625122       19.2304535       9.03056240       5.66484690    
   720.984375       19.1746922       9.03320312       5.64166784    
   722.194275       19.1726933       9.00173283       5.64721441    
   723.046692       19.1483822       9.00294685       5.71187925    
   723.796143       19.1481800       9.03189754       5.67423391    
   724.855530       19.1456280       9.04099941       5.64159060    
   725.705750       19.1888695       9.06922626       5.65563869    
   726.796631       19.1945019       9.04126740       5.69637299    
   727.867920       19.1884289       8.98209000       5.66511202    
   728.770935       19.1743965       9.01084232       5.67184925    
   729.561340       19.1657391       8.99876785       5.68573713    
   730.872681       19.1831551       8.97664928       5.71344185    
   732.048828       19.1589584       8.98239708       5.76159477    
   733.227783       19.1754475       8.97204304       5.75599003    
   734.067200       19.2017059       8.98895836       5.76458120    
   734.986755       19.2259884       9.00781059       5.74275112    
   736.005432       19.2311649       8.99455833       5.72499084    
   737.092651       19.2617836       9.04129887       5.72251463    
   738.298462       19.3355236       9.03713799       5.68531513    
   739.211853       19.3840866       9.07730675       5.69736147    
   740.374878       19.2964611       9.11161423       5.70356369    
   741.336365       19.2873478       9.07675457       5.68981934    
   742.224976       19.2250214       9.04366493       5.70689201    
   743.483276       19.2136421       9.07799244       5.74320507    
   744.524475       19.1561184       9.08762455       5.74274015    
   745.502258       19.1917248       9.08409691       5.73934937    
   746.456543       19.1945763       9.09034538       5.73392916    
   747.565491       19.1870422       9.07111835       5.72738171    
   748.821472       19.1586227       9.07852936       5.70504808    
   749.819641       19.1511307       9.06323814       5.71092987    
   750.570679       19.1823349       9.07565022       5.70166779    
   751.556030       19.2145729       9.11790466       5.72570896    
   752.256287       19.2350464       9.08903503       5.72607803    
   753.369934       19.2567120       9.05381966       5.72111416    
   754.457214       19.1519279       9.07268715       5.72586727    
   755.327698       19.1098652       9.05949688       5.72674370    
   756.351868       19.0951138       9.05363655       5.74111700    
   757.087524       19.0666409       9.07701492       5.70449018    
   758.072937       19.0893154       9.05933952       5.71879625    
   758.940369       19.1200676       9.07907486       5.71857882    
   759.990417       19.1239090       9.07632542       5.73060179    
   761.212891       19.1254253       9.08067226       5.70412064    
   762.348145       19.1631947       9.05760288       5.71164560    
   763.174927       19.1779194       9.06625271       5.68988895    
   764.227844       19.1837082       9.09959793       5.69277906    
   765.507324       19.2310848       9.11368847       5.69092798    
   766.421570       19.1758099       9.11402035       5.69887018    
   767.452393       19.1329155       9.09119987       5.68991566    
   768.456360       19.1665764       9.09467125       5.70742941    
   769.573608       19.1735497       9.05264473       5.74377966    
   770.349487       19.2592335       9.07356834       5.78015900    
   771.355347       19.1618652       9.07747841       5.77048635    
   772.333374       19.1360245       9.04023552       5.71911144    
   773.326111       19.0995102       9.08729076       5.73669291    
   774.297302       19.1202984       9.03902817       5.71186924    
   775.153625       19.1146526       9.04707432       5.67126560    
   776.169800       19.1161461       9.04299831       5.61776114    
   777.170288       19.1168880       9.04607868       5.60475492    
   777.955627       19.1659527       9.03817749       5.62235403    
   779.069153       19.1981831       9.00583935       5.60669947    
   779.806030       19.1757355       9.02534199       5.61570501    
   780.497009       19.1546631       9.02047157       5.62372494    
   781.510803       19.1373711       9.00581264       5.63739014    
   782.591736       19.1125336       8.99039459       5.61968422    
   783.568542       19.0694046       8.97669697       5.66032934    
   784.753235       19.0588531       9.00298500       5.66977978    
   785.717346       19.0437050       9.00542068       5.66877651    
   786.577454       18.9484291       8.97243118       5.69468212    
   787.744202       18.9879093       9.02569008       5.70015478    
   788.853455       19.0458775       9.04581738       5.69820547    
   789.876648       19.1220703       8.99394989       5.68387794    
   790.972290       19.1375694       8.99695301       5.71945477    
   791.805420       19.1194553       9.04058743       5.72078228    
   792.881836       19.1444035       9.05856419       5.71866274    
   793.685486       19.1426964       9.08594131       5.69723606    
   794.874695       19.0896721       9.03954315       5.67781544    
   796.058838       19.0789375       9.01870155       5.69898510    
   797.529175       19.0974274       9.02542305       5.71223450    
   798.466614       19.1751461       9.05882549       5.72698021    
   799.515076       19.1215897       9.02714062       5.73437452    
   800.670288       19.0999336       8.99629211       5.73452377    
   801.853638       19.0346336       8.99020672       5.71259594    
   802.610352       19.0570183       8.97961903       5.64967966    
   804.213013       19.0046234       9.00460339       5.62688828    
   805.237549       19.0495892       8.99773121       5.64632988    
   806.317993       19.0063744       8.99933624       5.63033772    
   807.298584       19.0101128       8.99351788       5.64611864    
   808.527527       19.0476303       8.99689674       5.63975239    
   809.378479       19.0427780       9.00368690       5.63025665    
   810.385864       18.9167709       8.95043755       5.67397499    
   811.127747       18.9504433       8.92918491       5.68546247    
   812.257751       18.8977203       8.95598698       5.70490456    
   813.105469       18.9525871       9.01974869       5.68615294    
   813.992126       18.9592133       9.02340221       5.68570614    
   815.109375       18.9532890       8.99502087       5.66457319    
   816.024536       19.0085697       9.00238895       5.70510674    
   816.745728       19.0396862       8.98137379       5.71891785    
   817.317566       19.0381031       8.97349167       5.71270847    
   818.344421       18.9637451       8.99711514       5.71415901    
   819.065491       18.9129333       9.00335503       5.70756912    
   820.240417       18.9217014       9.03106308       5.71466064    
   821.210938       18.9689159       8.98406124       5.71781588    
   822.130188       18.9478416       9.03834820       5.69893169    
   823.424255       18.8737793       9.01899719       5.70669079    
   824.384460       18.8894596       9.01364613       5.70721579    
   825.489685       18.9063931       9.00051022       5.71765566    
   826.538940       18.9482479       9.04065228       5.66908312    
   827.446289       18.9062672       9.02866840       5.68119144    
   828.187378       18.8979721       9.02438736       5.64850378    
   829.239868       18.8498688       9.03114128       5.64698124    
   830.214600       18.8412724       9.02271748       5.63572168    
   831.053162       18.8638515       9.03174210       5.64914513    
   831.829346       18.8831787       8.99425697       5.59250164    
   832.663574       18.9176636       8.99716759       5.60015202    
   833.743591       18.8900833       9.03271389       5.65699625    
   834.678833       18.8891582       8.97181129       5.68621635    
   835.946045       18.8940449       8.95852757       5.72844791    
   837.234802       18.9180241       8.98470688       5.78951073    
   838.373169       18.9403973       8.99895477       5.79834127    
   839.233032       18.8799686       8.96065521       5.79870653    
   840.489502       18.9395733       8.96558952       5.79155827    
   841.388977       18.9446735       8.96616554       5.76510239    
   842.308899       18.9707184       8.96179008       5.74034691    
   843.513245       19.0658817       8.99608421       5.70803881    
   844.800415       19.1494560       9.00203514       5.71817636    
   845.618835       19.0579586       8.99193668       5.68126488    
   846.763123       19.1138439       9.01639080       5.63308287    
   847.624512       19.0776253       9.02224255       5.61134672    
   848.461792       19.1088390       8.98786068       5.62910223    
   849.620850       19.0805035       8.95573521       5.61614656    
   850.557617       19.1294022       8.93004704       5.62520933    
   851.648804       19.1821918       8.91171932       5.63676071    
   852.463745       19.0612278       8.94720650       5.67188406    
   853.200745       19.0867825       8.98397064       5.65908861    
   854.232361       19.0928192       8.99660969       5.66683102    
   854.993896       19.0465622       8.98172760       5.65511560    
   855.983215       18.9787292       8.92230034       5.66665745    
   856.984497       19.0098648       8.93835545       5.67376709    
   857.971069       19.0259972       8.94547653       5.69092464    
   859.109131       19.0222416       8.97062111       5.69350529    
   860.175232       19.0375786       8.98374081       5.70954466    
   861.161011       19.0429230       8.97031498       5.69850969    
   862.515747       19.0396366       8.99900627       5.67125893    
   863.360657       19.0501080       8.99554157       5.68355274    
   864.612000       18.9779816       9.04230022       5.64740610    
   865.660217       18.9903011       9.06630707       5.65361452    
   866.657593       19.0062370       9.08259678       5.68320227    
   867.592957       18.9704876       9.08089733       5.66357327    
   868.800964       19.1156693       9.07781792       5.65496445    
   869.866333       19.1113644       9.03335190       5.66840410    
   870.614990       19.1347103       9.03193092       5.63871193    
   871.849243       19.1339664       8.98906612       5.64255428    
   873.049011       19.1230125       8.95711708       5.66633654    
   873.907654       19.1266575       8.97996330       5.66939545    
   874.970398       19.1312599       8.98508358       5.69933176    
   876.360352       19.1399097       9.01466274       5.66290331    
   877.322510       19.1378326       8.97729397       5.62943077    
   878.383972       19.1742573       8.98254967       5.63734198    
   879.345886       19.2936230       8.94523144       5.62352514    
   880.169861       19.2959156       8.95399857       5.62089300    
   881.129761       19.2277431       9.00259781       5.55873632    
   882.104736       19.2121868       8.99476051       5.58924866    
   882.856018       19.1938324       9.01752377       5.60954952    
   883.725830       19.2112999       8.96966934       5.64385223    
   884.997803       19.1907120       9.01107216       5.65444422    
   886.032654       19.1879444       8.98602390       5.66353655    
   886.825439       19.1489468       8.93259716       5.62221909    
   887.350220       19.1794472       8.91300106       5.66157961    
   888.470398       19.1514397       8.93030834       5.65738678    
   889.695496       19.1327858       8.87108040       5.68503475    
   890.334656       19.0693016       8.85126686       5.67308569    
   891.174377       19.0588875       8.86216927       5.67454529    
   892.082703       19.1348133       8.86944962       5.70728922    
   892.998230       19.0764599       8.87876797       5.67128515    
   894.243042       19.0991306       8.83379555       5.68040848    
   895.359009       19.0789700       8.83479404       5.70553780    
   896.492004       19.1198959       8.87260056       5.72365952    
   897.347351       19.0926991       8.89828682       5.74024296    
   898.399292       19.1171284       8.88251019       5.68242931    
   899.734436       19.1275330       8.85160255       5.69791794    
   900.503845       19.0625935       8.88661194       5.72892570    
   901.597351       19.0923519       8.91847420       5.68906736    
   902.433716       19.0858269       8.93656731       5.68716621    
   903.145996       19.0709324       8.97601414       5.66381931    
   904.119385       19.1017723       8.95816422       5.69265985    
   904.999817       19.2033596       8.99916935       5.67462826    
   905.824158       19.1474991       9.03155708       5.68006134    
   906.786682       19.0765228       9.01322651       5.71154404    
   907.649841       19.0961571       9.02759552       5.72441339    
   908.437500       19.1138821       8.98492336       5.70534801    
   909.678894       19.1466808       8.96219158       5.71096563    
   910.666931       19.1312351       8.97873783       5.67727852    
   911.755798       19.1702557       8.97776031       5.64569521    
   912.811279       19.1489429       8.99626446       5.64322186    
   914.078430       19.2157745       8.99918652       5.64334822    
   915.058289       19.1828232       8.99822903       5.67112684    
   916.085510       19.2215576       8.96804142       5.67002869    
   916.906250       19.1657238       9.00702286       5.65255833    
   918.674194       19.1573887       9.02027512       5.66043758    
   919.498718       19.1461792       9.02283859       5.66274261    
   920.645569       19.1073360       9.03533840       5.65446949    
   921.509094       19.1588783       9.09309673       5.66692781    
   922.762939       19.1050777       9.03305531       5.67926741    
   923.628906       19.1170712       8.99638844       5.66240978    
   924.746582       19.1468010       9.02537251       5.66169596    
   925.345886       19.2161560       9.00572300       5.66593456    
   926.131348       19.2085361       9.01072025       5.63321161    
   927.214294       19.1560917       9.02046585       5.63248110    
   928.093689       19.0518837       9.01155186       5.65239000    
   929.102356       18.9794350       9.04968834       5.63476419    
   930.137512       18.9906235       9.04203224       5.64478397    
   931.195312       19.0167103       9.00028515       5.64620543    
   932.261230       18.9694309       9.02322674       5.64231491    
   933.390015       19.0085659       9.01058960       5.63072586    
   934.377747       19.0055523       9.00813389       5.61770487    
   935.740967       19.0806484       9.00547409       5.65252209    
   936.481995       19.0801659       9.00400925       5.69603348    
   937.466431       19.0599117       8.99087143       5.68447590    
   938.716125       19.0550518       8.98359680       5.66551399    
   939.638672       19.0730648       8.99834347       5.70385504    
   940.744202       19.0858994       9.03890991       5.66044855    
   941.674927       19.0794334       9.07366467       5.66678858    
   942.495789       19.0599880       9.08289814       5.65901232    
   943.223755       19.0159569       9.08204174       5.67461205    
   944.081482       19.0392361       9.05066395       5.69684219    
   944.813171       19.0905514       9.05147171       5.71358252    
   945.870056       19.0792904       9.06333160       5.73671103    
   946.868713       19.0795097       9.04481506       5.72615480    
   948.158386       19.1305275       8.99769306       5.72902679    
   949.325439       19.1150436       9.01704311       5.71725464    
   950.460999       19.1669159       9.00514984       5.72096395    
   951.674011       19.1497784       9.01210117       5.64368582    
   952.755493       19.2089043       9.00012779       5.61494255    
   953.822205       19.1810398       9.00894451       5.65888691    
   954.804626       19.2291622       9.01894569       5.70388508    
   955.564697       19.2659912       9.01160431       5.68934679    
   956.458191       19.3363667       9.00991917       5.68470049    
   957.403564       19.2750187       8.99372387       5.67418957    
   958.305298       19.3043880       8.95877361       5.68178606    
   959.504883       19.3666248       8.85432720       5.68826866    
   960.518799       19.3067455       8.89879036       5.68832541    
   961.651367       19.3243790       8.92482758       5.64715767    
   962.493103       19.3026581       8.93855762       5.64541626    
   963.452637       19.3021317       8.96668148       5.67165327    
   964.486572       19.3753815       8.96072102       5.61659288    
   965.428833       19.2938480       8.98810101       5.61202002    
   966.547363       19.3069859       8.97200203       5.64107180    
   967.531921       19.3288822       8.97807884       5.65059090    
   968.814148       19.2635345       8.97180080       5.67497444    
   969.993591       19.3007946       8.96420574       5.68750954    
   970.721069       19.3063545       8.97588062       5.70680761    
   971.809265       19.2348385       8.95863724       5.69268608    
   973.089600       19.3112755       8.91624737       5.69613791    
   974.484009       19.3214874       8.89068031       5.72821760    
   975.422791       19.3434353       8.86468029       5.72882175    
   976.504456       19.2951927       8.88856697       5.71282005    
   977.544067       19.2752876       8.91405773       5.68715572    
   978.104919       19.4161110       8.93413258       5.69689846    
   979.198242       19.3927174       8.88806725       5.70571661    
   980.365417       19.4419479       8.90160942       5.70515871    
   981.707825       19.4519253       8.90931225       5.67220497    
   982.613953       19.4601212       8.93461704       5.64535809    
   983.636719       19.4113235       8.94395447       5.68526745    
   984.572815       19.4038181       8.95735741       5.65242958    
   985.421631       19.3837814       8.94988060       5.64194107    
   986.142761       19.3403740       8.98758411       5.66808891    
   986.888611       19.2867565       8.96730423       5.67094707    
   987.792114       19.2091770       8.94969082       5.66203260    
   988.799500       19.1025925       8.94203568       5.70043325    
   990.112732       19.0877018       8.98437500       5.71281719    
   990.816528       19.1063538       8.95312500       5.70633078    
   991.754822       19.0923901       8.94621849       5.72595692    
   992.742554       19.0445728       8.92103100       5.70128584    
   993.913269       19.0242653       8.93714809       5.69523573    
   994.869690       18.9919167       8.94865799       5.68234873    
   996.014465       19.0101833       8.95491505       5.68027592    
   996.652039       19.0433140       8.95511723       5.69312382    
   997.367859       19.0315571       8.99496365       5.69104481    
   998.512512       18.9978294       8.97206402       5.71771574    
   999.451050       18.9925690       8.97516823       5.68041563    
