              NaN              NaN              NaN
   1.00000739       1.00002003       1.00001049    
   2.00280499       2.00232244       1.99132061    
   2.32490897       2.33707714       2.32766438    
   2.49221778       2.50103164       2.50043344    
   2.58814359       2.59929919       2.59434772    
   2.65146184       2.66759253       2.67711830    
   2.69705296       2.71702528       2.71803975    
   2.74189687       2.74284840       2.75216699    
   2.78000689       2.78341508       2.78248882    
   2.79123902       2.79583240       2.80555034    
   2.81626964       2.81166291       2.81375074    
   2.83131433       2.82796502       2.82251859    
   2.84214997       2.85302544       2.83679891    
   2.85637856       2.85781550       2.84929013    
   2.86123347       2.85431314       2.85688400    
   2.87693906       2.86765456       2.87754154    
   2.87963176       2.88178706       2.87003088    
   2.88541079       2.88636112       2.88306046    
   2.89264727       2.88892102       2.88617373    
   2.90266490       2.89313507       2.88827848    
   2.90218544       2.89103198       2.89662814    
   2.90670443       2.88718748       2.88896680    
   2.91963553       2.89684701       2.89588189    
   2.92856097       2.90174985       2.90286040    
   2.92951179       2.90401816       2.91188240    
   2.94142723       2.91200447       2.91930270    
   2.94709611       2.92323518       2.93017793    
   2.94783258       2.92528701       2.92727757    
   2.94810557       2.92197347       2.92671776    
   2.95068932       2.92641497       2.93478751    
   2.95772624       2.93558979       2.93113470    
   2.96306252       2.94654059       2.92557907    
   2.96714616       2.94546962       2.93114471    
   2.96439195       2.95568538       2.92336822    
   2.96258426       2.95746922       2.92794466    
   2.96087432       2.96392202       2.92826962    
   2.96152306       2.97172451       2.92726350    
   2.95997596       2.96980214       2.92979383    
   2.95264030       2.96971273       2.93100667    
   2.95234966       2.96188879       2.92983079    
   2.94790673       2.96390986       2.93495297    
   2.95710683       2.96478724       2.93551373    
   2.95248318       2.96960354       2.94144249    
   2.94598722       2.96226001       2.94478893    
   2.94797087       2.95799589       2.94481325    
   2.94663382       2.95624185       2.94592738    
   2.94799113       2.95257711       2.94346356    
   2.94046688       2.95159221       2.95537496    
   2.93999815       2.95054078       2.95918345    
   2.94211030       2.95504093       2.95970917    
   2.94848204       2.95783401       2.96451139    
   2.94314766       2.95922375       2.95622492    
   2.94039512       2.96115088       2.95544553    
   2.93977952       2.96152997       2.95145226    
   2.94073844       2.96211362       2.95363116    
   2.93823195       2.96112680       2.95904589    
   2.93208766       2.96482730       2.95139480    
   2.93107343       2.96888757       2.95526624    
   2.93215728       2.96165228       2.95773220    
   2.93697286       2.96615100       2.95905709    
   2.93819714       2.96515465       2.95293140    
   2.94071960       2.96134996       2.95236540    
   2.94027424       2.97198963       2.94849730    
   2.94488311       2.96797538       2.94585013    
   2.94787073       2.96927023       2.93699622    
   2.95356369       2.97629213       2.93166947    
   2.95323443       2.97764444       2.93156433    
   2.94693279       2.97408962       2.93193007    
   2.95386291       2.97794223       2.93252254    
   2.96386337       2.98321939       2.93687010    
   2.96133018       2.98956418       2.94011378    
   2.96882844       2.99124289       2.93327904    
   2.97191954       2.99543691       2.93454266    
   2.97027111       2.99718142       2.94115925    
   2.97171068       2.99909735       2.94681907    
   2.98102021       2.99622941       2.94994330    
   2.98035169       2.98892832       2.94716644    
   2.97945189       2.98898745       2.94694448    
   2.98124194       2.99021888       2.95044422    
   2.98516703       2.98553133       2.95292258    
   2.98543906       2.98309588       2.95655537    
   2.98121452       2.98591733       2.96400023    
   2.99136877       2.97896743       2.96605396    
   2.99055195       2.98241901       2.96147656    
   2.98833370       2.98177099       2.96488810    
   2.99116945       2.97850347       2.96261215    
   2.98893332       2.97138381       2.96351361    
   2.98537755       2.96981835       2.96595192    
   2.98796892       2.97283936       2.97039819    
   2.98800135       2.97366381       2.97508764    
   2.98659372       2.97952938       2.98067641    
   2.98218369       2.97563195       2.97892356    
   2.98127127       2.97060013       2.98028612    
   2.98115540       2.97473216       2.98328900    
   2.98679709       2.97822142       2.98192453    
   2.98622108       2.98118806       2.97981358    
   2.98359656       2.97968245       2.98311782    
   2.98557949       2.98139000       2.98328328    
   2.98058581       2.97725463       2.98572922    
