              NaN              NaN              NaN
  -2.72006053E-03   4.47995588E-03   3.24005331E-03
   7.62050797E-04   6.32489054E-03   1.22412457E-03
  -3.51890200E-03   1.63756846E-03  -4.28420957E-03
  -3.86850745E-03   4.63504903E-03  -2.93260580E-03
  -4.49145678E-03  -9.99262673E-04  -2.57814093E-03
   5.43607911E-03   3.92790465E-03  -1.31817139E-03
  -1.44200318E-03  -3.75984958E-03  -6.73314650E-03
  -3.29262693E-03  -1.21721311E-03  -4.30124998E-03
  -5.29326545E-03  -4.76613095E-05  -1.36405055E-03
   5.48934098E-04   2.80176930E-04  -1.18413137E-03
  -4.06428380E-03   4.62469459E-03   4.68673464E-03
  -7.24325562E-03   2.49628327E-03   2.99635390E-03
  -1.79020874E-03  -8.94323515E-04   3.34146596E-03
  -4.94405581E-03   1.16206752E-03  -1.66462472E-04
  -3.16801784E-03   4.77520470E-03   3.75484768E-03
  -6.46464573E-03  -5.53333201E-04   3.29516549E-03
  -9.37194098E-03  -5.80464676E-03   1.79699145E-03
  -8.16927012E-03  -2.52212794E-03   2.21712654E-03
  -1.17956121E-02  -4.04249877E-03  -5.55148907E-03
  -1.61772538E-02   2.07705051E-03  -5.92470029E-03
  -1.08849499E-02  -2.32546846E-03  -5.31915668E-03
  -8.76558945E-03  -4.12224140E-03  -5.33279357E-03
  -7.90472701E-03  -2.91437982E-03  -9.70691629E-03
  -1.05318669E-02  -3.75895353E-04  -1.08343838E-02
  -8.54668114E-03  -3.40020546E-04  -5.83149446E-03
  -9.59320273E-03   1.39060244E-03  -1.24650262E-02
  -9.88624245E-03   6.53534953E-04  -8.99943523E-03
  -7.42833735E-03   3.18835094E-03  -7.87274912E-03
  -6.83428720E-03   2.77769170E-03  -6.81756064E-03
  -7.71702779E-03   9.24339052E-04  -7.87109789E-03
  -1.02422433E-02   6.41659135E-04  -1.00976806E-02
  -6.40058424E-03  -7.49010360E-04  -4.71649831E-03
  -9.53238923E-03   1.47615465E-05  -5.18527860E-03
  -8.45110323E-03   2.30231625E-03  -3.56121780E-03
  -8.43074732E-03   4.80604591E-03  -4.50044824E-03
  -3.83485225E-03   5.03935060E-03  -4.21733828E-03
  -5.62287355E-03   2.57943640E-03  -3.49481660E-03
  -7.98898749E-03  -3.18380480E-04  -2.81023514E-03
  -6.80987863E-03  -9.51166614E-04  -4.62867459E-03
  -5.94027946E-03  -2.11295031E-04  -5.40226977E-03
  -7.66771985E-03   1.43073814E-03  -5.23778377E-03
  -3.67711228E-03   3.04158474E-03  -2.78341235E-03
  -5.10956347E-03  -7.40527583E-04  -5.88150183E-03
  -7.50837894E-03  -3.28948814E-03  -6.58603851E-03
  -5.65719139E-03  -3.08823748E-03  -5.53546334E-03
  -5.83281834E-03  -2.84795114E-03  -5.76127972E-03
  -8.77581723E-03  -2.26988527E-03  -7.21401116E-03
  -1.04253385E-02  -3.11736832E-03  -5.82244154E-03
  -1.04760509E-02  -5.76045830E-04  -4.86196438E-03
  -1.46542965E-02  -5.76850632E-03  -2.40502250E-03
  -1.48200495E-02  -5.95897995E-03  -2.88123498E-04
  -1.38819059E-02  -2.66651507E-03   2.85897695E-04
  -1.66234188E-02  -1.09308423E-03   1.45811879E-03
  -1.65380258E-02  -1.70314882E-03   6.69240952E-03
  -1.64506827E-02  -3.57699860E-03   5.48245665E-03
  -1.58311594E-02  -2.78663798E-03   1.21318025E-03
  -1.37163876E-02  -1.24893419E-03   2.22435687E-03
  -1.19922562E-02   5.15550375E-04   1.11178367E-03
  -1.36448657E-02  -3.91505318E-06   2.09500082E-03
  -1.19497003E-02  -1.02612877E-03   9.85346735E-04
  -1.13652200E-02  -1.07894395E-03   3.15185473E-03
  -1.06776794E-02   5.50002558E-04   3.91969131E-03
  -1.18514672E-02   1.59515056E-03   1.07890973E-03
  -9.73166246E-03   1.09664723E-03   3.58802936E-04
  -1.00635914E-02  -7.81922252E-04   4.81520954E-04
  -8.82084388E-03   1.56197319E-04   1.92934717E-03
  -8.41734093E-03   2.35765800E-03  -4.21749632E-04
  -1.15960846E-02   2.47384352E-03  -4.83343756E-04
  -1.25658019E-02   2.67285178E-03   1.51504716E-03
  -1.38517302E-02   6.29033719E-04   3.14744562E-03
  -1.17837684E-02  -1.04326080E-03   2.31992593E-03
  -1.04177641E-02  -5.62992180E-04   3.61904758E-03
  -1.09325200E-02  -1.58551545E-03   6.03085570E-03
  -1.18660089E-02  -1.49794947E-03   6.61514373E-03
  -1.06422817E-02  -4.34912182E-03   4.29690210E-03
  -1.05116367E-02  -2.19217176E-03   4.76140901E-03
  -9.29191802E-03  -4.29824635E-04   3.47007602E-03
  -9.14789829E-03  -1.42936726E-04   4.69011022E-03
  -7.95151759E-03  -3.61781247E-04   6.03819266E-03
  -8.99134856E-03  -3.09598428E-04   6.76531903E-03
  -7.33359577E-03  -1.38676853E-03   6.64398866E-03
  -6.86061149E-03  -2.76522740E-04   8.29088222E-03
  -5.33053558E-03   7.05332262E-04   7.58732809E-03
  -7.93404691E-03  -4.05745290E-04   8.26185197E-03
  -7.46194180E-03   1.59539003E-03   8.35045427E-03
  -9.02521331E-03   8.86904658E-04   6.46202080E-03
  -8.57697334E-03   8.05038610E-04   6.87617389E-03
  -8.05632584E-03   2.63208669E-04   8.28704238E-03
  -9.23603680E-03   1.22474798E-03   5.72090643E-03
  -6.99170027E-03   1.75145478E-03   4.23798338E-03
  -9.19265114E-03  -6.96565257E-04   3.96482088E-03
  -9.43437591E-03   4.36459639E-04   2.18813634E-03
  -8.01841822E-03   2.95592076E-03   5.66586060E-03
  -7.08688283E-03   1.93619647E-03   4.76427888E-03
  -6.91000745E-03   3.32164392E-03   5.84427733E-03
  -8.43927730E-03   9.84831422E-05   7.23145716E-03
  -7.99327064E-03   8.46188923E-04   4.87781642E-03
  -7.73735857E-03  -6.33530843E-04   4.68250643E-03
  -7.10851373E-03   3.61522543E-04   5.63867250E-03
