   0.00000000       0.00000000       0.00000000    
  0.999998152      0.999994993      0.999997377    
   1.99719882       1.99767983       2.00871706    
   3.01902533       2.99158812       3.01271605    
   4.02815914       3.98033190       4.01162910    
   5.03055048       4.96184254       5.02391148    
   6.02907944       5.97294807       6.01526642    
   7.02630138       6.96613741       7.04980278    
   8.03727722       7.98329210       8.03459740    
   9.02465439       9.00371838       9.02062130    
   10.0213480       10.0298433       10.0121098    
   11.0187054       11.0523405       11.0428658    
   11.9980059       12.0835972       12.0124483    
   13.0338306       13.0866680       13.0499849    
   14.0203142       14.0621033       14.0265036    
   15.0365171       15.0617809       15.0544682    
   16.0566711       16.0688381       16.0595646    
   17.0819149       17.1013966       17.0492134    
   18.0838394       18.0700836       18.0497513    
   19.0499134       19.0307140       19.0941601    
   20.0693932       19.9901962       20.1232853    
   21.0639362       21.0144463       21.1221428    
   22.0785999       22.0077095       22.1640873    
   23.0519180       23.0329342       23.1299534    
   24.0671234       24.0457134       24.1204205    
   25.0502377       25.0249557       25.1426334    
   26.0334034       25.9844856       26.1109390    
   27.0380287       26.9456787       27.0877113    
   28.0550022       27.9588337       28.0810261    
   29.1222000       29.0123997       29.1111031    
   30.1337891       30.0603809       30.1418533    
   31.1336002       31.0741329       31.1315708    
   32.1497612       32.0973740       32.1644287    
   33.1222839       33.0111198       33.1953964    
   34.1484680       34.0337219       34.2086029    
   35.0884781       35.0658951       35.2086525    
   36.1153107       36.0447350       36.2530022    
   37.1334305       37.0457954       37.1707497    
   38.1009026       38.0163841       38.1714478    
   39.0911331       39.0555840       39.1832275    
   40.0738220       39.9910851       40.1785812    
   41.0698242       41.0651550       41.1763535    
   42.0560532       42.1101761       42.1031227    
   43.0508385       43.0879097       43.0915031    
   44.0896645       44.0909462       44.0886269    
   45.0259972       45.1193275       45.0230026    
   46.0705147       46.1299553       46.0080681    
   47.0406227       47.1066704       46.9975777    
   48.0109482       48.1274261       47.9950638    
   49.0768890       49.1558189       48.9253426    
   50.0444298       50.1447334       49.9615860    
   51.0149765       51.1613197       50.9378777    
   51.9748535       52.1755981       51.9031677    
   52.9394798       53.1434250       52.9227829    
   53.9864502       54.1404762       53.9220200    
   54.9363136       55.1078110       54.9337883    
   55.8580322       56.1277275       56.0452156    
   56.8964996       57.1618347       57.0433578    
   57.8527069       58.2079163       58.0892334    
   58.8758430       59.2231522       59.1088676    
   59.7597198       60.2212334       60.1225967    
   60.8505478       61.1802444       61.0593796    
   61.8557320       62.2167015       62.0386314    
   62.8163261       63.2968750       63.0399742    
   63.8126793       64.2946854       64.0043030    
   64.8143692       65.2555084       64.9235229    
   65.8119583       66.1943359       65.8368759    
   66.8032150       67.1731110       66.7899323    
   67.7398911       68.2571716       67.7875214    
   68.6965332       69.2571793       68.7415161    
   69.6461563       70.2549896       69.6972046    
   70.6973724       71.1914291       70.7358093    
   71.7075272       72.1806107       71.8569260    
   72.7033234       73.1889038       72.8946991    
   73.6752472       74.3122482       73.9610901    
   74.6396942       75.2812500       74.9199448    
   75.6076736       76.2579803       75.9874802    
   76.6049118       77.3642502       76.9889526    
   77.5930786       78.3341370       77.9296875    
   78.6623611       79.4033203       78.9157333    
   79.6442032       80.3532333       79.9262009    
   80.6914978       81.3552246       80.8612595    
   81.7193604       82.4561691       81.8149033    
   82.6793060       83.4274063       82.7958527    
   83.6925964       84.4263153       83.8975983    
   84.6949158       85.3794022       85.0046692    
   85.6994858       86.4384308       86.0780334    
   86.8464050       87.4850159       87.0383072    
   87.8277283       88.4029770       88.1057892    
   88.8220139       89.4663620       89.1456070    
   89.8209610       90.4622955       90.2174683    
   90.7774353       91.4953766       91.2139130    
   91.7651672       92.4935989       92.2674713    
   92.7183990       93.5432739       93.3061600    
   93.6870880       94.4824905       94.4659119    
   94.6485977       95.5066910       95.4205627    
   95.6470718       96.5027466       96.3589783    
   96.7555923       97.5555267       97.3887634    
   97.8335114       98.4712982       98.3383331    
   98.6986694       99.4744568       99.4091034    
