              NaN              NaN              NaN              NaN
   2.00001955       2.10429692       2.22227645       2.34932566    
   3.00353479       3.09835029       3.20345140       3.31098890    
   3.33691001       3.43352604       3.53993106       3.64718032    
   3.50298548       3.60621285       3.71490026       3.82101655    
   3.60641885       3.71764708       3.83270502       3.93682361    
   3.67198443       3.78671193       3.90939832       4.01422405    
   3.71335816       3.83388901       3.95759010       4.06547737    
   3.75164485       3.88081622       4.00689173       4.11022234    
   3.78196669       3.91837358       4.04380512       4.14775133    
   3.80851531       3.95048428       4.07584620       4.18059540    
   3.83210969       3.98013973       4.10604334       4.20953226    
   3.85093522       4.00435495       4.13179445       4.23623991    
   3.86419106       4.02338934       4.15442562       4.25932932    
   3.87586474       4.04054213       4.17064142       4.27758646    
   3.88703442       4.05588341       4.18492889       4.29567003    
   3.89736032       4.07235146       4.20158005       4.31413174    
   3.90389657       4.08348083       4.20992565       4.32097530    
   3.90929508       4.09365368       4.21764946       4.32727385    
   3.91246557       4.10227489       4.22291708       4.33378458    
   3.91500092       4.11050987       4.22994804       4.33897209    
   3.91765857       4.11919308       4.23739815       4.34363365    
   3.91927958       4.12506056       4.24397755       4.34943199    
   3.92156100       4.13370705       4.25501347       4.35989952    
   3.92353344       4.14229059       4.26467848       4.36595201    
   3.92519927       4.15049124       4.27357149       4.37100554    
   3.92675686       4.16065979       4.28129292       4.37516975    
   3.92745590       4.17052412       4.29045677       4.37820625    
   3.92715383       4.17843390       4.29940844       4.38269854    
   3.92774749       4.18627262       4.30766869       4.38848257    
   3.92856956       4.19435072       4.31665087       4.39315033    
   3.92948532       4.20128059       4.32652617       4.39930630    
   3.93015003       4.20578241       4.33383083       4.40404510    
   3.93008804       4.21001863       4.34032488       4.40890837    
   3.93116975       4.21489382       4.34547520       4.41254759    
   3.93186593       4.21986198       4.34964561       4.41539240    
   3.93303704       4.22440767       4.35313559       4.41766500    
   3.93455768       4.22877979       4.35420895       4.41945314    
   3.93616414       4.23329973       4.35709858       4.42160034    
   3.93864179       4.23845625       4.35937786       4.42258787    
   3.94165683       4.24375200       4.36270094       4.42029810    
   3.94469738       4.24913597       4.36648893       4.41995716    
   3.94713807       4.25470877       4.37180901       4.42171144    
   3.94911695       4.26045132       4.37715578       4.42447948    
   3.95026278       4.26564026       4.38177252       4.42514610    
   3.95088363       4.27023315       4.38508034       4.42297935    
   3.95151472       4.27449083       4.38872385       4.42161179    
   3.95187068       4.27797794       4.39201975       4.41998386    
   3.95222664       4.28121233       4.39489460       4.42016315    
   3.95310664       4.28404617       4.39743996       4.42027426    
   3.95369458       4.28626394       4.39957190       4.41966677    
   3.95453715       4.28902912       4.40154076       4.41814661    
   3.95513391       4.29190350       4.40484762       4.41732359    
   3.95557094       4.29424715       4.40823078       4.41651201    
   3.95564294       4.29596949       4.41058731       4.41595602    
   3.95609045       4.29801750       4.41298389       4.41547394    
   3.95687056       4.30007410       4.41462135       4.41353559    
   3.95791698       4.30211353       4.41613770       4.41148329    
   3.95902777       4.30440950       4.41559887       4.40915585    
   3.95959306       4.30634451       4.41397429       4.40631294    
   3.96004939       4.30894375       4.41283321       4.40455294    
   3.96055603       4.31084156       4.41232824       4.40196133    
   3.96095538       4.31218672       4.41120815       4.39998817    
   3.96149611       4.31402445       4.40947771       4.39733315    
   3.96210432       4.31589127       4.40726614       4.39487076    
   3.96294594       4.31775808       4.40418482       4.39229584    
   3.96415186       4.31970072       4.40219927       4.38936424    
   3.96527767       4.32218313       4.40107012       4.38774061    
   3.96637511       4.32443237       4.39936209       4.38590002    
   3.96742773       4.32611465       4.39786005       4.38489628    
   3.96874499       4.32755995       4.39642048       4.38327122    
   3.96963382       4.32905626       4.39511919       4.38134766    
   3.97071385       4.33103848       4.39360905       4.38019657    
   3.97145557       4.33219242       4.39208317       4.37813950    
   3.97198486       4.33308983       4.39098597       4.37630367    
   3.97267580       4.33381176       4.39000368       4.37368298    
   3.97313309       4.33398104       4.38918304       4.37180471    
   3.97341490       4.33437777       4.38759613       4.36976528    
   3.97389555       4.33492947       4.38631916       4.36835766    
   3.97414446       4.33496761       4.38508129       4.36702967    
   3.97452474       4.33476210       4.38397312       4.36503220    
   3.97515059       4.33410311       4.38266706       4.36295986    
   3.97572207       4.33375978       4.38127613       4.36004210    
   3.97603822       4.33341646       4.38040590       4.35728073    
   3.97609401       4.33314419       4.37906599       4.35533333    
   3.97595477       4.33287716       4.37776804       4.35374451    
   3.97585630       4.33295965       4.37690258       4.35288239    
   3.97595644       4.33277416       4.37580872       4.35211468    
   3.97594285       4.33284521       4.37519979       4.35214138    
   3.97602177       4.33333302       4.37388420       4.35141134    
   3.97641873       4.33419943       4.37290430       4.35092163    
   3.97704339       4.33519363       4.37172174       4.35048199    
   3.97780061       4.33575153       4.37010527       4.35016298    
   3.97869635       4.33625126       4.36875629       4.34978104    
   3.97961164       4.33717203       4.36745167       4.34892178    
   3.98033738       4.33749533       4.36604261       4.34756851    
   3.98109794       4.33828783       4.36443996       4.34676266    
   3.98183250       4.33893204       4.36292839       4.34561539    
   3.98251033       4.33916378       4.36177158       4.34476137    
   3.98316431       4.33959484       4.36048985       4.34347248    
   3.98367739       4.34013557       4.35913801       4.34219360    
   3.98433399       4.34049702       4.35730314       4.34107971    
   3.98492479       4.34058380       4.35565329       4.34028959    
   3.98561573       4.34023333       4.35422850       4.33934641    
   3.98640013       4.34059334       4.35320759       4.33822012    
   3.98722672       4.34100294       4.35193348       4.33756065    
   3.98797965       4.34156561       4.35068798       4.33678436    
   3.98878884       4.34234381       4.34935999       4.33575201    
   3.98960328       4.34334135       4.34743834       4.33464050    
   3.99027014       4.34420395       4.34583664       4.33347893    
   3.99080086       4.34498644       4.34410334       4.33218527    
   3.99114752       4.34544563       4.34179211       4.33101988    
   3.99155879       4.34597635       4.33960962       4.32950830    
   3.99178338       4.34650183       4.33794689       4.32753611    
   3.99194336       4.34717226       4.33645678       4.32530355    
   3.99202442       4.34761047       4.33542156       4.32320499    
   3.99218035       4.34814310       4.33411980       4.32111120    
   3.99222302       4.34844398       4.33289528       4.31885242    
   3.99222922       4.34864235       4.33127356       4.31717968    
   3.99237609       4.34911060       4.32999754       4.31550598    
   3.99283767       4.34975290       4.32902479       4.31394005    
   3.99327326       4.35033798       4.32827377       4.31264448    
   3.99374294       4.35075045       4.32796383       4.31113100    
   3.99406123       4.35085630       4.32732725       4.30980349    
   3.99447918       4.35092211       4.32682228       4.30842304    
   3.99503183       4.35104895       4.32617760       4.30706024    
   3.99546194       4.35096121       4.32545137       4.30558491    
   3.99588656       4.35085630       4.32474184       4.30446148    
   3.99627185       4.35078239       4.32452774       4.30355453    
   3.99667072       4.35066938       4.32377052       4.30263329    
   3.99700665       4.35070419       4.32286501       4.30209827    
   3.99726009       4.35068893       4.32181931       4.30125952    
   3.99724722       4.35054255       4.32068777       4.30079699    
   3.99715853       4.35024929       4.31987762       4.30082512    
   3.99703121       4.35007238       4.31908226       4.30065680    
   3.99693274       4.34980583       4.31845713       4.30036545    
   3.99674439       4.34962702       4.31814814       4.30011177    
   3.99648356       4.34943390       4.31750917       4.29970360    
   3.99629855       4.34903049       4.31676102       4.29920101    
   3.99612474       4.34894276       4.31608772       4.29848957    
   3.99581099       4.34899330       4.31560135       4.29768705    
   3.99535704       4.34858131       4.31506920       4.29653215    
   3.99483824       4.34816170       4.31439829       4.29543781    
   3.99437237       4.34762096       4.31352186       4.29452610    
   3.99386907       4.34696054       4.31259823       4.29392767    
   3.99332952       4.34632683       4.31163025       4.29301262    
   3.99270749       4.34566736       4.31073904       4.29226923    
   3.99213910       4.34495163       4.30965376       4.29131603    
   3.99153090       4.34411287       4.30839300       4.29021406    
   3.99097919       4.34306622       4.30716133       4.28906059    
   3.99043298       4.34206152       4.30628729       4.28778934    
   3.99009609       4.34104061       4.30544186       4.28660011    
   3.98975801       4.34039593       4.30472803       4.28520346    
   3.98943424       4.34003448       4.30382395       4.28352928    
   3.98917603       4.33980894       4.30299568       4.28213835    
   3.98881793       4.33912420       4.30219460       4.28105116    
   3.98844099       4.33826590       4.30136728       4.27969933    
   3.98806810       4.33741903       4.30035496       4.27885485    
   3.98761368       4.33651638       4.29924202       4.27805424    
   3.98707271       4.33536291       4.29800892       4.27735233    
   3.98648334       4.33419418       4.29718065       4.27661276    
   3.98593402       4.33296394       4.29622650       4.27535772    
   3.98542166       4.33177280       4.29566336       4.27422380    
   3.98496771       4.33071804       4.29498577       4.27321386    
   3.98452640       4.32947540       4.29444027       4.27226830    
   3.98412800       4.32842875       4.29389715       4.27113008    
   3.98368025       4.32765484       4.29328966       4.26994705    
   3.98319459       4.32704306       4.29269505       4.26865387    
   3.98276854       4.32634592       4.29184914       4.26757193    
   3.98231292       4.32545519       4.29078436       4.26656628    
   3.98195148       4.32436895       4.28998899       4.26543760    
   3.98151398       4.32323265       4.28890753       4.26475954    
   3.98104358       4.32204103       4.28768253       4.26383114    
   3.98050356       4.32085228       4.28652525       4.26278019    
   3.97992587       4.31961012       4.28517532       4.26171684    
   3.97928429       4.31854105       4.28378868       4.26059246    
   3.97875786       4.31745052       4.28257608       4.25936270    
   3.97825050       4.31634760       4.28158474       4.25798082    
   3.97778726       4.31532240       4.28067064       4.25650835    
   3.97731161       4.31433392       4.28017473       4.25539207    
   3.97678876       4.31346750       4.27949333       4.25434780    
   3.97626257       4.31253099       4.27897024       4.25337458    
   3.97574949       4.31167841       4.27840090       4.25197840    
   3.97530937       4.31091118       4.27767611       4.25060272    
   3.97497439       4.31034994       4.27728033       4.24941206    
   3.97461867       4.30986452       4.27689552       4.24803305    
   3.97419190       4.30950022       4.27680588       4.24693108    
   3.97378945       4.30905771       4.27657890       4.24602175    
   3.97342420       4.30854988       4.27617264       4.24518633    
   3.97314239       4.30794334       4.27577400       4.24434614    
   3.97288108       4.30743885       4.27544975       4.24365282    
   3.97257304       4.30701923       4.27488804       4.24286985    
   3.97223306       4.30651093       4.27442646       4.24224520    
   3.97194624       4.30596638       4.27382278       4.24119139    
   3.97170162       4.30545712       4.27337360       4.24019909    
   3.97146583       4.30478764       4.27316332       4.23922920    
   3.97128367       4.30413675       4.27278900       4.23824358    
   3.97111201       4.30339718       4.27231693       4.23733377    
   3.97092605       4.30279446       4.27163076       4.23643780    
   3.97068572       4.30217075       4.27095222       4.23575878    
   3.97042203       4.30145359       4.27028608       4.23525047    
   3.97013807       4.30071878       4.26946735       4.23439932    
   3.96985102       4.29998636       4.26887846       4.23367119    
   3.96964169       4.29934454       4.26813936       4.23284674    
   3.96948934       4.29871893       4.26758623       4.23205423    
   3.96938229       4.29808331       4.26709747       4.23126793    
   3.96942163       4.29741049       4.26667500       4.23057842    
   3.96935773       4.29665661       4.26624155       4.22980928    
   3.96923327       4.29592896       4.26563787       4.22901869    
   3.96911669       4.29537439       4.26512623       4.22849894    
   3.96899176       4.29498339       4.26452208       4.22761202    
   3.96888542       4.29455328       4.26388073       4.22654629    
   3.96881127       4.29420090       4.26313782       4.22543716    
   3.96874261       4.29389238       4.26241398       4.22439575    
   3.96871114       4.29337215       4.26167965       4.22328377    
   3.96869278       4.29298735       4.26119947       4.22231960    
   3.96868110       4.29266691       4.26073980       4.22119141    
   3.96875572       4.29240036       4.26037693       4.22034073    
   3.96885395       4.29217291       4.25995111       4.21927071    
   3.96899629       4.29176950       4.25961161       4.21801281    
   3.96913052       4.29144669       4.25921679       4.21681976    
   3.96929693       4.29117537       4.25870657       4.21560764    
   3.96943188       4.29094696       4.25819874       4.21452284    
   3.96957660       4.29066324       4.25752401       4.21348858    
   3.96960449       4.29029512       4.25688171       4.21243763    
   3.96962786       4.28992605       4.25606918       4.21120262    
   3.96962285       4.28965235       4.25513220       4.21018457    
   3.96966553       4.28934097       4.25430632       4.20942354    
   3.96967936       4.28891277       4.25345182       4.20847654    
   3.96966434       4.28852415       4.25276756       4.20758915    
   3.96970201       4.28800631       4.25172615       4.20675659    
   3.96972942       4.28741312       4.25071621       4.20591450    
   3.96971726       4.28681374       4.24992514       4.20522547    
   3.96974325       4.28621864       4.24925756       4.20460081    
   3.96978641       4.28560925       4.24855232       4.20400286    
   3.96986294       4.28500175       4.24782228       4.20353651    
   3.96997833       4.28444433       4.24728155       4.20329666    
   3.97008395       4.28394747       4.24671888       4.20301723    
   3.97019410       4.28345776       4.24606085       4.20279121    
   3.97028899       4.28283596       4.24546766       4.20252800    
   3.97037506       4.28221083       4.24478245       4.20221663    
   3.97041845       4.28178406       4.24409103       4.20162868    
   3.97047305       4.28141165       4.24340963       4.20113850    
   3.97051311       4.28112078       4.24267530       4.20061541    
   3.97054911       4.28089476       4.24202681       4.20014381    
   3.97057843       4.28056955       4.24190617       4.19952393    
   3.97061396       4.28033018       4.24161482       4.19904327    
   3.97066355       4.28025198       4.24128246       4.19879436    
   3.97073150       4.28021812       4.24082851       4.19840431    
   3.97076488       4.28020716       4.24034929       4.19796658    
   3.97079325       4.28034067       4.23993397       4.19737244    
   3.97081876       4.28037596       4.23951674       4.19677067    
   3.97082067       4.28028250       4.23909855       4.19632864    
   3.97086430       4.28028107       4.23850822       4.19566298    
   3.97090769       4.28034067       4.23785543       4.19500446    
   3.97095990       4.28031874       4.23725748       4.19435787    
   3.97105241       4.28029633       4.23659897       4.19357395    
   3.97119761       4.28039455       4.23613977       4.19287014    
   3.97136426       4.28051281       4.23567867       4.19205570    
   3.97151923       4.28056955       4.23521709       4.19135904    
   3.97167349       4.28065062       4.23446846       4.19052362    
   3.97186685       4.28065491       4.23388529       4.18977642    
   3.97201610       4.28064346       4.23327303       4.18910837    
   3.97221017       4.28062630       4.23262835       4.18847990    
   3.97241163       4.28066730       4.23200321       4.18797159    
   3.97260356       4.28065968       4.23124695       4.18744850    
   3.97283769       4.28071594       4.23067999       4.18688536    
   3.97304273       4.28055811       4.22994375       4.18641424    
   3.97324800       4.28029013       4.22927523       4.18584967    
   3.97344136       4.28004026       4.22865915       4.18517685    
   3.97359633       4.27969837       4.22801495       4.18452358    
   3.97375894       4.27937126       4.22743130       4.18382311    
   3.97388220       4.27908421       4.22696400       4.18311739    
   3.97401166       4.27887154       4.22641230       4.18263292    
   3.97417521       4.27872515       4.22578096       4.18207741    
   3.97435737       4.27845478       4.22510099       4.18172884    
   3.97457433       4.27806330       4.22444820       4.18145084    
   3.97480559       4.27767086       4.22404146       4.18121004    
   3.97507024       4.27735806       4.22383547       4.18095732    
   3.97534037       4.27704000       4.22343159       4.18081951    
   3.97562599       4.27661180       4.22308731       4.18060446    
   3.97588825       4.27616930       4.22265577       4.18031836    
   3.97615266       4.27580833       4.22211933       4.18012333    
   3.97641706       4.27529192       4.22166681       4.17991447    
   3.97669697       4.27471352       4.22130585       4.17946815    
   3.97696304       4.27416039       4.22095490       4.17902184    
   3.97721457       4.27363205       4.22064352       4.17847538    
   3.97748947       4.27316713       4.22034359       4.17795467    
   3.97769260       4.27270842       4.21999168       4.17732906    
   3.97785211       4.27226639       4.21975708       4.17680979    
   3.97798967       4.27173233       4.21947861       4.17633009    
   3.97816849       4.27119732       4.21907902       4.17556143    
   3.97834158       4.27061129       4.21857548       4.17493677    
   3.97851086       4.26999760       4.21804237       4.17429590    
   3.97868371       4.26936674       4.21734142       4.17366171    
   3.97889304       4.26872063       4.21664619       4.17307663    
   3.97907090       4.26814175       4.21600914       4.17232752    
   3.97923875       4.26766586       4.21538401       4.17169333    
   3.97939897       4.26713705       4.21482420       4.17088032    
   3.97955894       4.26656055       4.21429491       4.17019892    
   3.97971177       4.26612377       4.21374512       4.16948795    
   3.97981763       4.26567221       4.21322393       4.16887093    
   3.97996664       4.26522636       4.21268129       4.16810703    
   3.98010182       4.26476526       4.21219492       4.16744089    
   3.98025370       4.26432657       4.21166134       4.16678190    
   3.98041296       4.26394558       4.21115780       4.16615343    
   3.98056722       4.26369190       4.21073198       4.16564035    
   3.98074317       4.26354361       4.21021843       4.16525078    
   3.98092413       4.26328564       4.20968819       4.16492319    
   3.98109174       4.26293993       4.20904303       4.16453600    
   3.98125243       4.26262188       4.20839357       4.16424417    
   3.98139858       4.26235342       4.20781517       4.16391087    
   3.98157573       4.26206160       4.20723295       4.16358900    
   3.98174262       4.26178026       4.20685434       4.16344261    
   3.98191762       4.26163340       4.20646095       4.16303635    
   3.98212314       4.26149845       4.20607328       4.16258144    
   3.98228478       4.26134491       4.20559883       4.16215658    
   3.98240685       4.26109838       4.20519495       4.16192150    
   3.98252559       4.26089859       4.20469618       4.16165447    
   3.98265982       4.26078749       4.20421839       4.16142225    
   3.98278928       4.26075983       4.20377016       4.16135406    
   3.98291111       4.26068306       4.20325279       4.16123295    
   3.98301721       4.26056528       4.20269871       4.16098928    
   3.98309946       4.26050043       4.20220566       4.16086531    
   3.98319626       4.26035452       4.20164251       4.16063547    
   3.98332667       4.26020813       4.20098495       4.16029358    
   3.98344231       4.26003838       4.20021296       4.15998077    
   3.98359156       4.25984955       4.19945669       4.15963173    
   3.98374867       4.25960159       4.19881535       4.15917444    
   3.98390770       4.25938797       4.19824696       4.15893316    
   3.98410535       4.25922251       4.19781446       4.15871668    
   3.98430490       4.25896120       4.19739246       4.15848494    
   3.98451710       4.25877094       4.19705820       4.15820074    
   3.98472309       4.25856543       4.19676542       4.15782976    
   3.98491216       4.25833654       4.19640255       4.15730190    
   3.98504519       4.25817060       4.19609165       4.15681458    
   3.98517752       4.25801992       4.19569683       4.15640163    
   3.98529506       4.25781536       4.19531298       4.15600729    
   3.98543549       4.25759792       4.19487953       4.15560961    
   3.98559356       4.25736475       4.19451809       4.15533113    
   3.98574710       4.25716972       4.19419289       4.15500641    
   3.98592591       4.25696611       4.19381428       4.15470695    
   3.98609257       4.25678015       4.19342661       4.15433884    
   3.98628330       4.25657082       4.19307137       4.15379763    
   3.98647738       4.25630093       4.19252920       4.15324211    
   3.98663783       4.25599575       4.19187593       4.15267801    
   3.98678565       4.25572872       4.19121075       4.15202093    
   3.98691368       4.25559330       4.19046688       4.15137482    
   3.98705101       4.25542259       4.18981504       4.15078831    
   3.98718262       4.25530243       4.18917418       4.15015507    
   3.98735261       4.25528002       4.18847370       4.14948940    
   3.98753238       4.25538397       4.18789673       4.14902210    
   3.98772359       4.25542593       4.18724680       4.14851665    
   3.98787069       4.25550747       4.18662071       4.14799595    
   3.98801208       4.25553703       4.18604088       4.14750338    
   3.98816609       4.25557041       4.18556452       4.14705324    
   3.98835588       4.25562429       4.18507957       4.14657068    
   3.98849988       4.25564909       4.18456364       4.14598751    
   3.98860264       4.25564146       4.18409824       4.14541674    
   3.98868275       4.25556850       4.18365335       4.14478350    
   3.98875046       4.25536442       4.18325758       4.14422083    
   3.98880506       4.25506687       4.18284988       4.14372158    
   3.98884654       4.25476313       4.18244553       4.14317274    
   3.98890066       4.25441980       4.18199158       4.14274549    
   3.98895478       4.25408792       4.18163443       4.14251184    
   3.98900175       4.25372124       4.18109703       4.14218569    
   3.98904610       4.25327492       4.18047428       4.14185143    
   3.98908687       4.25284624       4.17985439       4.14162588    
   3.98914647       4.25235605       4.17924404       4.14141321    
   3.98923135       4.25188446       4.17859459       4.14112759    
   3.98930287       4.25138617       4.17795610       4.14085293    
   3.98937178       4.25090837       4.17725563       4.14050341    
   3.98941731       4.25043726       4.17659044       4.14021969    
   3.98946619       4.24979687       4.17581558       4.13976574    
   3.98952413       4.24915266       4.17497540       4.13916159    
   3.98957229       4.24845314       4.17423725       4.13861465    
   3.98961258       4.24775743       4.17363024       4.13816595    
   3.98967457       4.24719763       4.17314053       4.13791752    
   3.98977590       4.24669027       4.17261791       4.13749266    
   3.98987484       4.24620247       4.17215061       4.13704777    
   3.98996663       4.24554348       4.17153263       4.13650417    
   3.99003863       4.24490738       4.17112112       4.13587427    
   3.99015617       4.24434566       4.17063951       4.13529015    
   3.99028397       4.24387121       4.17027378       4.13468170    
   3.99041152       4.24340010       4.16984510       4.13405561    
   3.99056053       4.24295092       4.16950607       4.13355780    
   3.99069309       4.24250174       4.16913223       4.13308811    
   3.99083495       4.24201584       4.16868973       4.13253832    
   3.99096417       4.24150324       4.16833591       4.13194656    
   3.99108243       4.24086905       4.16795540       4.13139439    
   3.99119782       4.24031162       4.16751957       4.13071680    
   3.99134040       4.23973179       4.16717052       4.13001490    
   3.99150515       4.23908854       4.16678238       4.12934589    
   3.99165273       4.23841381       4.16648722       4.12868834    
   3.99177623       4.23769951       4.16623735       4.12806654    
   3.99189925       4.23702288       4.16585207       4.12753248    
   3.99204588       4.23637295       4.16548824       4.12689638    
   3.99220800       4.23571157       4.16510582       4.12625122    
   3.99237919       4.23510885       4.16474342       4.12581158    
   3.99253750       4.23465538       4.16432238       4.12526989    
   3.99270105       4.23418331       4.16386223       4.12470245    
   3.99288321       4.23374557       4.16333580       4.12416935    
   3.99306631       4.23335361       4.16281414       4.12371635    
   3.99323583       4.23299217       4.16240692       4.12330151    
   3.99340534       4.23262739       4.16204548       4.12286806    
   3.99356365       4.23234081       4.16156101       4.12238503    
   3.99370360       4.23199272       4.16094589       4.12179661    
   3.99385071       4.23163748       4.16044188       4.12128639    
   3.99400926       4.23135805       4.16003609       4.12074232    
   3.99416447       4.23111200       4.15954733       4.12014246    
   3.99431300       4.23086977       4.15906000       4.11949921    
   3.99447799       4.23063660       4.15862703       4.11907625    
   3.99462628       4.23037386       4.15822077       4.11856413    
   3.99476790       4.23008490       4.15777349       4.11797953    
   3.99487591       4.22976685       4.15734959       4.11735725    
   3.99499679       4.22942209       4.15693951       4.11679077    
   3.99510336       4.22905827       4.15653801       4.11624098    
   3.99521446       4.22866583       4.15611935       4.11557293    
   3.99532890       4.22826433       4.15578175       4.11491585    
   3.99544811       4.22781134       4.15535927       4.11421204    
   3.99558640       4.22742510       4.15492249       4.11356068    
   3.99572754       4.22698736       4.15452862       4.11284590    
   3.99583697       4.22656393       4.15425014       4.11223173    
   3.99595857       4.22617292       4.15400982       4.11162472    
   3.99608135       4.22573948       4.15373278       4.11115265    
   3.99622083       4.22524786       4.15346479       4.11062622    
   3.99635863       4.22476530       4.15329742       4.11011362    
   3.99646330       4.22431850       4.15310955       4.10964584    
   3.99658346       4.22379398       4.15288353       4.10906124    
   3.99667954       4.22314167       4.15266323       4.10863590    
   3.99677467       4.22253084       4.15239811       4.10816097    
   3.99685168       4.22198582       4.15213251       4.10772610    
   3.99692893       4.22142076       4.15199041       4.10727835    
   3.99698019       4.22086477       4.15188646       4.10683155    
   3.99701762       4.22030401       4.15169907       4.10640526    
   3.99705982       4.21975279       4.15138197       4.10596323    
   3.99710655       4.21917629       4.15108871       4.10547733    
   3.99714923       4.21854877       4.15081310       4.10493946    
   3.99718618       4.21798849       4.15066385       4.10450506    
   3.99723864       4.21748734       4.15052271       4.10411167    
   3.99731803       4.21697426       4.15048790       4.10375690    
   3.99740720       4.21649742       4.15048790       4.10334063    
   3.99749279       4.21596289       4.15043259       4.10292339    
   3.99754024       4.21537304       4.15035152       4.10257673    
   3.99761367       4.21478605       4.15018559       4.10216093    
   3.99766111       4.21424484       4.15006447       4.10172749    
   3.99770594       4.21373940       4.14985037       4.10120487    
   3.99775028       4.21326590       4.14971685       4.10083675    
   3.99780345       4.21284151       4.14957666       4.10058498    
   3.99785876       4.21245146       4.14940166       4.10025978    
   3.99790382       4.21205759       4.14927483       4.09991693    
   3.99794126       4.21163130       4.14918327       4.09947729    
   3.99799728       4.21120119       4.14910889       4.09906387    
   3.99805474       4.21079540       4.14904213       4.09865570    
   3.99812555       4.21034479       4.14884472       4.09826183    
   3.99820852       4.20988464       4.14858294       4.09782696    
   3.99831271       4.20944071       4.14812279       4.09739828    
   3.99842668       4.20900488       4.14769983       4.09697104    
   3.99851942       4.20857525       4.14726925       4.09651136    
   3.99860692       4.20808363       4.14679241       4.09599590    
   3.99870563       4.20767021       4.14631128       4.09546185    
   3.99879885       4.20735884       4.14587069       4.09497070    
   3.99891043       4.20703888       4.14545488       4.09454966    
   3.99902439       4.20678473       4.14507198       4.09416342    
   3.99912286       4.20658112       4.14471579       4.09374714    
   3.99921894       4.20632982       4.14431477       4.09334135    
   3.99928689       4.20604277       4.14388418       4.09292030    
   3.99935436       4.20580292       4.14334583       4.09252357    
   3.99942589       4.20557880       4.14282274       4.09204340    
   3.99948883       4.20540333       4.14225817       4.09154177    
   3.99954748       4.20525360       4.14171982       4.09102821    
   3.99960113       4.20504236       4.14115334       4.09060240    
   3.99967337       4.20477104       4.14055967       4.09019279    
   3.99972630       4.20447731       4.14001751       4.08980036    
   3.99975777       4.20423079       4.13952017       4.08940744    
   3.99978447       4.20395374       4.13912153       4.08905029    
   3.99980974       4.20363474       4.13877678       4.08867455    
   3.99983954       4.20335674       4.13835764       4.08824492    
   3.99986291       4.20310068       4.13799620       4.08773804    
   3.99989724       4.20278978       4.13751936       4.08713531    
   3.99993038       4.20252895       4.13703585       4.08661079    
   3.99997687       4.20222044       4.13660192       4.08601999    
   4.00003099       4.20196438       4.13619184       4.08552170    
   4.00006342       4.20170641       4.13577652       4.08513594    
   4.00011015       4.20149040       4.13535357       4.08475065    
   4.00017309       4.20129728       4.13488960       4.08433437    
   4.00024557       4.20109558       4.13445091       4.08385658    
   4.00029898       4.20085335       4.13399601       4.08343172    
   4.00036001       4.20063400       4.13359070       4.08298016    
   4.00042582       4.20040369       4.13313913       4.08252430    
   4.00046968       4.20015192       4.13276482       4.08214140    
   4.00051737       4.19994259       4.13232756       4.08182621    
   4.00056076       4.19973373       4.13188791       4.08151293    
   4.00061274       4.19950771       4.13148212       4.08111191    
   4.00064993       4.19924068       4.13107681       4.08076334    
   4.00068045       4.19896603       4.13058376       4.08033085    
   4.00071287       4.19868994       4.13009357       4.07995272    
   4.00076437       4.19845772       4.12962675       4.07962465    
   4.00081110       4.19817686       4.12921953       4.07930946    
   4.00086880       4.19788361       4.12879038       4.07900333    
   4.00090933       4.19761801       4.12842274       4.07882071    
   4.00094128       4.19740105       4.12812138       4.07872295    
   4.00096178       4.19717646       4.12790585       4.07865667    
   4.00099134       4.19694901       4.12766981       4.07855892    
   4.00103092       4.19674110       4.12750244       4.07842016    
   4.00107861       4.19654036       4.12736797       4.07818127    
   4.00112915       4.19639349       4.12720490       4.07790470    
   4.00117779       4.19618225       4.12706709       4.07760000    
   4.00124073       4.19605446       4.12694168       4.07726336    
   4.00131083       4.19587183       4.12680101       4.07684278    
   4.00139856       4.19570494       4.12672758       4.07647181    
   4.00149298       4.19549990       4.12663317       4.07611561    
   4.00158453       4.19530678       4.12647295       4.07584667    
   4.00169230       4.19515991       4.12626266       4.07553196    
   4.00178814       4.19501400       4.12605619       4.07523108    
   4.00187969       4.19486332       4.12584734       4.07483006    
   4.00196600       4.19465017       4.12565088       4.07446575    
   4.00207233       4.19446659       4.12549019       4.07407331    
   4.00215244       4.19425011       4.12529039       4.07357311    
   4.00223541       4.19408035       4.12512970       4.07307625    
   4.00233126       4.19387388       4.12501144       4.07254696    
   4.00242043       4.19358444       4.12486696       4.07204819    
   4.00250149       4.19328451       4.12469673       4.07160521    
   4.00258446       4.19302893       4.12449503       4.07125425    
   4.00267506       4.19277382       4.12421036       4.07090378    
   4.00277948       4.19248867       4.12394381       4.07053375    
   4.00289154       4.19218826       4.12362289       4.07022429    
   4.00298786       4.19190359       4.12329960       4.07000017    
   4.00306320       4.19162560       4.12300348       4.06985331    
   4.00315857       4.19135046       4.12269878       4.06967163    
   4.00324488       4.19097137       4.12240553       4.06948090    
   4.00332546       4.19059181       4.12208080       4.06928968    
   4.00341272       4.19025517       4.12178469       4.06913567    
   4.00348616       4.18992805       4.12151003       4.06887388    
   4.00356340       4.18964815       4.12121248       4.06853104    
   4.00363398       4.18936300       4.12093496       4.06814623    
   4.00369692       4.18909216       4.12065506       4.06788540    
   4.00375462       4.18884897       4.12039471       4.06765890    
   4.00381851       4.18863916       4.12015533       4.06741142    
   4.00388002       4.18846273       4.11995029       4.06717587    
   4.00393343       4.18844414       4.11969852       4.06696224    
   4.00399971       4.18836546       4.11946726       4.06678104    
   4.00405836       4.18828964       4.11932802       4.06663609    
   4.00411749       4.18818474       4.11912727       4.06642056    
   4.00416136       4.18806648       4.11897278       4.06613111    
   4.00421858       4.18800163       4.11879396       4.06585407    
   4.00427341       4.18798161       4.11856890       4.06564617    
   4.00433397       4.18797064       4.11830139       4.06541252    
   4.00440788       4.18799829       4.11798954       4.06525850    
   4.00449324       4.18802071       4.11762857       4.06503582    
   4.00455141       4.18804741       4.11729145       4.06476164    
   4.00459957       4.18810844       4.11697960       4.06447744    
   4.00465250       4.18814373       4.11667967       4.06420422    
   4.00470352       4.18818903       4.11634016       4.06391191    
   4.00476408       4.18825722       4.11606121       4.06355858    
   4.00481415       4.18824577       4.11580229       4.06327772    
   4.00487423       4.18829155       4.11555719       4.06297636    
   4.00492859       4.18828869       4.11525059       4.06260157    
   4.00500011       4.18823624       4.11497879       4.06230640    
   4.00507498       4.18819141       4.11477470       4.06199217    
   4.00518560       4.18807554       4.11460400       4.06168365    
   4.00526190       4.18797874       4.11443615       4.06124067    
   4.00533772       4.18780613       4.11425257       4.06086206    
   4.00541019       4.18761730       4.11410236       4.06051970    
   4.00549746       4.18741798       4.11395407       4.06018448    
   4.00557327       4.18718767       4.11381197       4.05989933    
   4.00564814       4.18699551       4.11364603       4.05952978    
   4.00572300       4.18678331       4.11340141       4.05919266    
   4.00580788       4.18658733       4.11321783       4.05882406    
   4.00589752       4.18640041       4.11306381       4.05850697    
   4.00598717       4.18622589       4.11284208       4.05818605    
   4.00606489       4.18608570       4.11258364       4.05785275    
   4.00615311       4.18596697       4.11237955       4.05746031    
   4.00624371       4.18587208       4.11213064       4.05707359    
   4.00633097       4.18578196       4.11193275       4.05671453    
   4.00639725       4.18567133       4.11175108       4.05643559    
   4.00647640       4.18551922       4.11161613       4.05617666    
   4.00657511       4.18536043       4.11148548       4.05606604    
   4.00666046       4.18524313       4.11136198       4.05582619    
   4.00675058       4.18502903       4.11119318       4.05555916    
   4.00683308       4.18484926       4.11092377       4.05523777    
   4.00691891       4.18466759       4.11058903       4.05494499    
   4.00700617       4.18445969       4.11026955       4.05460835    
   4.00708199       4.18426180       4.10997820       4.05428839    
   4.00714111       4.18407249       4.10967064       4.05397940    
   4.00721598       4.18386793       4.10936022       4.05360556    
   4.00727844       4.18367100       4.10903215       4.05327368    
   4.00733519       4.18347931       4.10878420       4.05300331    
   4.00739098       4.18329811       4.10846329       4.05272675    
   4.00745916       4.18312359       4.10812140       4.05241680    
   4.00752687       4.18296385       4.10775757       4.05214834    
   4.00758743       4.18278217       4.10739326       4.05191040    
   4.00763988       4.18261147       4.10697412       4.05163288    
   4.00771332       4.18241024       4.10650492       4.05133295    
   4.00778294       4.18220043       4.10613728       4.05103827    
   4.00786161       4.18201637       4.10576582       4.05073357    
   4.00793123       4.18174219       4.10536909       4.05042982    
   4.00799322       4.18145990       4.10502386       4.05009508    
   4.00804090       4.18118095       4.10460091       4.04964066    
   4.00809765       4.18090582       4.10424662       4.04921818    
   4.00814152       4.18058681       4.10389185       4.04883432    
   4.00817966       4.18027258       4.10362911       4.04853201    
   4.00823021       4.17994928       4.10335064       4.04827261    
   4.00828075       4.17969179       4.10317993       4.04790020    
   4.00834179       4.17940474       4.10299969       4.04758596    
   4.00839901       4.17913532       4.10281324       4.04724216    
   4.00845051       4.17885017       4.10267162       4.04690266    
   4.00849533       4.17852974       4.10254383       4.04656458    
   4.00854254       4.17821693       4.10239363       4.04623604    
   4.00858212       4.17797375       4.10228539       4.04598904    
   4.00862741       4.17770529       4.10219765       4.04566383    
   4.00870085       4.17743921       4.10211658       4.04541302    
   4.00875902       4.17716694       4.10205364       4.04513836    
   4.00879478       4.17690611       4.10189390       4.04486370    
   4.00883341       4.17665625       4.10168505       4.04455853    
   4.00887251       4.17645884       4.10139894       4.04420757    
   4.00891447       4.17628336       4.10104990       4.04383564    
   4.00895977       4.17611694       4.10071802       4.04347467    
   4.00900698       4.17591810       4.10040951       4.04314470    
   4.00907040       4.17568207       4.10009336       4.04277229    
   4.00912905       4.17544699       4.09986305       4.04243231    
   4.00918818       4.17527771       4.09963179       4.04211569    
   4.00925779       4.17506504       4.09947824       4.04178762    
   4.00933647       4.17487431       4.09935236       4.04146910    
   4.00939608       4.17468882       4.09922504       4.04115343    
   4.00945568       4.17448330       4.09908104       4.04089642    
   4.00951385       4.17426109       4.09898281       4.04065371    
   4.00955868       4.17402315       4.09890842       4.04039955    
   4.00961590       4.17380190       4.09878445       4.04014444    
   4.00967312       4.17358637       4.09860325       4.03994894    
   4.00971985       4.17338896       4.09835720       4.03966522    
   4.00976944       4.17320967       4.09811926       4.03941393    
   4.00982141       4.17300081       4.09791660       4.03917980    
   4.00987530       4.17274809       4.09767437       4.03891468    
   4.00994396       4.17247295       4.09731436       4.03859711    
   4.01001120       4.17221594       4.09696007       4.03831339    
   4.01008272       4.17199278       4.09656477       4.03805256    
   4.01016378       4.17178202       4.09612942       4.03772116    
   4.01023960       4.17158699       4.09579611       4.03744173    
   4.01030588       4.17139006       4.09544516       4.03715754    
   4.01039076       4.17123270       4.09512949       4.03684759    
   4.01046038       4.17096376       4.09480810       4.03655720    
   4.01052618       4.17067003       4.09451723       4.03624630    
   4.01059389       4.17037535       4.09424734       4.03594542    
   4.01064825       4.17008257       4.09390211       4.03569698    
   4.01070309       4.16982651       4.09356737       4.03543043    
   4.01075315       4.16957664       4.09325647       4.03520727    
   4.01079273       4.16928720       4.09290886       4.03492546    
   4.01085186       4.16901398       4.09256363       4.03461456    
   4.01089954       4.16877031       4.09222078       4.03429699    
   4.01095009       4.16848803       4.09184170       4.03396225    
   4.01101017       4.16821194       4.09143925       4.03360891    
   4.01107311       4.16793299       4.09098482       4.03325748    
   4.01113462       4.16761255       4.09056568       4.03296185    
   4.01119900       4.16731453       4.09018707       4.03265381    
   4.01126289       4.16702843       4.08975887       4.03232241    
   4.01132250       4.16673994       4.08935928       4.03199768    
   4.01137018       4.16646719       4.08893824       4.03171301    
   4.01142788       4.16617203       4.08855724       4.03143787    
   4.01147556       4.16585350       4.08816624       4.03118229    
   4.01151705       4.16546392       4.08770561       4.03083992    
   4.01156139       4.16509342       4.08728552       4.03056431    
   4.01159954       4.16474819       4.08684587       4.03034067    
   4.01164913       4.16444921       4.08642960       4.03018427    
   4.01168680       4.16414118       4.08604479       4.03002977    
   4.01172161       4.16382074       4.08567619       4.02989960    
   4.01176643       4.16344118       4.08536243       4.02981663    
   4.01181078       4.16305637       4.08498669       4.02979279    
   4.01185513       4.16264009       4.08456278       4.02971411    
   4.01189232       4.16224480       4.08416939       4.02959633    
   4.01191139       4.16187859       4.08375978       4.02946472    
   4.01193619       4.16153049       4.08339453       4.02932549    
   4.01197243       4.16117430       4.08308268       4.02918577    
   4.01201248       4.16083050       4.08277941       4.02910376    
   4.01205683       4.16052580       4.08247280       4.02897310    
   4.01210403       4.16024494       4.08219290       4.02879953    
   4.01214361       4.16000843       4.08184147       4.02854633    
   4.01219368       4.15975332       4.08144522       4.02831268    
   4.01221466       4.15954638       4.08101463       4.02805233    
   4.01224041       4.15933847       4.08061886       4.02787971    
   4.01226711       4.15911913       4.08027124       4.02771044    
   4.01229954       4.15891504       4.07997322       4.02754879    
   4.01231289       4.15872717       4.07973766       4.02737808    
   4.01233053       4.15854836       4.07948017       4.02715588    
   4.01235199       4.15832138       4.07924557       4.02703476    
   4.01237679       4.15808058       4.07902241       4.02680302    
   4.01238537       4.15784025       4.07878494       4.02652788    
   4.01237535       4.15760517       4.07856321       4.02624321    
   4.01238489       4.15736580       4.07823277       4.02593803    
   4.01239777       4.15708303       4.07789183       4.02564049    
   4.01240492       4.15676975       4.07757044       4.02531528    
   4.01239491       4.15650225       4.07721901       4.02500534    
   4.01237869       4.15618086       4.07681322       4.02464485    
   4.01236773       4.15583611       4.07640982       4.02433205    
   4.01236534       4.15554333       4.07600546       4.02400446    
   4.01234198       4.15523958       4.07562304       4.02369022    
   4.01232862       4.15494967       4.07523632       4.02337646    
   4.01231098       4.15464211       4.07486725       4.02304888    
   4.01227474       4.15434170       4.07445431       4.02275848    
   4.01224422       4.15407085       4.07405710       4.02246475    
   4.01221275       4.15380049       4.07364225       4.02215528    
   4.01218224       4.15351725       4.07329845       4.02185392    
   4.01214170       4.15322733       4.07294846       4.02157497    
   4.01208067       4.15295744       4.07260323       4.02127695    
   4.01201534       4.15267229       4.07223606       4.02102804    
   4.01194620       4.15237999       4.07186270       4.02078295    
   4.01186991       4.15208149       4.07147884       4.02051497    
   4.01180315       4.15179586       4.07113552       4.02026463    
   4.01174164       4.15152645       4.07079935       4.02004862    
   4.01169252       4.15128708       4.07055235       4.01983786    
   4.01165199       4.15109730       4.07026768       4.01959133    
   4.01162767       4.15088367       4.06998825       4.01929426    
   4.01160002       4.15064907       4.06971216       4.01898813    
   4.01158714       4.15040922       4.06943703       4.01872110    
   4.01157951       4.15015984       4.06926584       4.01854372    
   4.01155138       4.14993477       4.06912565       4.01835060    
   4.01153040       4.14974117       4.06901550       4.01814747    
   4.01150560       4.14956999       4.06890678       4.01794243    
   4.01149702       4.14939165       4.06885052       4.01776171    
   4.01148653       4.14926291       4.06877756       4.01750708    
   4.01146698       4.14916992       4.06872749       4.01734304    
   4.01145601       4.14906454       4.06869173       4.01712465    
   4.01144552       4.14900589       4.06867743       4.01689291    
   4.01141453       4.14885998       4.06861687       4.01657915    
   4.01138735       4.14871979       4.06858969       4.01632643    
   4.01135159       4.14860153       4.06852388       4.01604271    
   4.01132298       4.14850044       4.06841040       4.01575327    
   4.01129389       4.14839411       4.06833076       4.01550865    
   4.01126623       4.14832735       4.06828070       4.01525307    
   4.01124048       4.14828825       4.06820631       4.01490498    
   4.01122522       4.14829016       4.06813574       4.01457548    
   4.01120663       4.14828157       4.06800461       4.01423931    
   4.01119661       4.14829063       4.06793547       4.01391411    
   4.01118708       4.14829111       4.06778717       4.01353216    
   4.01117229       4.14824581       4.06764174       4.01317692    
   4.01114798       4.14817238       4.06741667       4.01282358    
   4.01112032       4.14814281       4.06723738       4.01263857    
   4.01110125       4.14812469       4.06704140       4.01247120    
   4.01108265       4.14813375       4.06683731       4.01228666    
   4.01106691       4.14811087       4.06660557       4.01213646    
   4.01104879       4.14798832       4.06632423       4.01204681    
   4.01103258       4.14781141       4.06600189       4.01196527    
   4.01102352       4.14758825       4.06568003       4.01191616    
   4.01100922       4.14738560       4.06532621       4.01185846    
   4.01099920       4.14719534       4.06502628       4.01178551    
   4.01098347       4.14703798       4.06476593       4.01166010    
   4.01095963       4.14688158       4.06452608       4.01149940    
   4.01094627       4.14668369       4.06433773       4.01134825    
   4.01093864       4.14646339       4.06410599       4.01112413    
   4.01092911       4.14623737       4.06390429       4.01093197    
   4.01092529       4.14603376       4.06372166       4.01073027    
   4.01092911       4.14584351       4.06359529       4.01046610    
   4.01091337       4.14565420       4.06351852       4.01023674    
   4.01090956       4.14546919       4.06337690       4.01003075    
   4.01089907       4.14529371       4.06323099       4.00985622    
   4.01088905       4.14511967       4.06303883       4.00964880    
   4.01087999       4.14492321       4.06287098       4.00943375    
   4.01086569       4.14468956       4.06269741       4.00933313    
   4.01084423       4.14448309       4.06255150       4.00919771    
   4.01082468       4.14427614       4.06244707       4.00915194    
   4.01081085       4.14408207       4.06228352       4.00906706    
   4.01079464       4.14391184       4.06212378       4.00894403    
   4.01078224       4.14372826       4.06196070       4.00875854    
   4.01076794       4.14354992       4.06178617       4.00862026    
   4.01076698       4.14340591       4.06162643       4.00848436    
   4.01075649       4.14327335       4.06148434       4.00829363    
   4.01074839       4.14314938       4.06131744       4.00808191    
   4.01073122       4.14301395       4.06109333       4.00787640    
   4.01071596       4.14289808       4.06085682       4.00763369    
   4.01070356       4.14276028       4.06058407       4.00738096    
   4.01069832       4.14262629       4.06030607       4.00711775    
   4.01069593       4.14251614       4.06003189       4.00682354    
   4.01069355       4.14240646       4.05972242       4.00652075    
   4.01068974       4.14229250       4.05945826       4.00622225    
   4.01068163       4.14215708       4.05921793       4.00588036    
   4.01067781       4.14203548       4.05897236       4.00555134    
   4.01067400       4.14194107       4.05872917       4.00530195    
   4.01067972       4.14178038       4.05847263       4.00504923    
   4.01068163       4.14161873       4.05819845       4.00479889    
   4.01067591       4.14145041       4.05793953       4.00449133    
   4.01068258       4.14127398       4.05769920       4.00422478    
   4.01069212       4.14109373       4.05743361       4.00394821    
   4.01069927       4.14090538       4.05712843       4.00365305    
   4.01069880       4.14073610       4.05686760       4.00339699    
   4.01071501       4.14051247       4.05658007       4.00307846    
   4.01073170       4.14029646       4.05626440       4.00275040    
   4.01072788       4.14008951       4.05594540       4.00240421    
   4.01072645       4.13990927       4.05562496       4.00210238    
   4.01071787       4.13974571       4.05531836       4.00182533    
   4.01070213       4.13957977       4.05506992       4.00152826    
   4.01067495       4.13942194       4.05486155       4.00121737    
   4.01065683       4.13925362       4.05466413       4.00091839    
   4.01062822       4.13907719       4.05449486       4.00056505    
   4.01061058       4.13890934       4.05430365       4.00024414    
   4.01058531       4.13877201       4.05412197       3.99997187    
   4.01056194       4.13864422       4.05399370       3.99974656    
   4.01054716       4.13853168       4.05392790       3.99955082    
   4.01052237       4.13838100       4.05380726       3.99934602    
   4.01050091       4.13822699       4.05371666       3.99912095    
   4.01048231       4.13807583       4.05359364       3.99888682    
   4.01046515       4.13795996       4.05349493       3.99865174    
   4.01044989       4.13785648       4.05337811       3.99835253    
   4.01044607       4.13772392       4.05323601       3.99805784    
   4.01044178       4.13759708       4.05311871       3.99782443    
   4.01044655       4.13743305       4.05296230       3.99758983    
   4.01045656       4.13726139       4.05273342       3.99734402    
   4.01046610       4.13708544       4.05243683       3.99706769    
   4.01047087       4.13690233       4.05215120       3.99679089    
   4.01048374       4.13673973       4.05183792       3.99653816    
   4.01049471       4.13660002       4.05152273       3.99627829    
   4.01050091       4.13645744       4.05120993       3.99602985    
   4.01050663       4.13633299       4.05091667       3.99576449    
   4.01051044       4.13622952       4.05061007       3.99551463    
   4.01050806       4.13615799       4.05028915       3.99529386    
   4.01049900       4.13607502       4.04995775       3.99516249    
   4.01048946       4.13597631       4.04963589       3.99505424    
   4.01049185       4.13592482       4.04934883       3.99491477    
   4.01049709       4.13588381       4.04906416       3.99479604    
   4.01050472       4.13581276       4.04877710       3.99464750    
   4.01050520       4.13579321       4.04847383       3.99451399    
   4.01051426       4.13578367       4.04816341       3.99430680    
   4.01053238       4.13575649       4.04787827       3.99412560    
   4.01054144       4.13567972       4.04760456       3.99395061    
   4.01054478       4.13562727       4.04731655       3.99377131    
   4.01054955       4.13559055       4.04701185       3.99355888    
   4.01055002       4.13560104       4.04673243       3.99334431    
   4.01055050       4.13560200       4.04644537       3.99317694    
   4.01054239       4.13557625       4.04618359       3.99296308    
   4.01053762       4.13555908       4.04588461       3.99275947    
   4.01052856       4.13552761       4.04563141       3.99259830    
   4.01051712       4.13544607       4.04539728       3.99247789    
   4.01050377       4.13533020       4.04516125       3.99235487    
   4.01050377       4.13521814       4.04495525       3.99220777    
   4.01049280       4.13514280       4.04474592       3.99200535    
   4.01048088       4.13506031       4.04449892       3.99177837    
   4.01047897       4.13498878       4.04427624       3.99157524    
   4.01049328       4.13493061       4.04404211       3.99129272    
   4.01051140       4.13490295       4.04384756       3.99107361    
   4.01052618       4.13488340       4.04360342       3.99079919    
   4.01054192       4.13481188       4.04335260       3.99052954    
   4.01054764       4.13475895       4.04308510       3.99029517    
   4.01054525       4.13469124       4.04280233       3.99002123    
   4.01054525       4.13463640       4.04253101       3.98973083    
   4.01055193       4.13455534       4.04226255       3.98944736    
   4.01055622       4.13446045       4.04201984       3.98920417    
   4.01056242       4.13436174       4.04185724       3.98895192    
   4.01056099       4.13429832       4.04168034       3.98873711    
   4.01056576       4.13428116       4.04151058       3.98847866    
   4.01056147       4.13426495       4.04128170       3.98821664    
   4.01056194       4.13416100       4.04108143       3.98794270    
   4.01055813       4.13403893       4.04090214       3.98772573    
   4.01054430       4.13389111       4.04072857       3.98747516    
   4.01052856       4.13371086       4.04057741       3.98724794    
   4.01052094       4.13351631       4.04042053       3.98705435    
   4.01051378       4.13332367       4.04028940       3.98685551    
   4.01050854       4.13312340       4.04016352       3.98663521    
   4.01050186       4.13292742       4.04004478       3.98641562    
   4.01050091       4.13270664       4.03992844       3.98615503    
   4.01050186       4.13251972       4.03979301       3.98593688    
   4.01049185       4.13233948       4.03965998       3.98571658    
   4.01048422       4.13213444       4.03948689       3.98549366    
   4.01047707       4.13193464       4.03928041       3.98525190    
   4.01045942       4.13171434       4.03909111       3.98500133    
   4.01043940       4.13150835       4.03888273       3.98479319    
   4.01041174       4.13127995       4.03863764       3.98454905    
   4.01037407       4.13105583       4.03838396       3.98426056    
   4.01034355       4.13084984       4.03813314       3.98397136    
   4.01031256       4.13066292       4.03783941       3.98366380    
   4.01028919       4.13049889       4.03756523       3.98339748    
   4.01025391       4.13034439       4.03731155       3.98319006    
   4.01022863       4.13018131       4.03707790       3.98300266    
   4.01021004       4.13002300       4.03685236       3.98282671    
   4.01019621       4.12980270       4.03667974       3.98267031    
   4.01018858       4.12955809       4.03649807       3.98250103    
   4.01017952       4.12932730       4.03633738       3.98231435    
   4.01017094       4.12909985       4.03616905       3.98212361    
   4.01016760       4.12889290       4.03601837       3.98195291    
   4.01015234       4.12867260       4.03583431       3.98179555    
   4.01013756       4.12843990       4.03563404       3.98161721    
   4.01013517       4.12822437       4.03544664       3.98144388    
   4.01012421       4.12801409       4.03523970       3.98126626    
   4.01010609       4.12781715       4.03497696       3.98107386    
   4.01009607       4.12765312       4.03470469       3.98091030    
   4.01006603       4.12751198       4.03445625       3.98076987    
   4.01004171       4.12737656       4.03420925       3.98057008    
   4.01000547       4.12724876       4.03394699       3.98031855    
   4.00996637       4.12710619       4.03366947       3.98004580    
   4.00993109       4.12697601       4.03339005       3.97976112    
   4.00988960       4.12683249       4.03310823       3.97954655    
   4.00984478       4.12670755       4.03281593       3.97935724    
   4.00979137       4.12654829       4.03251934       3.97917557    
   4.00974369       4.12637711       4.03220701       3.97901082    
   4.00968361       4.12620497       4.03188658       3.97884226    
   4.00962734       4.12605190       4.03156805       3.97870564    
   4.00957155       4.12590504       4.03129196       3.97860479    
   4.00951338       4.12577772       4.03100348       3.97854853    
   4.00946331       4.12560701       4.03067112       3.97851729    
   4.00940895       4.12544012       4.03038502       3.97842216    
   4.00935459       4.12528801       4.03012037       3.97835636    
   4.00931549       4.12513018       4.02988291       3.97821140    
   4.00926971       4.12495565       4.02960825       3.97804713    
   4.00922537       4.12480545       4.02933979       3.97784543    
   4.00918579       4.12467051       4.02909040       3.97770023    
   4.00914717       4.12451935       4.02886534       3.97755194    
   4.00911808       4.12433958       4.02861834       3.97736287    
   4.00908613       4.12415075       4.02835464       3.97716308    
   4.00904655       4.12396336       4.02812243       3.97697496    
   4.00901651       4.12377453       4.02786970       3.97674537    
   4.00898361       4.12357378       4.02757072       3.97648263    
   4.00895452       4.12336063       4.02729654       3.97622585    
   4.00893021       4.12316704       4.02703190       3.97594881    
   4.00890350       4.12294388       4.02674007       3.97567272    
   4.00885677       4.12272358       4.02648067       3.97544026    
   4.00881624       4.12255001       4.02621889       3.97525811    
   4.00879049       4.12237310       4.02597952       3.97510242    
   4.00875807       4.12220240       4.02571678       3.97493196    
   4.00873613       4.12198591       4.02547550       3.97481394    
   4.00870848       4.12170887       4.02521849       3.97464585    
   4.00867891       4.12142658       4.02500820       3.97444916    
   4.00865173       4.12117243       4.02480412       3.97424507    
   4.00862408       4.12093210       4.02459764       3.97402716    
   4.00860071       4.12070704       4.02440882       3.97380471    
   4.00857306       4.12048769       4.02422857       3.97359419    
   4.00855684       4.12029505       4.02407503       3.97341323    
   4.00854063       4.12009430       4.02391386       3.97319603    
   4.00853395       4.11989546       4.02376890       3.97297835    
   4.00853062       4.11970854       4.02359676       3.97277236    
   4.00852013       4.11950111       4.02339888       3.97258806    
   4.00851917       4.11930513       4.02322483       3.97240257    
   4.00851631       4.11912966       4.02306747       3.97222328    
   4.00851870       4.11901569       4.02289057       3.97206521    
   4.00851822       4.11893034       4.02271318       3.97189426    
   4.00851917       4.11888361       4.02252579       3.97173214    
   4.00852394       4.11880684       4.02238131       3.97158360    
   4.00852060       4.11875391       4.02216816       3.97136474    
   4.00851107       4.11867809       4.02195644       3.97118831    
   4.00849962       4.11860657       4.02175856       3.97101760    
   4.00848198       4.11853456       4.02157164       3.97084641    
   4.00847483       4.11846781       4.02135134       3.97070360    
   4.00845718       4.11842012       4.02114439       3.97054720    
   4.00844908       4.11834908       4.02094746       3.97038126    
   4.00844240       4.11824751       4.02077436       3.97019625    
   4.00842953       4.11814833       4.02062988       3.97003794    
   4.00842237       4.11799860       4.02046061       3.96983457    
   4.00841475       4.11788988       4.02028656       3.96969414    
   4.00841093       4.11774683       4.02012396       3.96955228    
   4.00839901       4.11759949       4.01999092       3.96938372    
   4.00838470       4.11740494       4.01981592       3.96922588    
   4.00837469       4.11717701       4.01962948       3.96903753    
   4.00836134       4.11695147       4.01947641       3.96889615    
   4.00835800       4.11672974       4.01933432       3.96877289    
   4.00835609       4.11652994       4.01920223       3.96863914    
   4.00835848       4.11631393       4.01904869       3.96849561    
   4.00834942       4.11613846       4.01888275       3.96834040    
   4.00833321       4.11597681       4.01871967       3.96815825    
   4.00832033       4.11578751       4.01856422       3.96797395    
   4.00830555       4.11559391       4.01844740       3.96782613    
   4.00828981       4.11541605       4.01830864       3.96766424    
   4.00826168       4.11524439       4.01814413       3.96751976    
   4.00824738       4.11506271       4.01797199       3.96737528    
   4.00822830       4.11489630       4.01779795       3.96722364    
   4.00821543       4.11475182       4.01766872       3.96712852    
   4.00820017       4.11461973       4.01751471       3.96703434    
   4.00818014       4.11449337       4.01731253       3.96692300    
   4.00816965       4.11434174       4.01709700       3.96683812    
   4.00814486       4.11420393       4.01685572       3.96672797    
   4.00812960       4.11403894       4.01660490       3.96658158    
   4.00811481       4.11388779       4.01636410       3.96644163    
   4.00810719       4.11371613       4.01612902       3.96630788    
   4.00809669       4.11355352       4.01587820       3.96610522    
   4.00808001       4.11335707       4.01562643       3.96592426    
   4.00806570       4.11316156       4.01537943       3.96570706    
   4.00804663       4.11297464       4.01512814       3.96551323    
   4.00803900       4.11276054       4.01488304       3.96535015    
   4.00803185       4.11253786       4.01465082       3.96513796    
   4.00802231       4.11229849       4.01445150       3.96492434    
   4.00801373       4.11209679       4.01427031       3.96470261    
   4.00801325       4.11191082       4.01410389       3.96453357    
   4.00801277       4.11176968       4.01394653       3.96440983    
   4.00801659       4.11163664       4.01374960       3.96426368    
   4.00801802       4.11146688       4.01356459       3.96410465    
   4.00802231       4.11130619       4.01341391       3.96395373    
   4.00802851       4.11117601       4.01327658       3.96381283    
   4.00803566       4.11104012       4.01312256       3.96367860    
   4.00803566       4.11087799       4.01297379       3.96357894    
   4.00803518       4.11072779       4.01283121       3.96349573    
   4.00802565       4.11057281       4.01265669       3.96339417    
   4.00801420       4.11042404       4.01249743       3.96328712    
   4.00800133       4.11026716       4.01232433       3.96319532    
   4.00799799       4.11012220       4.01216555       3.96311116    
   4.00798655       4.10993624       4.01199865       3.96300721    
   4.00796223       4.10973501       4.01178885       3.96288443    
   4.00793266       4.10953712       4.01155043       3.96276522    
   4.00791311       4.10936356       4.01128435       3.96261835    
   4.00789213       4.10917854       4.01101923       3.96245289    
   4.00787687       4.10899925       4.01079273       3.96226239    
   4.00785971       4.10880804       4.01054955       3.96209168    
   4.00783920       4.10862160       4.01029825       3.96199703    
   4.00782108       4.10844994       4.01005220       3.96193600    
   4.00780010       4.10826683       4.00980425       3.96184754    
