              NaN              NaN              NaN              NaN
   3.12540564E-03   1.91001408E-03   1.39124272E-03   1.31147634E-03
   8.50119803E-04   1.49740535E-03   3.25870555E-04   1.00205373E-03
   3.41233169E-03   4.23720852E-03   3.98764340E-03   6.22033374E-03
   8.60986009E-04   1.33153377E-03   2.61434034E-04   3.42658954E-04
   3.92704213E-04  -9.09662631E-05  -1.10941497E-03  -3.28150159E-03
   2.36009876E-03   9.75946488E-04   1.21040619E-03  -4.65070875E-03
   2.38443492E-03  -1.32705772E-03  -8.51559162E-04  -6.78780442E-03
   8.27986165E-04  -4.85705398E-03  -3.93513730E-03  -1.00412583E-02
   8.69101554E-04  -5.40816691E-03  -4.00014920E-03  -1.08255092E-02
  -6.08721748E-04  -8.06304999E-03  -5.91594260E-03  -1.22895781E-02
  -1.19520794E-03  -9.17439070E-03  -6.31316798E-03  -1.27366427E-02
  -1.76126987E-03  -1.00096473E-02  -6.71696477E-03  -1.31129362E-02
  -2.27912911E-03  -9.86974500E-03  -7.58019788E-03  -1.45306112E-02
  -2.95505463E-03  -1.08176032E-02  -9.14135017E-03  -1.55649092E-02
  -3.71427392E-03  -1.16377715E-02  -1.05328290E-02  -1.77893508E-02
  -4.48972546E-03  -1.21048847E-02  -1.16121722E-02  -2.05225907E-02
  -4.24337666E-03  -1.15117077E-02  -1.24350749E-02  -2.25448031E-02
  -4.86325007E-03  -1.13287102E-02  -1.30564896E-02  -2.32357830E-02
  -5.98129723E-03  -1.11540640E-02  -1.24219293E-02  -2.36899164E-02
  -7.07592163E-03  -1.15212500E-02  -1.26259718E-02  -2.43668091E-02
  -8.23754445E-03  -1.26521196E-02  -1.36805717E-02  -2.59759221E-02
  -8.70113168E-03  -1.30758751E-02  -1.50626497E-02  -2.72516683E-02
  -9.04090237E-03  -1.35236299E-02  -1.63404066E-02  -2.87535004E-02
  -9.43088811E-03  -1.34483753E-02  -1.76606998E-02  -2.98097208E-02
  -9.54854302E-03  -1.33390846E-02  -1.81723535E-02  -3.06321438E-02
  -9.29075386E-03  -1.20602390E-02  -1.81984622E-02  -3.02760825E-02
  -9.37649608E-03  -1.14561152E-02  -1.85525510E-02  -3.06396354E-02
  -9.30587202E-03  -1.09609505E-02  -1.85018070E-02  -3.10570989E-02
  -8.92780628E-03  -1.04434062E-02  -1.80824492E-02  -3.14416997E-02
  -8.51538498E-03  -1.02425255E-02  -1.83590911E-02  -3.20309587E-02
  -8.04160535E-03  -9.95420758E-03  -1.89261213E-02  -3.28361243E-02
  -7.59061240E-03  -1.00261075E-02  -1.92606896E-02  -3.29293609E-02
  -7.03131221E-03  -1.01314299E-02  -1.90310888E-02  -3.27575170E-02
  -6.49076886E-03  -1.01909218E-02  -1.86503921E-02  -3.26852836E-02
  -6.17096573E-03  -1.03449151E-02  -1.80491991E-02  -3.30435894E-02
  -5.70559641E-03  -1.05809951E-02  -1.72121972E-02  -3.28229479E-02
  -5.08915819E-03  -1.08667659E-02  -1.65649690E-02  -3.26832309E-02
  -4.49970178E-03  -1.12474402E-02  -1.56697556E-02  -3.28102931E-02
  -3.90554476E-03  -1.15993628E-02  -1.46596031E-02  -3.22059430E-02
  -3.34355840E-03  -1.19596003E-02  -1.38951410E-02  -3.13160568E-02
  -2.81676254E-03  -1.19339526E-02  -1.30505124E-02  -3.05498075E-02
  -2.44501699E-03  -1.20852664E-02  -1.24539314E-02  -2.99926084E-02
  -2.12243851E-03  -1.23540098E-02  -1.24373846E-02  -2.99717207E-02
  -1.85997854E-03  -1.25338519E-02  -1.26528516E-02  -3.02537605E-02
  -1.72297261E-03  -1.31569607E-02  -1.31465215E-02  -3.04488484E-02
  -1.51412014E-03  -1.37413889E-02  -1.39390472E-02  -3.04090511E-02
  -1.37975405E-03  -1.38842193E-02  -1.47881424E-02  -3.03161386E-02
  -1.29969139E-03  -1.41630862E-02  -1.60395782E-02  -3.02941110E-02
  -1.35992572E-03  -1.42740896E-02  -1.73833277E-02  -3.04606073E-02
  -1.53798820E-03  -1.45479636E-02  -1.87949724E-02  -3.03590726E-02
  -1.72269985E-03  -1.50297629E-02  -1.98092368E-02  -3.03139910E-02
  -2.00446765E-03  -1.56808663E-02  -2.07152758E-02  -3.08612343E-02
  -2.24640197E-03  -1.60667077E-02  -2.14044079E-02  -3.15064862E-02
  -2.33613001E-03  -1.60423983E-02  -2.18277760E-02  -3.17930095E-02
  -2.45824410E-03  -1.60432998E-02  -2.21748576E-02  -3.18385363E-02
  -2.60526990E-03  -1.59995258E-02  -2.22672932E-02  -3.15419957E-02
  -2.68351031E-03  -1.57945771E-02  -2.22700443E-02  -3.12911496E-02
  -2.67195515E-03  -1.56586450E-02  -2.21648198E-02  -3.13477255E-02
  -2.62132753E-03  -1.55632449E-02  -2.19870973E-02  -3.13218907E-02
  -2.54580379E-03  -1.54786846E-02  -2.18698010E-02  -3.12934555E-02
  -2.49812519E-03  -1.53955966E-02  -2.20598876E-02  -3.11318804E-02
  -2.40581529E-03  -1.52777378E-02  -2.22117528E-02  -3.12026124E-02
  -2.36100610E-03  -1.50630232E-02  -2.23048981E-02  -3.14429998E-02
  -2.35118880E-03  -1.48670524E-02  -2.24355292E-02  -3.14764977E-02
  -2.30886205E-03  -1.45684695E-02  -2.23549679E-02  -3.12040430E-02
  -2.23086635E-03  -1.43179270E-02  -2.23267842E-02  -3.12781893E-02
  -2.02251971E-03  -1.38210179E-02  -2.22038403E-02  -3.14207040E-02
  -1.89969514E-03  -1.34882079E-02  -2.21518278E-02  -3.16871330E-02
  -1.71195355E-03  -1.32883396E-02  -2.19035316E-02  -3.17353085E-02
  -1.54276297E-03  -1.31214755E-02  -2.17239801E-02  -3.17719691E-02
  -1.34792295E-03  -1.31612867E-02  -2.15838496E-02  -3.16674411E-02
  -1.22272631E-03  -1.32780420E-02  -2.15014648E-02  -3.14180627E-02
  -1.05463481E-03  -1.33799836E-02  -2.13199109E-02  -3.13104466E-02
  -8.83001951E-04  -1.33415256E-02  -2.10813172E-02  -3.11759058E-02
  -6.08108880E-04  -1.33582894E-02  -2.10342500E-02  -3.11310776E-02
  -2.93087738E-04  -1.34207308E-02  -2.10142434E-02  -3.09573747E-02
   3.37472811E-05  -1.34622660E-02  -2.11971439E-02  -3.08371317E-02
   4.28241852E-04  -1.35238832E-02  -2.12409850E-02  -3.06469034E-02
   8.77407263E-04  -1.34393992E-02  -2.09302977E-02  -3.04987952E-02
   1.31673156E-03  -1.34825567E-02  -2.06585284E-02  -3.02784387E-02
   1.71995896E-03  -1.34630660E-02  -2.03317925E-02  -2.99376361E-02
   2.15368276E-03  -1.34049580E-02  -2.00188980E-02  -2.97662690E-02
   2.48441752E-03  -1.33171342E-02  -1.96450278E-02  -2.96884831E-02
   2.79379799E-03  -1.32752843E-02  -1.93874724E-02  -2.98196822E-02
   3.00831557E-03  -1.31910201E-02  -1.90985613E-02  -2.97985896E-02
   3.19818687E-03  -1.33450357E-02  -1.90723091E-02  -2.97459178E-02
   3.45605891E-03  -1.34799676E-02  -1.91338882E-02  -2.96760183E-02
   3.74283432E-03  -1.35433078E-02  -1.91726480E-02  -2.97515132E-02
   3.99427395E-03  -1.36190150E-02  -1.90173890E-02  -3.00278440E-02
   4.27276082E-03  -1.37810800E-02  -1.89271495E-02  -3.04591786E-02
   4.56210691E-03  -1.40730292E-02  -1.87184308E-02  -3.07294838E-02
   4.77962149E-03  -1.42078185E-02  -1.85689982E-02  -3.10524218E-02
   4.99582756E-03  -1.43083809E-02  -1.82582345E-02  -3.12869623E-02
   5.26336487E-03  -1.43651385E-02  -1.79456118E-02  -3.15646157E-02
   5.47336973E-03  -1.44228088E-02  -1.78241357E-02  -3.19453068E-02
   5.67688281E-03  -1.44542102E-02  -1.77626442E-02  -3.21453176E-02
   5.82238566E-03  -1.44977542E-02  -1.78608745E-02  -3.23574282E-02
   5.97869419E-03  -1.43890316E-02  -1.79893915E-02  -3.25159654E-02
   6.15431368E-03  -1.43070957E-02  -1.81697961E-02  -3.26074436E-02
   6.33289292E-03  -1.41754085E-02  -1.84890572E-02  -3.27818207E-02
   6.52250182E-03  -1.40477670E-02  -1.89273786E-02  -3.30101252E-02
   6.67800382E-03  -1.39086368E-02  -1.93099007E-02  -3.32309492E-02
   6.81338552E-03  -1.37809496E-02  -1.97775848E-02  -3.33545990E-02
   6.83651399E-03  -1.37449354E-02  -2.02935543E-02  -3.35041583E-02
   6.76143635E-03  -1.36696380E-02  -2.07306836E-02  -3.36706415E-02
   6.63205283E-03  -1.36476476E-02  -2.12024730E-02  -3.38286906E-02
   6.52055210E-03  -1.35581708E-02  -2.15687137E-02  -3.38199958E-02
   6.37515495E-03  -1.34329973E-02  -2.18367428E-02  -3.38464826E-02
   6.32382743E-03  -1.33440960E-02  -2.21257117E-02  -3.39784138E-02
   6.27101306E-03  -1.32689634E-02  -2.24127676E-02  -3.39580067E-02
   6.17194735E-03  -1.31208580E-02  -2.26815455E-02  -3.40712667E-02
   6.06842758E-03  -1.29178902E-02  -2.28224620E-02  -3.41599099E-02
   5.94623201E-03  -1.27709601E-02  -2.30905488E-02  -3.41338851E-02
   5.84057486E-03  -1.25923436E-02  -2.32802257E-02  -3.40884216E-02
   5.79600502E-03  -1.24201449E-02  -2.35686712E-02  -3.40720899E-02
   5.75698353E-03  -1.23256557E-02  -2.38214973E-02  -3.40807214E-02
   5.68064675E-03  -1.22264810E-02  -2.40747202E-02  -3.42197679E-02
   5.57718519E-03  -1.21992370E-02  -2.41676588E-02  -3.44357342E-02
   5.47174318E-03  -1.21811116E-02  -2.43687406E-02  -3.47174406E-02
   5.31198084E-03  -1.21802073E-02  -2.44840682E-02  -3.48223820E-02
   5.16333291E-03  -1.22464132E-02  -2.46163029E-02  -3.49496417E-02
   5.02888439E-03  -1.22759361E-02  -2.46557742E-02  -3.50898914E-02
   4.92251990E-03  -1.22309038E-02  -2.47643888E-02  -3.53684574E-02
   4.74916771E-03  -1.22326715E-02  -2.49383654E-02  -3.56407650E-02
   4.58958233E-03  -1.22422483E-02  -2.51334589E-02  -3.58064473E-02
   4.39943466E-03  -1.22898286E-02  -2.52686553E-02  -3.60353664E-02
   4.20812098E-03  -1.23648513E-02  -2.54850443E-02  -3.62255611E-02
   4.04917542E-03  -1.25059979E-02  -2.56766677E-02  -3.65032144E-02
   3.92614212E-03  -1.25830472E-02  -2.58514397E-02  -3.67900655E-02
   3.82422796E-03  -1.26039991E-02  -2.60678735E-02  -3.71766351E-02
   3.71086877E-03  -1.26469713E-02  -2.63098255E-02  -3.75426747E-02
   3.57208517E-03  -1.27443532E-02  -2.65952442E-02  -3.80626097E-02
   3.48238251E-03  -1.28155695E-02  -2.68006660E-02  -3.85171063E-02
   3.42085375E-03  -1.28709674E-02  -2.70027835E-02  -3.88643108E-02
   3.38327326E-03  -1.28803356E-02  -2.71568559E-02  -3.91162410E-02
   3.33803124E-03  -1.29033439E-02  -2.72041261E-02  -3.93671542E-02
   3.29012331E-03  -1.29899364E-02  -2.73616891E-02  -3.96129563E-02
   3.28319543E-03  -1.30873136E-02  -2.75489297E-02  -3.99895795E-02
   3.25395912E-03  -1.31605128E-02  -2.76876017E-02  -4.03116271E-02
   3.22811562E-03  -1.32442061E-02  -2.77986787E-02  -4.05502580E-02
   3.19741783E-03  -1.33076888E-02  -2.79265698E-02  -4.07278687E-02
   3.16909445E-03  -1.33034056E-02  -2.79026777E-02  -4.07842062E-02
   3.16015375E-03  -1.32565256E-02  -2.77794302E-02  -4.08416092E-02
   3.18859797E-03  -1.31210806E-02  -2.77317427E-02  -4.08032760E-02
   3.17822560E-03  -1.30178668E-02  -2.77512129E-02  -4.08854783E-02
   3.18854954E-03  -1.29028447E-02  -2.78312434E-02  -4.10062671E-02
   3.19800596E-03  -1.28202196E-02  -2.78322920E-02  -4.10757773E-02
   3.24102468E-03  -1.27782039E-02  -2.78680660E-02  -4.11519893E-02
   3.28740804E-03  -1.27114924E-02  -2.78915744E-02  -4.12009396E-02
   3.31763970E-03  -1.25987986E-02  -2.78791748E-02  -4.12508436E-02
   3.34005663E-03  -1.25375455E-02  -2.78614685E-02  -4.12358791E-02
   3.36736417E-03  -1.25519643E-02  -2.78448258E-02  -4.11849208E-02
   3.35138454E-03  -1.26003968E-02  -2.79418845E-02  -4.12558578E-02
   3.32622067E-03  -1.27158184E-02  -2.80234851E-02  -4.13698368E-02
   3.32144555E-03  -1.28654921E-02  -2.80742459E-02  -4.14564349E-02
   3.31675797E-03  -1.29717691E-02  -2.81832311E-02  -4.14770208E-02
   3.32115195E-03  -1.30831022E-02  -2.82655973E-02  -4.14413735E-02
   3.33677744E-03  -1.32021280E-02  -2.83139236E-02  -4.14095148E-02
   3.38381552E-03  -1.32874185E-02  -2.83912495E-02  -4.13903445E-02
   3.40382685E-03  -1.33867403E-02  -2.85244901E-02  -4.14471142E-02
   3.42608034E-03  -1.35564134E-02  -2.85587516E-02  -4.15533073E-02
   3.44939972E-03  -1.36777572E-02  -2.86234338E-02  -4.17229533E-02
   3.48240999E-03  -1.37753729E-02  -2.87264194E-02  -4.18159142E-02
   3.51156108E-03  -1.39255589E-02  -2.88199466E-02  -4.19863723E-02
   3.51733947E-03  -1.41422637E-02  -2.89632883E-02  -4.21590805E-02
   3.50301992E-03  -1.43409921E-02  -2.91091148E-02  -4.23706658E-02
   3.49733816E-03  -1.45360669E-02  -2.92649232E-02  -4.26376723E-02
   3.51353339E-03  -1.47015881E-02  -2.93222014E-02  -4.28645872E-02
   3.53750284E-03  -1.49094779E-02  -2.93756779E-02  -4.30424027E-02
   3.53590236E-03  -1.51255550E-02  -2.94519030E-02  -4.31714766E-02
   3.49799148E-03  -1.53945656E-02  -2.95599382E-02  -4.33014147E-02
   3.43483104E-03  -1.55942915E-02  -2.95997728E-02  -4.33799699E-02
   3.35884583E-03  -1.57653373E-02  -2.96753272E-02  -4.35365960E-02
   3.27350153E-03  -1.59032773E-02  -2.97536291E-02  -4.36261706E-02
   3.17251915E-03  -1.60650164E-02  -2.97628213E-02  -4.36691605E-02
   3.07097542E-03  -1.63157620E-02  -2.97650024E-02  -4.36988249E-02
   2.94653629E-03  -1.65734738E-02  -2.96830647E-02  -4.36175279E-02
   2.82663177E-03  -1.68434195E-02  -2.96010636E-02  -4.35975343E-02
   2.73511535E-03  -1.70551017E-02  -2.95499880E-02  -4.36560251E-02
   2.62131169E-03  -1.72923952E-02  -2.95408424E-02  -4.37437743E-02
   2.48586829E-03  -1.75502151E-02  -2.95485090E-02  -4.38092500E-02
   2.35690759E-03  -1.77842081E-02  -2.95044519E-02  -4.38060164E-02
   2.20788969E-03  -1.80789959E-02  -2.94169765E-02  -4.38092202E-02
   2.06712144E-03  -1.83815695E-02  -2.92543955E-02  -4.38506715E-02
   1.94599538E-03  -1.86582897E-02  -2.91418489E-02  -4.38847616E-02
   1.82582636E-03  -1.89991277E-02  -2.89994664E-02  -4.39388305E-02
   1.70977740E-03  -1.93678793E-02  -2.88159512E-02  -4.39497195E-02
   1.57422479E-03  -1.97762996E-02  -2.85878815E-02  -4.40208241E-02
   1.44448725E-03  -2.01426167E-02  -2.84150112E-02  -4.40976247E-02
   1.33214856E-03  -2.04213802E-02  -2.82043163E-02  -4.40231673E-02
   1.24285719E-03  -2.06190087E-02  -2.80993450E-02  -4.39183228E-02
   1.15341868E-03  -2.09089331E-02  -2.80900747E-02  -4.38664518E-02
   1.06015371E-03  -2.12095995E-02  -2.80654747E-02  -4.37901951E-02
   9.52357717E-04  -2.14765258E-02  -2.80733500E-02  -4.37514745E-02
   8.49305768E-04  -2.17007361E-02  -2.81095039E-02  -4.37153652E-02
   7.49502447E-04  -2.18818542E-02  -2.81388815E-02  -4.37108092E-02
   6.77258358E-04  -2.20727958E-02  -2.82257050E-02  -4.37719561E-02
   6.12790813E-04  -2.22374108E-02  -2.83260643E-02  -4.38300148E-02
   5.24584146E-04  -2.23853383E-02  -2.83650029E-02  -4.39126454E-02
   4.19796008E-04  -2.24907827E-02  -2.84451004E-02  -4.39639948E-02
   3.41021630E-04  -2.26063002E-02  -2.85172556E-02  -4.39869687E-02
   2.68704869E-04  -2.26664394E-02  -2.85767652E-02  -4.40290086E-02
   2.00506271E-04  -2.26647183E-02  -2.86805108E-02  -4.40940447E-02
   1.24691316E-04  -2.26427000E-02  -2.88392138E-02  -4.41411100E-02
   4.81805546E-05  -2.25823242E-02  -2.89234202E-02  -4.42386419E-02
  -4.09206077E-05  -2.25057043E-02  -2.90324409E-02  -4.43711951E-02
  -1.33154084E-04  -2.24238820E-02  -2.91198269E-02  -4.44509163E-02
  -2.12519357E-04  -2.23672781E-02  -2.92160027E-02  -4.45844010E-02
  -2.95459555E-04  -2.23420821E-02  -2.93379389E-02  -4.46537025E-02
  -3.75977193E-04  -2.23582163E-02  -2.94691529E-02  -4.47521955E-02
  -4.27534484E-04  -2.23640092E-02  -2.96080392E-02  -4.49169390E-02
  -4.69212362E-04  -2.23596189E-02  -2.97719240E-02  -4.49389108E-02
  -4.71864914E-04  -2.23537963E-02  -2.99256723E-02  -4.48890217E-02
  -4.65364719E-04  -2.22936459E-02  -3.00895944E-02  -4.47863787E-02
  -4.39055933E-04  -2.22250614E-02  -3.01923472E-02  -4.46175151E-02
  -3.99763871E-04  -2.21560076E-02  -3.02881990E-02  -4.44451794E-02
  -3.57123936E-04  -2.20477898E-02  -3.02890539E-02  -4.42128591E-02
  -3.00816202E-04  -2.20069084E-02  -3.02997902E-02  -4.39349636E-02
  -2.57288571E-04  -2.19105110E-02  -3.02934982E-02  -4.36997153E-02
  -2.26053991E-04  -2.18607876E-02  -3.03315446E-02  -4.35569510E-02
  -2.02638665E-04  -2.18477435E-02  -3.04104220E-02  -4.34997343E-02
  -1.73912675E-04  -2.18494423E-02  -3.05511132E-02  -4.34941016E-02
  -1.28487343E-04  -2.18519028E-02  -3.07659749E-02  -4.35183048E-02
  -8.51046861E-05  -2.19223015E-02  -3.10008321E-02  -4.36406247E-02
  -5.97494436E-05  -2.20045410E-02  -3.12987603E-02  -4.37418409E-02
  -3.89799425E-05  -2.21149977E-02  -3.15886214E-02  -4.38167900E-02
  -5.22093478E-06  -2.22156346E-02  -3.18492800E-02  -4.39504683E-02
   3.53128526E-05  -2.23286003E-02  -3.20859887E-02  -4.40304801E-02
   6.03879744E-05  -2.24656910E-02  -3.23566869E-02  -4.41538505E-02
   7.83333235E-05  -2.25637574E-02  -3.26031074E-02  -4.41957451E-02
   1.15874398E-04  -2.27011107E-02  -3.28310020E-02  -4.41931449E-02
   1.60558688E-04  -2.28870343E-02  -3.30389887E-02  -4.42846641E-02
   2.20999544E-04  -2.30060294E-02  -3.31898890E-02  -4.43394966E-02
   2.62843299E-04  -2.31067799E-02  -3.33451070E-02  -4.44256924E-02
   3.00534768E-04  -2.31804512E-02  -3.34737971E-02  -4.44829427E-02
   3.66077991E-04  -2.32727639E-02  -3.35569568E-02  -4.45878953E-02
   4.18880169E-04  -2.33505890E-02  -3.36681567E-02  -4.45680507E-02
   4.58524941E-04  -2.34452058E-02  -3.38238701E-02  -4.45385464E-02
   4.89174796E-04  -2.35418193E-02  -3.40053141E-02  -4.45303768E-02
   5.12879633E-04  -2.36493275E-02  -3.41581367E-02  -4.45233583E-02
   5.37019339E-04  -2.37865783E-02  -3.43082249E-02  -4.44714054E-02
   5.67156239E-04  -2.39305999E-02  -3.45217921E-02  -4.44525070E-02
   6.06461195E-04  -2.41379496E-02  -3.47648971E-02  -4.45396341E-02
   6.43145409E-04  -2.43946817E-02  -3.49695906E-02  -4.46727984E-02
   6.99992757E-04  -2.46543903E-02  -3.51713374E-02  -4.48642373E-02
   7.50031963E-04  -2.48938873E-02  -3.53839397E-02  -4.50124815E-02
   7.82654795E-04  -2.51350813E-02  -3.56124751E-02  -4.51264009E-02
   8.16152198E-04  -2.53819767E-02  -3.58138494E-02  -4.51599248E-02
   8.59864929E-04  -2.56206505E-02  -3.59447189E-02  -4.52257656E-02
   9.22705338E-04  -2.58852430E-02  -3.60343195E-02  -4.52683009E-02
   9.97736352E-04  -2.61130277E-02  -3.61329429E-02  -4.52990793E-02
   1.07961742E-03  -2.64151022E-02  -3.61949727E-02  -4.53563854E-02
   1.15087430E-03  -2.67498698E-02  -3.62230614E-02  -4.54556011E-02
   1.23207679E-03  -2.70658135E-02  -3.61982770E-02  -4.56593372E-02
   1.31444796E-03  -2.73899157E-02  -3.62022705E-02  -4.58689258E-02
   1.38326711E-03  -2.76870169E-02  -3.61653268E-02  -4.59862985E-02
   1.44246104E-03  -2.79621091E-02  -3.61339636E-02  -4.60829698E-02
   1.48400408E-03  -2.82138884E-02  -3.61119285E-02  -4.62190434E-02
   1.50270236E-03  -2.84441523E-02  -3.60915884E-02  -4.63362373E-02
   1.51824136E-03  -2.86704879E-02  -3.60809863E-02  -4.64424938E-02
   1.52409473E-03  -2.89085098E-02  -3.60622145E-02  -4.65936325E-02
   1.52084196E-03  -2.91251522E-02  -3.60408053E-02  -4.67732325E-02
   1.52175792E-03  -2.93264613E-02  -3.59966867E-02  -4.69549559E-02
   1.53073366E-03  -2.95196325E-02  -3.59614044E-02  -4.71139289E-02
   1.54360710E-03  -2.96895597E-02  -3.58983055E-02  -4.72733751E-02
   1.55798171E-03  -2.98274141E-02  -3.58624831E-02  -4.74523455E-02
   1.57119066E-03  -2.99687758E-02  -3.58162634E-02  -4.75828908E-02
   1.58008141E-03  -3.00795622E-02  -3.58169898E-02  -4.76779118E-02
   1.59268756E-03  -3.01700290E-02  -3.58325504E-02  -4.77077998E-02
   1.60072464E-03  -3.01924255E-02  -3.58496867E-02  -4.76994701E-02
   1.59950729E-03  -3.02290283E-02  -3.58533487E-02  -4.77024242E-02
   1.60835544E-03  -3.02560385E-02  -3.59408893E-02  -4.77273613E-02
   1.60833600E-03  -3.02743409E-02  -3.60209048E-02  -4.77812327E-02
   1.60533539E-03  -3.03305984E-02  -3.60831618E-02  -4.77833562E-02
   1.60390069E-03  -3.03615611E-02  -3.61540690E-02  -4.78581414E-02
   1.59671251E-03  -3.04130986E-02  -3.61773223E-02  -4.78447564E-02
   1.60589081E-03  -3.04638501E-02  -3.61828096E-02  -4.78511825E-02
   1.61221728E-03  -3.05031482E-02  -3.61985415E-02  -4.78617921E-02
   1.61777472E-03  -3.05322781E-02  -3.62310484E-02  -4.78674322E-02
   1.62229221E-03  -3.06053106E-02  -3.62756066E-02  -4.79168594E-02
   1.61725818E-03  -3.06605902E-02  -3.63536030E-02  -4.79661748E-02
   1.62070792E-03  -3.06995399E-02  -3.64176184E-02  -4.80080582E-02
   1.62801950E-03  -3.07731181E-02  -3.64614166E-02  -4.81340326E-02
   1.62322284E-03  -3.08563299E-02  -3.65068614E-02  -4.82229739E-02
   1.63492199E-03  -3.09894159E-02  -3.65833454E-02  -4.83099185E-02
   1.64360122E-03  -3.11367158E-02  -3.66605520E-02  -4.84196506E-02
   1.66040554E-03  -3.12850028E-02  -3.67610492E-02  -4.85020168E-02
   1.68234541E-03  -3.14481556E-02  -3.68899405E-02  -4.86029871E-02
   1.68525067E-03  -3.16159911E-02  -3.70164327E-02  -4.86692600E-02
   1.68766000E-03  -3.17641869E-02  -3.71178426E-02  -4.87536527E-02
   1.68907491E-03  -3.19193378E-02  -3.72131802E-02  -4.88418080E-02
   1.69999723E-03  -3.20858173E-02  -3.73621583E-02  -4.89534475E-02
   1.70569040E-03  -3.22507881E-02  -3.74905951E-02  -4.90705296E-02
   1.70898810E-03  -3.23935859E-02  -3.76015753E-02  -4.92159836E-02
   1.71208999E-03  -3.25229429E-02  -3.77280265E-02  -4.93906625E-02
   1.70862325E-03  -3.26696523E-02  -3.78423296E-02  -4.95017357E-02
   1.70145021E-03  -3.28064859E-02  -3.79667915E-02  -4.96608242E-02
   1.69352314E-03  -3.29298079E-02  -3.80723104E-02  -4.98336665E-02
   1.67447922E-03  -3.30058374E-02  -3.81587036E-02  -4.99987714E-02
   1.66582572E-03  -3.30623575E-02  -3.82432118E-02  -5.01407087E-02
   1.65571459E-03  -3.31443138E-02  -3.83088030E-02  -5.02699725E-02
   1.64636248E-03  -3.32172662E-02  -3.83512191E-02  -5.03661670E-02
   1.63859129E-03  -3.33157368E-02  -3.83844413E-02  -5.05089052E-02
   1.62972463E-03  -3.34325172E-02  -3.84427011E-02  -5.06437011E-02
   1.61176326E-03  -3.35522071E-02  -3.84854451E-02  -5.07546067E-02
   1.59756956E-03  -3.36837284E-02  -3.85091417E-02  -5.09086512E-02
   1.58246385E-03  -3.38418186E-02  -3.85102257E-02  -5.10974340E-02
   1.56913872E-03  -3.40153947E-02  -3.84813212E-02  -5.12410700E-02
   1.55839708E-03  -3.41608375E-02  -3.84766646E-02  -5.13519347E-02
   1.55459228E-03  -3.42755988E-02  -3.84571292E-02  -5.14331162E-02
   1.55029364E-03  -3.44013646E-02  -3.84192690E-02  -5.14755920E-02
   1.54070777E-03  -3.45361568E-02  -3.83808017E-02  -5.15305139E-02
   1.52225664E-03  -3.46867070E-02  -3.83362025E-02  -5.16079664E-02
   1.50446373E-03  -3.48417088E-02  -3.82707566E-02  -5.16887903E-02
   1.49274501E-03  -3.50086875E-02  -3.82013917E-02  -5.17532825E-02
   1.48379582E-03  -3.51793580E-02  -3.81338708E-02  -5.18589951E-02
   1.48420595E-03  -3.53320763E-02  -3.80690955E-02  -5.19979559E-02
   1.50370749E-03  -3.54957022E-02  -3.80350724E-02  -5.20986728E-02
   1.52753945E-03  -3.56604047E-02  -3.80090103E-02  -5.22666126E-02
   1.54942973E-03  -3.58199403E-02  -3.80008221E-02  -5.24646416E-02
   1.57680211E-03  -3.59766670E-02  -3.79987806E-02  -5.26536554E-02
   1.61040016E-03  -3.61132361E-02  -3.79753225E-02  -5.28110601E-02
   1.64899230E-03  -3.62408422E-02  -3.79307829E-02  -5.29401191E-02
   1.67337467E-03  -3.63740399E-02  -3.78575586E-02  -5.29921874E-02
   1.70134439E-03  -3.64844836E-02  -3.77994701E-02  -5.30326553E-02
   1.74681924E-03  -3.65707576E-02  -3.77665535E-02  -5.30822426E-02
   1.79687678E-03  -3.66421901E-02  -3.76854613E-02  -5.30772507E-02
   1.84852479E-03  -3.67348902E-02  -3.76104899E-02  -5.30861914E-02
   1.89987349E-03  -3.68288383E-02  -3.75588387E-02  -5.30952364E-02
   1.94980344E-03  -3.69451381E-02  -3.75284664E-02  -5.31223007E-02
   1.99677027E-03  -3.70624363E-02  -3.74900252E-02  -5.31436875E-02
   2.04882165E-03  -3.71816866E-02  -3.74597311E-02  -5.31721786E-02
   2.09926185E-03  -3.73228900E-02  -3.74420956E-02  -5.32236062E-02
   2.15021078E-03  -3.74800004E-02  -3.74578647E-02  -5.32400385E-02
   2.20737443E-03  -3.76452841E-02  -3.74880508E-02  -5.32824732E-02
   2.27315351E-03  -3.77931595E-02  -3.75081562E-02  -5.33243716E-02
   2.32361257E-03  -3.79278362E-02  -3.75373438E-02  -5.33860065E-02
   2.37263320E-03  -3.80496494E-02  -3.75656299E-02  -5.34403175E-02
   2.42489157E-03  -3.81676517E-02  -3.76087390E-02  -5.35117015E-02
   2.47918232E-03  -3.82750072E-02  -3.76412012E-02  -5.36098406E-02
   2.53522396E-03  -3.83771248E-02  -3.76652516E-02  -5.37219159E-02
   2.57848017E-03  -3.85010913E-02  -3.76830883E-02  -5.38357198E-02
   2.63181585E-03  -3.86547223E-02  -3.76503021E-02  -5.39736412E-02
   2.68316176E-03  -3.87789011E-02  -3.76222320E-02  -5.41541949E-02
   2.74283905E-03  -3.88996676E-02  -3.76196466E-02  -5.43065555E-02
   2.79728626E-03  -3.90243158E-02  -3.76399234E-02  -5.44261001E-02
   2.85329367E-03  -3.91769968E-02  -3.76500040E-02  -5.44888861E-02
   2.91227014E-03  -3.93408351E-02  -3.76629569E-02  -5.45421466E-02
   2.97321356E-03  -3.94909754E-02  -3.76510546E-02  -5.46108484E-02
   3.02719441E-03  -3.96478251E-02  -3.76693048E-02  -5.46321012E-02
   3.08250031E-03  -3.97874601E-02  -3.76903415E-02  -5.46409748E-02
   3.13352933E-03  -3.99280787E-02  -3.76975834E-02  -5.46563566E-02
   3.18027707E-03  -4.00705971E-02  -3.77352573E-02  -5.46985082E-02
   3.23646888E-03  -4.01796065E-02  -3.77631970E-02  -5.47123998E-02
   3.29815526E-03  -4.02676761E-02  -3.78145501E-02  -5.47442175E-02
   3.35794780E-03  -4.03571762E-02  -3.78586762E-02  -5.47619164E-02
   3.42489616E-03  -4.04215008E-02  -3.79102752E-02  -5.47883958E-02
   3.49534489E-03  -4.04674821E-02  -3.79437916E-02  -5.47937453E-02
   3.56639456E-03  -4.04771715E-02  -3.79378088E-02  -5.48087731E-02
   3.64257605E-03  -4.04857732E-02  -3.79653610E-02  -5.48418052E-02
   3.72132962E-03  -4.04902548E-02  -3.79654691E-02  -5.48799150E-02
   3.79480771E-03  -4.05069180E-02  -3.79439853E-02  -5.48727550E-02
   3.86422756E-03  -4.05231863E-02  -3.79525013E-02  -5.48721999E-02
   3.92986881E-03  -4.05462198E-02  -3.79606783E-02  -5.48905842E-02
   3.98765365E-03  -4.05686237E-02  -3.79342325E-02  -5.49064837E-02
   4.05010115E-03  -4.05891873E-02  -3.79294194E-02  -5.49110025E-02
   4.10915632E-03  -4.06009555E-02  -3.79576944E-02  -5.49635179E-02
   4.16220212E-03  -4.06359769E-02  -3.79462577E-02  -5.49905747E-02
   4.21930803E-03  -4.06716764E-02  -3.79570834E-02  -5.49720675E-02
   4.27270727E-03  -4.07082066E-02  -3.79526690E-02  -5.49750328E-02
   4.32407437E-03  -4.07411568E-02  -3.79583128E-02  -5.50101101E-02
   4.37184190E-03  -4.07790653E-02  -3.79343554E-02  -5.50458133E-02
   4.41658404E-03  -4.07873578E-02  -3.79011221E-02  -5.50905317E-02
   4.46456205E-03  -4.07982990E-02  -3.78777944E-02  -5.51024973E-02
   4.51465650E-03  -4.08271775E-02  -3.78415361E-02  -5.51473796E-02
   4.56613395E-03  -4.08438854E-02  -3.78075801E-02  -5.51626086E-02
   4.61816322E-03  -4.08601351E-02  -3.77551392E-02  -5.51822260E-02
   4.67344420E-03  -4.08957638E-02  -3.77594642E-02  -5.52026108E-02
   4.73251799E-03  -4.09360155E-02  -3.77410538E-02  -5.52125722E-02
   4.78970772E-03  -4.10004519E-02  -3.77068780E-02  -5.52178100E-02
   4.84890584E-03  -4.10705097E-02  -3.76523659E-02  -5.52093983E-02
   4.90703946E-03  -4.11329158E-02  -3.76085714E-02  -5.52077256E-02
   4.96151717E-03  -4.11903746E-02  -3.76037844E-02  -5.52256145E-02
   5.01312595E-03  -4.12215590E-02  -3.76016051E-02  -5.52806035E-02
   5.06509747E-03  -4.12579589E-02  -3.75867113E-02  -5.53793088E-02
   5.11720311E-03  -4.12959419E-02  -3.75683717E-02  -5.54826781E-02
   5.16921189E-03  -4.13229838E-02  -3.75629626E-02  -5.56279831E-02
   5.22623397E-03  -4.13296409E-02  -3.75322439E-02  -5.57538643E-02
   5.28223393E-03  -4.13477682E-02  -3.75215448E-02  -5.59125878E-02
   5.33685507E-03  -4.13812883E-02  -3.75165269E-02  -5.60550019E-02
   5.39458636E-03  -4.14239168E-02  -3.75150666E-02  -5.61831482E-02
   5.44974767E-03  -4.14763801E-02  -3.75570059E-02  -5.63384965E-02
   5.50096715E-03  -4.15385738E-02  -3.75942104E-02  -5.64798675E-02
   5.55542251E-03  -4.16087545E-02  -3.76207717E-02  -5.66218682E-02
   5.60142705E-03  -4.16708328E-02  -3.76447849E-02  -5.67694455E-02
   5.65417064E-03  -4.17197123E-02  -3.76616605E-02  -5.68613298E-02
   5.70780039E-03  -4.17710356E-02  -3.76737826E-02  -5.69182485E-02
   5.75686712E-03  -4.18163128E-02  -3.77104655E-02  -5.69909401E-02
   5.80338622E-03  -4.18677554E-02  -3.77365984E-02  -5.70572428E-02
   5.84040862E-03  -4.19195257E-02  -3.77904698E-02  -5.71121722E-02
   5.88295655E-03  -4.19667475E-02  -3.78099568E-02  -5.71486838E-02
   5.92503930E-03  -4.20136005E-02  -3.77953574E-02  -5.72045222E-02
   5.96428616E-03  -4.20627818E-02  -3.77870277E-02  -5.72620220E-02
   6.00335514E-03  -4.21206802E-02  -3.77754942E-02  -5.73039539E-02
   6.04274357E-03  -4.21593003E-02  -3.77844237E-02  -5.73587231E-02
   6.07237080E-03  -4.21759449E-02  -3.77854593E-02  -5.74032180E-02
   6.10307138E-03  -4.21787426E-02  -3.78094465E-02  -5.74556068E-02
   6.13433635E-03  -4.22128960E-02  -3.78472731E-02  -5.75087741E-02
   6.15638401E-03  -4.22512032E-02  -3.79053392E-02  -5.75810522E-02
   6.18241634E-03  -4.22916971E-02  -3.79585028E-02  -5.76391593E-02
   6.19656872E-03  -4.23276424E-02  -3.80113497E-02  -5.76999262E-02
   6.20764866E-03  -4.23688367E-02  -3.80747654E-02  -5.77655025E-02
   6.22355100E-03  -4.24028039E-02  -3.80890928E-02  -5.78017272E-02
   6.24100864E-03  -4.24560048E-02  -3.81203294E-02  -5.78396283E-02
   6.26171427E-03  -4.24918383E-02  -3.81369479E-02  -5.78769222E-02
   6.27051387E-03  -4.25497778E-02  -3.81774828E-02  -5.79327494E-02
   6.28163898E-03  -4.25972939E-02  -3.82257514E-02  -5.79953380E-02
   6.29167259E-03  -4.26416732E-02  -3.82509492E-02  -5.80758713E-02
   6.30182028E-03  -4.27057073E-02  -3.83307226E-02  -5.81541993E-02
   6.29922608E-03  -4.27634083E-02  -3.83835621E-02  -5.82665652E-02
   6.29410474E-03  -4.28200550E-02  -3.84117216E-02  -5.83426580E-02
   6.28622994E-03  -4.28979583E-02  -3.84396836E-02  -5.84262498E-02
   6.27275184E-03  -4.29834202E-02  -3.84664685E-02  -5.84743619E-02
   6.26848126E-03  -4.30715047E-02  -3.85081582E-02  -5.84995002E-02
   6.27138466E-03  -4.31485213E-02  -3.85531820E-02  -5.85183650E-02
   6.27982011E-03  -4.32301648E-02  -3.86135131E-02  -5.85737005E-02
   6.28853170E-03  -4.32753675E-02  -3.86630483E-02  -5.86073883E-02
   6.30105520E-03  -4.33099419E-02  -3.87183875E-02  -5.86443394E-02
   6.31674565E-03  -4.33419645E-02  -3.87649722E-02  -5.86712286E-02
   6.34136982E-03  -4.33689840E-02  -3.88024300E-02  -5.86935915E-02
   6.36280794E-03  -4.34027277E-02  -3.88192050E-02  -5.87164797E-02
   6.38450962E-03  -4.34519164E-02  -3.88746448E-02  -5.87329678E-02
   6.39579678E-03  -4.35134806E-02  -3.89363989E-02  -5.87357022E-02
   6.39468338E-03  -4.35680710E-02  -3.89716141E-02  -5.87441064E-02
   6.39257347E-03  -4.36400920E-02  -3.89981568E-02  -5.87595813E-02
   6.38477458E-03  -4.37209979E-02  -3.90055366E-02  -5.87643236E-02
   6.37356704E-03  -4.38005291E-02  -3.89990136E-02  -5.87918013E-02
   6.36775186E-03  -4.38987650E-02  -3.90099250E-02  -5.88210337E-02
   6.35191938E-03  -4.39934917E-02  -3.90070528E-02  -5.88715523E-02
   6.33852649E-03  -4.40625809E-02  -3.89956422E-02  -5.89119419E-02
   6.32740092E-03  -4.41379324E-02  -3.89982946E-02  -5.89445680E-02
   6.31255237E-03  -4.42010649E-02  -3.89860123E-02  -5.89930750E-02
   6.29536388E-03  -4.42560129E-02  -3.89714055E-02  -5.90431318E-02
   6.28364086E-03  -4.43199612E-02  -3.89562808E-02  -5.90568557E-02
   6.26980281E-03  -4.43829447E-02  -3.89754772E-02  -5.91217354E-02
   6.25228742E-03  -4.44731340E-02  -3.89839150E-02  -5.91936968E-02
   6.23791153E-03  -4.45483662E-02  -3.89887877E-02  -5.92666119E-02
   6.23176107E-03  -4.46113423E-02  -3.89787145E-02  -5.93019500E-02
   6.22410793E-03  -4.46958281E-02  -3.89799885E-02  -5.93608171E-02
   6.21979591E-03  -4.47880812E-02  -3.89792882E-02  -5.94092011E-02
   6.21456653E-03  -4.49000709E-02  -3.89812067E-02  -5.94611317E-02
   6.20874390E-03  -4.50159460E-02  -3.89578678E-02  -5.95068522E-02
   6.19973755E-03  -4.51247618E-02  -3.89470756E-02  -5.95389493E-02
   6.19580271E-03  -4.52281311E-02  -3.89352106E-02  -5.95803000E-02
   6.18822919E-03  -4.53399941E-02  -3.89578864E-02  -5.96365072E-02
   6.17895322E-03  -4.54547815E-02  -3.89828458E-02  -5.96810021E-02
   6.16851961E-03  -4.55889441E-02  -3.90050039E-02  -5.97242787E-02
   6.15396071E-03  -4.57178019E-02  -3.90227623E-02  -5.97478822E-02
   6.14127889E-03  -4.58375737E-02  -3.90615202E-02  -5.97790927E-02
   6.13000803E-03  -4.59756367E-02  -3.91096398E-02  -5.97961023E-02
   6.11779885E-03  -4.61350903E-02  -3.91453132E-02  -5.98014556E-02
   6.11135084E-03  -4.62579317E-02  -3.91970798E-02  -5.98080009E-02
   6.09586481E-03  -4.63688076E-02  -3.92690301E-02  -5.98196387E-02
   6.07463112E-03  -4.64927442E-02  -3.93303409E-02  -5.98186627E-02
   6.05348172E-03  -4.66054082E-02  -3.93995196E-02  -5.98426349E-02
   6.03404269E-03  -4.67079096E-02  -3.94582786E-02  -5.98483011E-02
   6.01018826E-03  -4.68149893E-02  -3.95164117E-02  -5.98917902E-02
   5.98126510E-03  -4.69114818E-02  -3.95489968E-02  -5.98977804E-02
   5.95621951E-03  -4.70007658E-02  -3.95732559E-02  -5.99014051E-02
   5.93415881E-03  -4.70892973E-02  -3.95815782E-02  -5.99246547E-02
   5.91589604E-03  -4.71635275E-02  -3.95755395E-02  -5.99485114E-02
   5.89956343E-03  -4.72353660E-02  -3.95557098E-02  -5.99759705E-02
   5.87913906E-03  -4.73184660E-02  -3.95326614E-02  -6.00423776E-02
   5.86170796E-03  -4.74101156E-02  -3.95030007E-02  -6.00720607E-02
   5.84797701E-03  -4.74794023E-02  -3.94435674E-02  -6.01065718E-02
   5.82968583E-03  -4.75596823E-02  -3.93950343E-02  -6.01251945E-02
   5.81444940E-03  -4.76510301E-02  -3.93717214E-02  -6.01365194E-02
   5.81250712E-03  -4.77323122E-02  -3.93558480E-02  -6.01335391E-02
   5.80621092E-03  -4.78071682E-02  -3.93107347E-02  -6.01179563E-02
   5.79595193E-03  -4.78722490E-02  -3.92629653E-02  -6.01162128E-02
   5.78420982E-03  -4.79250662E-02  -3.91964205E-02  -6.01135604E-02
   5.77447703E-03  -4.79718745E-02  -3.91488075E-02  -6.00964911E-02
   5.76506509E-03  -4.80008014E-02  -3.90993543E-02  -6.00671023E-02
   5.75553300E-03  -4.80449982E-02  -3.90801243E-02  -6.00600541E-02
   5.74574666E-03  -4.80871759E-02  -3.90923098E-02  -6.00781515E-02
   5.73525904E-03  -4.81232367E-02  -3.91052142E-02  -6.00928925E-02
   5.72528644E-03  -4.81578559E-02  -3.91200185E-02  -6.01289421E-02
   5.71378740E-03  -4.82045636E-02  -3.91063765E-02  -6.01544678E-02
   5.70583297E-03  -4.82368916E-02  -3.90861668E-02  -6.01767264E-02
   5.69983432E-03  -4.82758023E-02  -3.90608199E-02  -6.01632930E-02
   5.69049176E-03  -4.83244024E-02  -3.90629880E-02  -6.01475835E-02
   5.67552401E-03  -4.83767428E-02  -3.90480496E-02  -6.01210967E-02
   5.65954205E-03  -4.84329052E-02  -3.90482210E-02  -6.01175725E-02
   5.64024551E-03  -4.84894849E-02  -3.90448943E-02  -6.01459555E-02
   5.62501932E-03  -4.85172868E-02  -3.90482619E-02  -6.01829663E-02
   5.61559340E-03  -4.85304147E-02  -3.90429944E-02  -6.01985008E-02
   5.60877519E-03  -4.85632978E-02  -3.90305780E-02  -6.02188893E-02
   5.60247479E-03  -4.86199073E-02  -3.90228443E-02  -6.02416173E-02
   5.59307635E-03  -4.86542061E-02  -3.90317589E-02  -6.02648035E-02
   5.57644106E-03  -4.86900471E-02  -3.90601978E-02  -6.03150502E-02
   5.56181790E-03  -4.87385951E-02  -3.91140729E-02  -6.03561103E-02
   5.54890698E-03  -4.87934798E-02  -3.91650982E-02  -6.03811368E-02
   5.53426705E-03  -4.88453470E-02  -3.92036848E-02  -6.04142398E-02
   5.52673498E-03  -4.88804020E-02  -3.92227173E-02  -6.04627021E-02
   5.52302459E-03  -4.89087738E-02  -3.92105281E-02  -6.04776517E-02
   5.52813383E-03  -4.89232726E-02  -3.91837880E-02  -6.04825728E-02
   5.52741112E-03  -4.89365794E-02  -3.91634032E-02  -6.04861826E-02
   5.53222885E-03  -4.89618629E-02  -3.91616784E-02  -6.05079196E-02
   5.53520303E-03  -4.90109324E-02  -3.91632281E-02  -6.05338737E-02
   5.54022379E-03  -4.90510911E-02  -3.91422100E-02  -6.05434217E-02
   5.54902945E-03  -4.90640365E-02  -3.91266793E-02  -6.05358854E-02
   5.56005072E-03  -4.90737408E-02  -3.91080379E-02  -6.05384111E-02
   5.57019282E-03  -4.90833595E-02  -3.90832610E-02  -6.05262965E-02
   5.58371749E-03  -4.91031967E-02  -3.90608646E-02  -6.05169460E-02
   5.59980841E-03  -4.91361506E-02  -3.90363596E-02  -6.05149977E-02
   5.61504159E-03  -4.91614267E-02  -3.90424393E-02  -6.05144985E-02
   5.62774530E-03  -4.92073968E-02  -3.90333012E-02  -6.05367310E-02
   5.63769508E-03  -4.92178425E-02  -3.90300602E-02  -6.05331436E-02
   5.64770773E-03  -4.92139533E-02  -3.90290990E-02  -6.05217516E-02
   5.65406587E-03  -4.91951481E-02  -3.90414670E-02  -6.05284348E-02
   5.66119142E-03  -4.91666459E-02  -3.90447527E-02  -6.05316162E-02
   5.67494240E-03  -4.91440669E-02  -3.90505642E-02  -6.05315156E-02
   5.68939513E-03  -4.91252467E-02  -3.90613712E-02  -6.05590120E-02
   5.70244435E-03  -4.91282269E-02  -3.90554853E-02  -6.05904907E-02
   5.71318856E-03  -4.91347425E-02  -3.90456468E-02  -6.06092550E-02
   5.72243845E-03  -4.91453558E-02  -3.90267037E-02  -6.06393404E-02
   5.73077053E-03  -4.91651148E-02  -3.90238054E-02  -6.06825650E-02
   5.73717896E-03  -4.91749868E-02  -3.90468128E-02  -6.07020929E-02
   5.74083580E-03  -4.92050424E-02  -3.90864052E-02  -6.07281961E-02
   5.74534340E-03  -4.92480844E-02  -3.91357392E-02  -6.07533343E-02
   5.75456023E-03  -4.92754877E-02  -3.91696952E-02  -6.07731640E-02
   5.76396380E-03  -4.93164621E-02  -3.92082222E-02  -6.07992411E-02
   5.77616552E-03  -4.93395813E-02  -3.92276645E-02  -6.08430468E-02
   5.78394439E-03  -4.93567139E-02  -3.92345302E-02  -6.08762503E-02
   5.79112256E-03  -4.93881032E-02  -3.92485373E-02  -6.08952083E-02
   5.79387927E-03  -4.94206324E-02  -3.92569415E-02  -6.09224662E-02
   5.79282548E-03  -4.94482629E-02  -3.92734595E-02  -6.09669387E-02
   5.79042127E-03  -4.94668782E-02  -3.93092744E-02  -6.09706081E-02
   5.78395184E-03  -4.94934395E-02  -3.93392891E-02  -6.09856918E-02
   5.77468984E-03  -4.95307334E-02  -3.93663161E-02  -6.09762445E-02
   5.77039691E-03  -4.95742820E-02  -3.93992253E-02  -6.09710664E-02
   5.76797733E-03  -4.96177897E-02  -3.94377559E-02  -6.09671995E-02
   5.76316193E-03  -4.96534295E-02  -3.94506156E-02  -6.09814301E-02
   5.75858401E-03  -4.96889241E-02  -3.94560061E-02  -6.09961301E-02
   5.75545942E-03  -4.97439578E-02  -3.94668244E-02  -6.10035509E-02
   5.74747054E-03  -4.98170853E-02  -3.94721180E-02  -6.10348023E-02
   5.74746495E-03  -4.98866737E-02  -3.94605324E-02  -6.10657483E-02
   5.74733363E-03  -4.99562435E-02  -3.94847952E-02  -6.11206442E-02
   5.73835382E-03  -5.00314012E-02  -3.95193100E-02  -6.11782297E-02
   5.72896842E-03  -5.00856452E-02  -3.95477936E-02  -6.12141825E-02
   5.72520262E-03  -5.01274802E-02  -3.95607390E-02  -6.12236448E-02
   5.72007289E-03  -5.01527004E-02  -3.95613201E-02  -6.12577572E-02
   5.71105024E-03  -5.01765460E-02  -3.95579971E-02  -6.12714998E-02
   5.70257148E-03  -5.01827076E-02  -3.95570174E-02  -6.12920672E-02
   5.69549575E-03  -5.01955636E-02  -3.95661555E-02  -6.13049939E-02
   5.69135556E-03  -5.02116829E-02  -3.95764634E-02  -6.13101833E-02
   5.68807265E-03  -5.02198040E-02  -3.95650528E-02  -6.12995960E-02
   5.68694295E-03  -5.02266809E-02  -3.95393707E-02  -6.12922646E-02
   5.68103790E-03  -5.02228402E-02  -3.95312533E-02  -6.13073073E-02
   5.67527534E-03  -5.02184778E-02  -3.95192467E-02  -6.13247976E-02
   5.66899590E-03  -5.02249748E-02  -3.94723080E-02  -6.13244511E-02
   5.65909222E-03  -5.02257124E-02  -3.94600369E-02  -6.13498352E-02
   5.65050216E-03  -5.02298027E-02  -3.94514091E-02  -6.13882095E-02
   5.63664455E-03  -5.02408408E-02  -3.94513719E-02  -6.14366010E-02
   5.62230824E-03  -5.02568111E-02  -3.94710414E-02  -6.14824183E-02
   5.60934795E-03  -5.02715074E-02  -3.94749157E-02  -6.15136549E-02
   5.60266245E-03  -5.02717532E-02  -3.94684337E-02  -6.15285411E-02
   5.60143916E-03  -5.02537787E-02  -3.94512489E-02  -6.15289882E-02
   5.59199089E-03  -5.02312854E-02  -3.94760780E-02  -6.15240335E-02
   5.58562623E-03  -5.02135009E-02  -3.95026393E-02  -6.15254790E-02
   5.58032840E-03  -5.01989089E-02  -3.95408720E-02  -6.15390502E-02
   5.57536306E-03  -5.01955301E-02  -3.95628586E-02  -6.15411326E-02
   5.56592736E-03  -5.01985103E-02  -3.95668298E-02  -6.15554340E-02
   5.55730192E-03  -5.01840822E-02  -3.95676866E-02  -6.16047196E-02
   5.55174937E-03  -5.01782335E-02  -3.95689495E-02  -6.16679378E-02
   5.54525433E-03  -5.01515083E-02  -3.95644568E-02  -6.17168732E-02
   5.53677510E-03  -5.01322299E-02  -3.95385996E-02  -6.17445782E-02
   5.52856782E-03  -5.01317121E-02  -3.94970626E-02  -6.17479458E-02
   5.51638100E-03  -5.01360297E-02  -3.94648612E-02  -6.17452711E-02
   5.50513761E-03  -5.01602963E-02  -3.94582041E-02  -6.17237687E-02
   5.49799250E-03  -5.02030402E-02  -3.94641124E-02  -6.17153309E-02
   5.48885856E-03  -5.02453148E-02  -3.94730233E-02  -6.17334284E-02
   5.48241567E-03  -5.02806678E-02  -3.94868776E-02  -6.17447384E-02
   5.47454413E-03  -5.03161103E-02  -3.95043045E-02  -6.17708005E-02
   5.46659296E-03  -5.03604822E-02  -3.95229869E-02  -6.17930256E-02
   5.45617240E-03  -5.04173227E-02  -3.95558290E-02  -6.18349202E-02
   5.44145657E-03  -5.04664779E-02  -3.95817645E-02  -6.18476793E-02
   5.42771816E-03  -5.05039543E-02  -3.95975895E-02  -6.18351363E-02
   5.41190105E-03  -5.05407788E-02  -3.96175086E-02  -6.18238896E-02
   5.39842201E-03  -5.05684577E-02  -3.96363623E-02  -6.18034303E-02
   5.38919214E-03  -5.05968332E-02  -3.96646298E-02  -6.18087128E-02
   5.37947565E-03  -5.06163202E-02  -3.97119932E-02  -6.18475117E-02
   5.37233287E-03  -5.06275594E-02  -3.97522822E-02  -6.19049184E-02
   5.36709931E-03  -5.06349988E-02  -3.97893265E-02  -6.19530715E-02
   5.36511699E-03  -5.06588146E-02  -3.98293957E-02  -6.20154925E-02
   5.36270672E-03  -5.06755300E-02  -3.98428440E-02  -6.20571561E-02
   5.35668200E-03  -5.06946370E-02  -3.98353264E-02  -6.20809495E-02
   5.34414733E-03  -5.07006869E-02  -3.98448110E-02  -6.21051900E-02
   5.33518707E-03  -5.07064648E-02  -3.98538671E-02  -6.21250533E-02
   5.32263843E-03  -5.07163294E-02  -3.98729630E-02  -6.21549524E-02
   5.31138619E-03  -5.07231131E-02  -3.99047434E-02  -6.21845014E-02
   5.30303363E-03  -5.07417656E-02  -3.99176851E-02  -6.22083582E-02
   5.29684266E-03  -5.07700481E-02  -3.99149619E-02  -6.22185990E-02
   5.28754620E-03  -5.07858843E-02  -3.99232097E-02  -6.22564070E-02
   5.27842948E-03  -5.08035719E-02  -3.99260744E-02  -6.22661561E-02
   5.26633067E-03  -5.08303493E-02  -3.99422571E-02  -6.22961931E-02
   5.25328331E-03  -5.08517735E-02  -3.99710536E-02  -6.23176768E-02
   5.23851207E-03  -5.08893542E-02  -3.99880670E-02  -6.23517707E-02
   5.22508100E-03  -5.09415939E-02  -4.00168225E-02  -6.23851083E-02
   5.20880194E-03  -5.09895459E-02  -4.00389023E-02  -6.24126084E-02
   5.19369775E-03  -5.10345623E-02  -4.00860943E-02  -6.24314137E-02
   5.18129952E-03  -5.10721207E-02  -4.01203372E-02  -6.24414273E-02
   5.16962912E-03  -5.11312261E-02  -4.01583686E-02  -6.24394305E-02
   5.15953964E-03  -5.11991195E-02  -4.02086638E-02  -6.24306239E-02
   5.15145855E-03  -5.12645245E-02  -4.02362123E-02  -6.24325275E-02
   5.13984123E-03  -5.13241626E-02  -4.02743183E-02  -6.24458008E-02
   5.12816524E-03  -5.13860770E-02  -4.03127521E-02  -6.24430142E-02
   5.11654094E-03  -5.14618121E-02  -4.03410234E-02  -6.24669045E-02
   5.10397321E-03  -5.15327379E-02  -4.03824821E-02  -6.24922402E-02
   5.09209745E-03  -5.16115092E-02  -4.04211283E-02  -6.25025779E-02
   5.08545153E-03  -5.16923480E-02  -4.04406451E-02  -6.25293478E-02
   5.07446611E-03  -5.17741330E-02  -4.04786207E-02  -6.25590459E-02
   5.06313657E-03  -5.18429279E-02  -4.05301601E-02  -6.26072139E-02
   5.05162030E-03  -5.18759042E-02  -4.05589528E-02  -6.26393259E-02
   5.03609842E-03  -5.18996827E-02  -4.05741744E-02  -6.26597479E-02
   5.02094720E-03  -5.19142002E-02  -4.05945443E-02  -6.26763850E-02
   5.00617409E-03  -5.19298948E-02  -4.06244881E-02  -6.27054051E-02
   4.99356072E-03  -5.19442484E-02  -4.06520739E-02  -6.27219528E-02
   4.98075644E-03  -5.19508831E-02  -4.06808890E-02  -6.27110526E-02
   4.96771233E-03  -5.19421399E-02  -4.07045037E-02  -6.26937225E-02
   4.95371688E-03  -5.19327261E-02  -4.07143086E-02  -6.26599714E-02
   4.94114030E-03  -5.19202724E-02  -4.07034419E-02  -6.26488179E-02
   4.92636394E-03  -5.19146509E-02  -4.06926125E-02  -6.26184493E-02
   4.90788883E-03  -5.19119389E-02  -4.07051258E-02  -6.26046509E-02
   4.89393855E-03  -5.19083217E-02  -4.07144539E-02  -6.25848621E-02
   4.87783970E-03  -5.19173183E-02  -4.07123156E-02  -6.25782385E-02
   4.86142747E-03  -5.19310869E-02  -4.07113582E-02  -6.25684485E-02
   4.84384689E-03  -5.19375093E-02  -4.07096781E-02  -6.25746995E-02
   4.82357386E-03  -5.19468822E-02  -4.07112688E-02  -6.25734851E-02
   4.80452972E-03  -5.19568361E-02  -4.07102033E-02  -6.25657961E-02
   4.78917547E-03  -5.19873202E-02  -4.07250747E-02  -6.25625104E-02
   4.77089779E-03  -5.20191677E-02  -4.07519452E-02  -6.25766888E-02
   4.75305552E-03  -5.20601496E-02  -4.07892950E-02  -6.25859499E-02
   4.73566633E-03  -5.21108471E-02  -4.08164747E-02  -6.26116917E-02
   4.71845176E-03  -5.21610044E-02  -4.08299938E-02  -6.26314804E-02
   4.69750958E-03  -5.22086546E-02  -4.08356339E-02  -6.26604035E-02
   4.67302324E-03  -5.22638895E-02  -4.08623926E-02  -6.26828223E-02
   4.65141051E-03  -5.23097515E-02  -4.08828631E-02  -6.27075955E-02
   4.63085808E-03  -5.23597486E-02  -4.09039296E-02  -6.27172366E-02
   4.60992334E-03  -5.23926914E-02  -4.09119055E-02  -6.27098903E-02
   4.59180912E-03  -5.24256229E-02  -4.09206599E-02  -6.26858622E-02
   4.57358826E-03  -5.24529107E-02  -4.09218185E-02  -6.26653656E-02
   4.55306983E-03  -5.24804443E-02  -4.09268327E-02  -6.26518577E-02
   4.53702873E-03  -5.25031909E-02  -4.09218855E-02  -6.26433194E-02
   4.52262349E-03  -5.25366664E-02  -4.09286991E-02  -6.26381785E-02
   4.50926367E-03  -5.25451712E-02  -4.09284160E-02  -6.26536459E-02
   4.49553877E-03  -5.25629297E-02  -4.09348160E-02  -6.26745820E-02
   4.48149210E-03  -5.25888167E-02  -4.09349054E-02  -6.27210736E-02
   4.46484098E-03  -5.26255742E-02  -4.09316272E-02  -6.27881587E-02
   4.44982853E-03  -5.26526794E-02  -4.09432091E-02  -6.28383160E-02
   4.43246961E-03  -5.26690483E-02  -4.09488268E-02  -6.28652275E-02
   4.41582734E-03  -5.26962914E-02  -4.09648865E-02  -6.28913492E-02
   4.40104958E-03  -5.27296439E-02  -4.09759246E-02  -6.29215315E-02
   4.38803760E-03  -5.27671650E-02  -4.10046093E-02  -6.29652962E-02
   4.37720539E-03  -5.28192446E-02  -4.10452932E-02  -6.30051494E-02
   4.36599506E-03  -5.28859720E-02  -4.11031321E-02  -6.30521923E-02
   4.35410673E-03  -5.29500879E-02  -4.11539488E-02  -6.30858466E-02
   4.34339605E-03  -5.30178398E-02  -4.12022620E-02  -6.31218255E-02
   4.33474267E-03  -5.30901253E-02  -4.12456468E-02  -6.31536096E-02
   4.31982428E-03  -5.31622097E-02  -4.12887670E-02  -6.31773174E-02
   4.30259854E-03  -5.32387570E-02  -4.13461253E-02  -6.32055625E-02
   4.28455928E-03  -5.33110797E-02  -4.13942039E-02  -6.32913336E-02
   4.27105604E-03  -5.33772148E-02  -4.14354727E-02  -6.33592010E-02
   4.25863219E-03  -5.34498803E-02  -4.14790213E-02  -6.34387881E-02
   4.24670242E-03  -5.35144880E-02  -4.15347591E-02  -6.35221228E-02
   4.23096959E-03  -5.35809360E-02  -4.15890999E-02  -6.36186302E-02
   4.21630265E-03  -5.36495410E-02  -4.16439474E-02  -6.37031868E-02
   4.20555566E-03  -5.37239425E-02  -4.16832976E-02  -6.37866184E-02
   4.19560447E-03  -5.37988506E-02  -4.17390093E-02  -6.38746023E-02
   4.18747868E-03  -5.38831837E-02  -4.17947359E-02  -6.39400259E-02
   4.17822460E-03  -5.39535694E-02  -4.18607108E-02  -6.39940873E-02
   4.17007646E-03  -5.40218130E-02  -4.19450961E-02  -6.40464574E-02
   4.16109012E-03  -5.40797412E-02  -4.20114361E-02  -6.40915632E-02
   4.15317947E-03  -5.41396439E-02  -4.20783125E-02  -6.41321316E-02
   4.14652098E-03  -5.41944206E-02  -4.21363711E-02  -6.41506687E-02
   4.14126320E-03  -5.42487502E-02  -4.21965010E-02  -6.41735867E-02
   4.13631974E-03  -5.43038249E-02  -4.22451086E-02  -6.42032847E-02
   4.13306523E-03  -5.43490686E-02  -4.22726497E-02  -6.42349273E-02
   4.12811432E-03  -5.43793179E-02  -4.22970913E-02  -6.42596483E-02
   4.12294501E-03  -5.43914363E-02  -4.23080996E-02  -6.42841086E-02
   4.11707023E-03  -5.43965623E-02  -4.23261151E-02  -6.42941147E-02
   4.11154144E-03  -5.44022843E-02  -4.23410125E-02  -6.43112659E-02
   4.10339190E-03  -5.44097163E-02  -4.23595943E-02  -6.43291548E-02
   4.09678975E-03  -5.44266403E-02  -4.23817821E-02  -6.43444136E-02
   4.08848748E-03  -5.44582419E-02  -4.24020030E-02  -6.43549711E-02
   4.08213492E-03  -5.45037054E-02  -4.24128585E-02  -6.43487796E-02
   4.07575816E-03  -5.45459948E-02  -4.24103104E-02  -6.43306151E-02
   4.07412648E-03  -5.45759536E-02  -4.23965491E-02  -6.43005893E-02
   4.07131109E-03  -5.45898862E-02  -4.23731953E-02  -6.42675832E-02
   4.07001050E-03  -5.45922816E-02  -4.23509255E-02  -6.42388836E-02
   4.06646449E-03  -5.45866489E-02  -4.23211232E-02  -6.42116964E-02
   4.06424981E-03  -5.45865074E-02  -4.22864407E-02  -6.41931072E-02
   4.06259391E-03  -5.45838103E-02  -4.22626212E-02  -6.42032251E-02
   4.06158203E-03  -5.45921102E-02  -4.22435366E-02  -6.41851425E-02
   4.05795313E-03  -5.45875765E-02  -4.22445536E-02  -6.41618595E-02
   4.05289233E-03  -5.45690842E-02  -4.22490761E-02  -6.41391128E-02
   4.04781615E-03  -5.45500368E-02  -4.22635078E-02  -6.41206428E-02
   4.04560100E-03  -5.45241460E-02  -4.22770232E-02  -6.41016439E-02
   4.03892156E-03  -5.44887334E-02  -4.22841385E-02  -6.40841350E-02
   4.03189473E-03  -5.44534996E-02  -4.22706529E-02  -6.40774891E-02
   4.01983177E-03  -5.44198714E-02  -4.22678627E-02  -6.40760362E-02
   4.00489615E-03  -5.43897264E-02  -4.22528274E-02  -6.40856177E-02
   3.98797961E-03  -5.43479845E-02  -4.22285497E-02  -6.40757456E-02
   3.97187285E-03  -5.43110631E-02  -4.22167331E-02  -6.40661940E-02
   3.95941269E-03  -5.42852506E-02  -4.21982296E-02  -6.40577003E-02
   3.94368172E-03  -5.42654544E-02  -4.21679951E-02  -6.40315711E-02
   3.92742036E-03  -5.42466491E-02  -4.21443619E-02  -6.40072301E-02
   3.91156552E-03  -5.42241000E-02  -4.21308987E-02  -6.39822632E-02
   3.89646459E-03  -5.42141981E-02  -4.21204492E-02  -6.39764443E-02
   3.88052734E-03  -5.42094372E-02  -4.21092920E-02  -6.39679208E-02
   3.86573910E-03  -5.42193353E-02  -4.20984216E-02  -6.39621690E-02
   3.85108939E-03  -5.42391129E-02  -4.21001241E-02  -6.39421046E-02
   3.83853144E-03  -5.42432964E-02  -4.20825295E-02  -6.39340580E-02
   3.82480002E-03  -5.42512089E-02  -4.20707054E-02  -6.39400631E-02
   3.81033635E-03  -5.42610437E-02  -4.20477726E-02  -6.39478639E-02
   3.79324541E-03  -5.42778857E-02  -4.20329981E-02  -6.39480352E-02
   3.77390697E-03  -5.42952083E-02  -4.20142710E-02  -6.39700815E-02
   3.75572219E-03  -5.43077402E-02  -4.20001931E-02  -6.39794990E-02
   3.73945758E-03  -5.43217249E-02  -4.19759601E-02  -6.39844686E-02
   3.72232124E-03  -5.43438084E-02  -4.19398546E-02  -6.39798939E-02
   3.70339025E-03  -5.43630347E-02  -4.18953523E-02  -6.39844239E-02
   3.68691678E-03  -5.43829426E-02  -4.18525599E-02  -6.39923438E-02
   3.66957532E-03  -5.44126108E-02  -4.18168157E-02  -6.40022904E-02
   3.65029019E-03  -5.44433482E-02  -4.17895913E-02  -6.40085563E-02
   3.63060785E-03  -5.44618070E-02  -4.17685062E-02  -6.39824420E-02
   3.61211994E-03  -5.44847250E-02  -4.17469740E-02  -6.39753342E-02
   3.59045272E-03  -5.45168817E-02  -4.17455882E-02  -6.39968142E-02
   3.57019925E-03  -5.45614026E-02  -4.17627618E-02  -6.40159175E-02
   3.55259096E-03  -5.46021797E-02  -4.17965762E-02  -6.40544221E-02
   3.53450072E-03  -5.46361096E-02  -4.18176427E-02  -6.41177520E-02
   3.51705239E-03  -5.46637923E-02  -4.18371670E-02  -6.41701818E-02
   3.49991117E-03  -5.46777248E-02  -4.18575443E-02  -6.42217025E-02
   3.48191056E-03  -5.46777770E-02  -4.18726951E-02  -6.42696396E-02
   3.46421381E-03  -5.46821617E-02  -4.19052131E-02  -6.43242821E-02
   3.44444485E-03  -5.46964556E-02  -4.19386700E-02  -6.43922016E-02
   3.42413504E-03  -5.47141470E-02  -4.19759266E-02  -6.44715354E-02
   3.40690999E-03  -5.47283404E-02  -4.20054868E-02  -6.45590052E-02
   3.39041604E-03  -5.47519773E-02  -4.20352072E-02  -6.46308288E-02
   3.37457377E-03  -5.47866076E-02  -4.20628153E-02  -6.46755099E-02
   3.36300745E-03  -5.48042916E-02  -4.20886949E-02  -6.47076145E-02
   3.35320714E-03  -5.48174940E-02  -4.21056412E-02  -6.47232234E-02
   3.34684132E-03  -5.48368357E-02  -4.21295054E-02  -6.47468641E-02
   3.33874463E-03  -5.48560992E-02  -4.21537384E-02  -6.47513643E-02
   3.33158299E-03  -5.48684038E-02  -4.21875864E-02  -6.47612885E-02
   3.32357944E-03  -5.48853762E-02  -4.22146618E-02  -6.47768900E-02
   3.31690442E-03  -5.49050272E-02  -4.22431119E-02  -6.47864789E-02
   3.31135816E-03  -5.49255572E-02  -4.22591530E-02  -6.47988170E-02
   3.30817699E-03  -5.49536757E-02  -4.22613099E-02  -6.48057535E-02
   3.30610946E-03  -5.49806915E-02  -4.22790386E-02  -6.48095980E-02
   3.30398581E-03  -5.50028123E-02  -4.22906689E-02  -6.48114383E-02
   3.29953362E-03  -5.50236814E-02  -4.23094258E-02  -6.48120418E-02
   3.29675851E-03  -5.50394319E-02  -4.23362628E-02  -6.48171529E-02
   3.29555408E-03  -5.50609529E-02  -4.23703417E-02  -6.48313388E-02
   3.29769170E-03  -5.50864041E-02  -4.24072668E-02  -6.48612380E-02
   3.30109382E-03  -5.51081486E-02  -4.24422398E-02  -6.49014488E-02
   3.30579490E-03  -5.51302247E-02  -4.24737819E-02  -6.49521723E-02
   3.30886059E-03  -5.51479459E-02  -4.24858071E-02  -6.50144592E-02
   3.31291929E-03  -5.51584512E-02  -4.25000489E-02  -6.50677308E-02
   3.31760175E-03  -5.51756360E-02  -4.25140895E-02  -6.51068166E-02
   3.32050421E-03  -5.51912710E-02  -4.25241888E-02  -6.51452467E-02
   3.32317175E-03  -5.52092306E-02  -4.25492898E-02  -6.51770905E-02
   3.32563929E-03  -5.52256256E-02  -4.25832644E-02  -6.52176365E-02
   3.32908612E-03  -5.52506186E-02  -4.26298864E-02  -6.52632043E-02
   3.33276996E-03  -5.52796535E-02  -4.26703617E-02  -6.53015152E-02
   3.33630596E-03  -5.53232618E-02  -4.27198932E-02  -6.53300360E-02
   3.34210601E-03  -5.53624369E-02  -4.27733213E-02  -6.53586462E-02
   3.35003203E-03  -5.54010943E-02  -4.28316966E-02  -6.54007271E-02
   3.35814222E-03  -5.54377921E-02  -4.28912714E-02  -6.54549152E-02
   3.36904754E-03  -5.54760545E-02  -4.29390967E-02  -6.54887781E-02
   3.38248536E-03  -5.55062704E-02  -4.29955199E-02  -6.55204728E-02
   3.39540886E-03  -5.55336252E-02  -4.30260487E-02  -6.55560493E-02
   3.40788509E-03  -5.55665493E-02  -4.30552140E-02  -6.55752271E-02
   3.42270173E-03  -5.56074418E-02  -4.30748165E-02  -6.55906945E-02
   3.43775097E-03  -5.56470938E-02  -4.31006216E-02  -6.56062812E-02
   3.45204957E-03  -5.56852669E-02  -4.31219488E-02  -6.56087548E-02
   3.46618611E-03  -5.57218529E-02  -4.31299508E-02  -6.55925646E-02
   3.47941509E-03  -5.57796806E-02  -4.31496128E-02  -6.55913800E-02
   3.49137117E-03  -5.58450185E-02  -4.31652442E-02  -6.55900687E-02
   3.50177474E-03  -5.59133664E-02  -4.31887172E-02  -6.55888394E-02
   3.51262116E-03  -5.59904985E-02  -4.32194360E-02  -6.55926690E-02
   3.52460681E-03  -5.60526550E-02  -4.32501920E-02  -6.55956864E-02
   3.53884557E-03  -5.61165847E-02  -4.32823375E-02  -6.55971020E-02
   3.55031737E-03  -5.61740957E-02  -4.33098823E-02  -6.56338707E-02
   3.56128835E-03  -5.62336147E-02  -4.33426686E-02  -6.56651631E-02
   3.56986816E-03  -5.62980287E-02  -4.33721282E-02  -6.57089129E-02
   3.57794226E-03  -5.63653819E-02  -4.34020683E-02  -6.57661781E-02
   3.58665059E-03  -5.64314052E-02  -4.34190929E-02  -6.58015236E-02
   3.59822274E-03  -5.64917512E-02  -4.34232205E-02  -6.58061802E-02
   3.60628753E-03  -5.65455556E-02  -4.34350669E-02  -6.58116415E-02
   3.61309177E-03  -5.66034429E-02  -4.34447974E-02  -6.58170283E-02
   3.61876586E-03  -5.66610470E-02  -4.34496254E-02  -6.58112094E-02
   3.62528767E-03  -5.67010865E-02  -4.34591249E-02  -6.58069924E-02
   3.62949795E-03  -5.67450337E-02  -4.34643179E-02  -6.57954067E-02
   3.62893031E-03  -5.67990169E-02  -4.34867181E-02  -6.57971278E-02
   3.62879992E-03  -5.68534285E-02  -4.34952900E-02  -6.57953322E-02
   3.62621527E-03  -5.69059551E-02  -4.34958264E-02  -6.57816455E-02
   3.61936050E-03  -5.69556169E-02  -4.34962623E-02  -6.57803118E-02
   3.61184543E-03  -5.70072792E-02  -4.34979610E-02  -6.57751635E-02
   3.60340369E-03  -5.70603460E-02  -4.35041860E-02  -6.57790527E-02
   3.59623344E-03  -5.71164824E-02  -4.35075536E-02  -6.57721385E-02
   3.59063549E-03  -5.71750253E-02  -4.35139872E-02  -6.57978728E-02
   3.58365569E-03  -5.72209209E-02  -4.35181372E-02  -6.58061504E-02
   3.57579533E-03  -5.72722815E-02  -4.35212515E-02  -6.58226609E-02
   3.56774125E-03  -5.73246889E-02  -4.35217060E-02  -6.58136904E-02
   3.55842663E-03  -5.73829710E-02  -4.35383245E-02  -6.58349246E-02
   3.54681001E-03  -5.74426092E-02  -4.35579680E-02  -6.58492595E-02
   3.53619410E-03  -5.74975051E-02  -4.35735211E-02  -6.58562779E-02
   3.52507108E-03  -5.75546697E-02  -4.35798019E-02  -6.58659860E-02
   3.51598370E-03  -5.76088838E-02  -4.35783602E-02  -6.58664778E-02
   3.50592099E-03  -5.76818921E-02  -4.35907505E-02  -6.58725426E-02
   3.49359983E-03  -5.77443950E-02  -4.36195396E-02  -6.58769533E-02
   3.48188472E-03  -5.78082465E-02  -4.36496809E-02  -6.58868179E-02
   3.47079500E-03  -5.78719862E-02  -4.36813347E-02  -6.58989623E-02
   3.46060074E-03  -5.79424985E-02  -4.37273234E-02  -6.59283400E-02
   3.45133757E-03  -5.80175854E-02  -4.37782779E-02  -6.59651160E-02
   3.44331656E-03  -5.80854937E-02  -4.38219048E-02  -6.59926385E-02
   3.43677634E-03  -5.81458323E-02  -4.38616350E-02  -6.60228580E-02
   3.43200797E-03  -5.82056083E-02  -4.39072438E-02  -6.60499781E-02
   3.42739257E-03  -5.82634397E-02  -4.39520478E-02  -6.60811961E-02
   3.42435902E-03  -5.83111309E-02  -4.39947136E-02  -6.61028698E-02
   3.42059694E-03  -5.83509244E-02  -4.40376811E-02  -6.61172494E-02
   3.41734360E-03  -5.83866090E-02  -4.40779552E-02  -6.61280677E-02
   3.41487536E-03  -5.84276132E-02  -4.41273153E-02  -6.61299154E-02
   3.41427978E-03  -5.84607013E-02  -4.41513285E-02  -6.61335886E-02
   3.41477222E-03  -5.84867746E-02  -4.41779941E-02  -6.61322027E-02
   3.41310212E-03  -5.85049950E-02  -4.41991463E-02  -6.61348924E-02
   3.41028348E-03  -5.85183054E-02  -4.42332365E-02  -6.61365688E-02
   3.40982061E-03  -5.85325994E-02  -4.42680456E-02  -6.61279857E-02
   3.40741035E-03  -5.85430115E-02  -4.42952961E-02  -6.61068186E-02
   3.40516469E-03  -5.85527159E-02  -4.43379395E-02  -6.60860687E-02
   3.40099749E-03  -5.85519373E-02  -4.43694033E-02  -6.60527498E-02
   3.39718186E-03  -5.85499220E-02  -4.43985797E-02  -6.60165176E-02
   3.39188147E-03  -5.85517175E-02  -4.44132909E-02  -6.59804791E-02
   3.38479062E-03  -5.85519820E-02  -4.44362722E-02  -6.59627169E-02
   3.37796053E-03  -5.85497916E-02  -4.44543995E-02  -6.59429207E-02
   3.37015023E-03  -5.85584976E-02  -4.44706790E-02  -6.59215748E-02
   3.36086540E-03  -5.85672669E-02  -4.44966145E-02  -6.59193248E-02
   3.35128815E-03  -5.85830361E-02  -4.45255563E-02  -6.59249648E-02
   3.34071228E-03  -5.86007424E-02  -4.45541255E-02  -6.59206733E-02
   3.33299045E-03  -5.86240478E-02  -4.45802622E-02  -6.59179837E-02
   3.32545862E-03  -5.86469322E-02  -4.46075983E-02  -6.59091845E-02
   3.31694772E-03  -5.86761162E-02  -4.46475036E-02  -6.59189448E-02
   3.30668478E-03  -5.87014705E-02  -4.46739905E-02  -6.59247860E-02
   3.29521392E-03  -5.87335043E-02  -4.46928255E-02  -6.59388825E-02
   3.28476867E-03  -5.87559156E-02  -4.47128154E-02  -6.59508631E-02
   3.27839004E-03  -5.87878563E-02  -4.47237492E-02  -6.59696832E-02
   3.27225332E-03  -5.88232651E-02  -4.47536632E-02  -6.59951344E-02
   3.26340995E-03  -5.88472374E-02  -4.47877198E-02  -6.60164207E-02
   3.25332046E-03  -5.88737316E-02  -4.48241495E-02  -6.60186186E-02
   3.24426987E-03  -5.88991307E-02  -4.48643081E-02  -6.60255253E-02
   3.23710754E-03  -5.89191914E-02  -4.49022539E-02  -6.60329089E-02
   3.22706020E-03  -5.89397326E-02  -4.49254885E-02  -6.60376549E-02
   3.21641588E-03  -5.89545257E-02  -4.49452922E-02  -6.60479665E-02
   3.20560811E-03  -5.89693189E-02  -4.49603684E-02  -6.60435036E-02
   3.19435890E-03  -5.89854680E-02  -4.49619889E-02  -6.60175160E-02
   3.18204984E-03  -5.90083711E-02  -4.49679755E-02  -6.59951344E-02
   3.17268516E-03  -5.90221807E-02  -4.49793972E-02  -6.59606606E-02
   3.16581503E-03  -5.90330064E-02  -4.49837297E-02  -6.59256727E-02
   3.15943942E-03  -5.90362586E-02  -4.49696742E-02  -6.58719242E-02
   3.15194950E-03  -5.90439923E-02  -4.49521616E-02  -6.58322200E-02
   3.14406422E-03  -5.90478443E-02  -4.49348502E-02  -6.57887384E-02
   3.13493446E-03  -5.90580180E-02  -4.49298881E-02  -6.57668933E-02
   3.12385289E-03  -5.90704903E-02  -4.49134484E-02  -6.57390356E-02
   3.11166584E-03  -5.90865724E-02  -4.48905043E-02  -6.57221973E-02
   3.10157798E-03  -5.91021515E-02  -4.48732562E-02  -6.57049194E-02
   3.09028057E-03  -5.91124520E-02  -4.48615476E-02  -6.56998754E-02
   3.07624065E-03  -5.91212884E-02  -4.48605716E-02  -6.57070875E-02
   3.06011550E-03  -5.91304637E-02  -4.48610112E-02  -6.57082349E-02
   3.04244342E-03  -5.91364168E-02  -4.48672138E-02  -6.57179728E-02
   3.02543957E-03  -5.91382720E-02  -4.48775999E-02  -6.57312423E-02
   3.00631835E-03  -5.91314919E-02  -4.48848531E-02  -6.57499880E-02
   2.98706559E-03  -5.91385476E-02  -4.49021459E-02  -6.57691285E-02
   2.96600582E-03  -5.91409951E-02  -4.49069962E-02  -6.57683238E-02
   2.94354977E-03  -5.91428168E-02  -4.49043587E-02  -6.57724589E-02
   2.92215450E-03  -5.91411106E-02  -4.49061878E-02  -6.57804608E-02
   2.90193129E-03  -5.91396578E-02  -4.49144728E-02  -6.57919943E-02
   2.88309297E-03  -5.91415726E-02  -4.49202098E-02  -6.57913387E-02
   2.86225858E-03  -5.91395907E-02  -4.49198596E-02  -6.57840073E-02
   2.84172548E-03  -5.91313429E-02  -4.49149199E-02  -6.57755211E-02
   2.81960121E-03  -5.91187142E-02  -4.49005477E-02  -6.57733828E-02
   2.79904273E-03  -5.91036566E-02  -4.48871292E-02  -6.57711774E-02
   2.78166006E-03  -5.90812080E-02  -4.48827967E-02  -6.57854155E-02
   2.76459474E-03  -5.90589382E-02  -4.48895320E-02  -6.58312216E-02
   2.74618017E-03  -5.90291172E-02  -4.49118540E-02  -6.58856854E-02
   2.72511179E-03  -5.90117723E-02  -4.49308008E-02  -6.59235269E-02
   2.70324433E-03  -5.90014979E-02  -4.49493900E-02  -6.59352839E-02
   2.67967256E-03  -5.89992702E-02  -4.49829325E-02  -6.59652129E-02
   2.65905331E-03  -5.90039417E-02  -4.50207032E-02  -6.60053715E-02
   2.64012045E-03  -5.90082705E-02  -4.50450964E-02  -6.60210624E-02
   2.61946255E-03  -5.90175949E-02  -4.50671464E-02  -6.60399124E-02
   2.59983796E-03  -5.90230748E-02  -4.50914390E-02  -6.60493746E-02
   2.58008763E-03  -5.90188950E-02  -4.51096781E-02  -6.60686046E-02
   2.56030215E-03  -5.90150841E-02  -4.51207496E-02  -6.60959557E-02
   2.53797695E-03  -5.90066835E-02  -4.51333560E-02  -6.61126301E-02
   2.51867087E-03  -5.89995198E-02  -4.51611467E-02  -6.61403686E-02
   2.49704323E-03  -5.89947701E-02  -4.51851487E-02  -6.61595464E-02
   2.47204606E-03  -5.89855686E-02  -4.52115089E-02  -6.61664754E-02
   2.45024147E-03  -5.89697361E-02  -4.52331603E-02  -6.61565885E-02
   2.42949137E-03  -5.89493513E-02  -4.52686585E-02  -6.61514252E-02
   2.40924372E-03  -5.89272343E-02  -4.53032963E-02  -6.61534369E-02
   2.39204639E-03  -5.89015260E-02  -4.53432649E-02  -6.61561340E-02
   2.37790635E-03  -5.88824265E-02  -4.53877635E-02  -6.61774054E-02
   2.36295164E-03  -5.88610657E-02  -4.54087108E-02  -6.61961958E-02
   2.34473008E-03  -5.88406511E-02  -4.54295427E-02  -6.62141442E-02
   2.32643494E-03  -5.88200800E-02  -4.54503931E-02  -6.62283823E-02
   2.30824831E-03  -5.88045456E-02  -4.54778001E-02  -6.62445799E-02
   2.29173759E-03  -5.87887429E-02  -4.54969853E-02  -6.62557632E-02
   2.27516936E-03  -5.87717779E-02  -4.55213115E-02  -6.62567541E-02
   2.25840742E-03  -5.87640032E-02  -4.55639586E-02  -6.62648529E-02
   2.24260520E-03  -5.87606020E-02  -4.55992222E-02  -6.62669018E-02
   2.22713873E-03  -5.87612651E-02  -4.56342362E-02  -6.62677810E-02
   2.21094210E-03  -5.87670691E-02  -4.56636995E-02  -6.62547499E-02
   2.19510170E-03  -5.87804690E-02  -4.57017235E-02  -6.62423745E-02
   2.18003942E-03  -5.87924719E-02  -4.57394272E-02  -6.62283823E-02
   2.16460810E-03  -5.87975085E-02  -4.57645059E-02  -6.62145466E-02
   2.14833813E-03  -5.87905943E-02  -4.57805544E-02  -6.62228912E-02
   2.13482510E-03  -5.87711446E-02  -4.57967669E-02  -6.62222877E-02
   2.12356984E-03  -5.87495416E-02  -4.57958393E-02  -6.62284717E-02
   2.11229781E-03  -5.87268099E-02  -4.57838401E-02  -6.62257448E-02
   2.10101507E-03  -5.87033220E-02  -4.57696207E-02  -6.62233159E-02
   2.08963035E-03  -5.86741865E-02  -4.57596742E-02  -6.62228838E-02
   2.07856251E-03  -5.86385950E-02  -4.57506627E-02  -6.62120283E-02
   2.06457102E-03  -5.86162284E-02  -4.57336567E-02  -6.61950633E-02
   2.04809755E-03  -5.85914925E-02  -4.57228720E-02  -6.61864653E-02
   2.03212607E-03  -5.85761704E-02  -4.57247198E-02  -6.61665499E-02
   2.01381464E-03  -5.85555807E-02  -4.57272232E-02  -6.61565736E-02
   1.99423870E-03  -5.85304648E-02  -4.57292125E-02  -6.61493614E-02
   1.97491376E-03  -5.85186929E-02  -4.57378700E-02  -6.61485940E-02
   1.95543747E-03  -5.85123450E-02  -4.57582921E-02  -6.61656335E-02
   1.93456397E-03  -5.85106537E-02  -4.57687937E-02  -6.61763698E-02
   1.91618630E-03  -5.85131459E-02  -4.57719788E-02  -6.61937892E-02
   1.89767103E-03  -5.85072376E-02  -4.57894541E-02  -6.62205294E-02
   1.87839987E-03  -5.85017838E-02  -4.57973927E-02  -6.62417486E-02
   1.85859506E-03  -5.84993027E-02  -4.58056219E-02  -6.62728101E-02
   1.83963415E-03  -5.84968701E-02  -4.58121561E-02  -6.62961155E-02
   1.82237267E-03  -5.85033484E-02  -4.58225980E-02  -6.63207099E-02
   1.80530548E-03  -5.85105233E-02  -4.58447486E-02  -6.63442090E-02
   1.78624713E-03  -5.84980100E-02  -4.58614007E-02  -6.63705915E-02
   1.76539249E-03  -5.84867857E-02  -4.58676256E-02  -6.63843527E-02
   1.74602051E-03  -5.84763438E-02  -4.58735749E-02  -6.63962215E-02
   1.72513560E-03  -5.84628768E-02  -4.58757468E-02  -6.64083064E-02
   1.70475733E-03  -5.84530011E-02  -4.58846241E-02  -6.64263815E-02
   1.68675627E-03  -5.84541596E-02  -4.58724983E-02  -6.64340481E-02
   1.66911213E-03  -5.84598705E-02  -4.58771288E-02  -6.64466769E-02
   1.65320432E-03  -5.84703125E-02  -4.58890609E-02  -6.64676353E-02
   1.63791270E-03  -5.84781878E-02  -4.59026359E-02  -6.64913207E-02
   1.62534998E-03  -5.85032664E-02  -4.59189042E-02  -6.65095076E-02
   1.61571533E-03  -5.85246943E-02  -4.59406078E-02  -6.65264651E-02
   1.60870736E-03  -5.85438460E-02  -4.59395498E-02  -6.65359423E-02
   1.59981847E-03  -5.85735776E-02  -4.59463187E-02  -6.65463507E-02
   1.59197475E-03  -5.86099215E-02  -4.59734313E-02  -6.65642694E-02
   1.58287375E-03  -5.86498305E-02  -4.59986776E-02  -6.65769354E-02
   1.57247647E-03  -5.86788952E-02  -4.60093431E-02  -6.65956438E-02
   1.56315160E-03  -5.87072670E-02  -4.60199118E-02  -6.66138157E-02
   1.55353022E-03  -5.87367825E-02  -4.60256301E-02  -6.66325614E-02
   1.54526555E-03  -5.87686263E-02  -4.60313186E-02  -6.66598603E-02
   1.53543486E-03  -5.87994084E-02  -4.60422188E-02  -6.66853189E-02
   1.52684096E-03  -5.88287115E-02  -4.60631587E-02  -6.67135492E-02
   1.51805230E-03  -5.88510744E-02  -4.60723378E-02  -6.67282343E-02
   1.50975038E-03  -5.88746667E-02  -4.60789911E-02  -6.67440221E-02
   1.50181015E-03  -5.89049868E-02  -4.60919030E-02  -6.67585358E-02
   1.49330264E-03  -5.89258745E-02  -4.61064316E-02  -6.67720363E-02
   1.48500071E-03  -5.89449778E-02  -4.61238697E-02  -6.67845756E-02
   1.47683593E-03  -5.89596033E-02  -4.61432040E-02  -6.67952746E-02
   1.46899978E-03  -5.89739569E-02  -4.61755991E-02  -6.67900443E-02
   1.46241742E-03  -5.89834973E-02  -4.62083481E-02  -6.67793527E-02
   1.45670364E-03  -5.89882247E-02  -4.62457910E-02  -6.67663664E-02
   1.45086180E-03  -5.89857027E-02  -4.62748222E-02  -6.67609796E-02
   1.44600857E-03  -5.89916855E-02  -4.63055372E-02  -6.67621791E-02
   1.44233950E-03  -5.89974374E-02  -4.63390760E-02  -6.67832494E-02
   1.44008035E-03  -5.89962862E-02  -4.63609360E-02  -6.68125600E-02
   1.43678929E-03  -5.90001866E-02  -4.64000255E-02  -6.68642968E-02
   1.43318251E-03  -5.90071455E-02  -4.64469008E-02  -6.69215992E-02
   1.43095932E-03  -5.90118878E-02  -4.64855172E-02  -6.69764057E-02
   1.42867293E-03  -5.90159073E-02  -4.65223081E-02  -6.70200288E-02
   1.42655161E-03  -5.90150356E-02  -4.65463474E-02  -6.70554861E-02
   1.42563693E-03  -5.90103380E-02  -4.65716049E-02  -6.70775920E-02
   1.42632273E-03  -5.90076186E-02  -4.66080271E-02  -6.71003014E-02
   1.42970344E-03  -5.90050891E-02  -4.66316715E-02  -6.71245977E-02
   1.43343187E-03  -5.90095036E-02  -4.66405377E-02  -6.71532974E-02
   1.43744366E-03  -5.90149239E-02  -4.66425233E-02  -6.71910197E-02
   1.44055439E-03  -5.90206459E-02  -4.66385260E-02  -6.72214255E-02
   1.44409691E-03  -5.90179786E-02  -4.66322973E-02  -6.72556534E-02
   1.44663861E-03  -5.90200089E-02  -4.66218591E-02  -6.73013106E-02
   1.44974748E-03  -5.90147302E-02  -4.66194265E-02  -6.73302710E-02
   1.45144330E-03  -5.89973889E-02  -4.66161184E-02  -6.73603266E-02
   1.45260291E-03  -5.89952506E-02  -4.66190092E-02  -6.74031079E-02
   1.45205250E-03  -5.89901395E-02  -4.66308556E-02  -6.74564764E-02
   1.45174144E-03  -5.89859597E-02  -4.66437973E-02  -6.75145462E-02
