   0.00000000       0.00000000       0.00000000       0.00000000    
  0.499995112      0.475217819      0.449988574      0.425653279    
  0.998227417      0.940613866      0.883139670      0.828748107    
   1.49635983       1.39757788       1.30231571       1.21287155    
   1.99372125       1.84761560       1.70856845       1.57903433    
   2.49537182       2.29355812       2.10386014       1.92868173    
   2.99892449       2.73326015       2.48770976       2.26279616    
   3.49910212       3.16380286       2.85764384       2.58090258    
   3.99914145       3.58734560       3.21706319       2.88630009    
   4.49793673       4.00286055       3.56260920       3.17646551    
   4.99657249       4.41241693       3.89937496       3.45508146    
   5.49550819       4.81481361       4.22474384       3.72136855    
   5.99296570       5.20873260       4.54262066       3.97793221    
   6.48917913       5.59616423       4.85125399       4.22552347    
   6.98919868       5.98124838       5.15261221       4.46345043    
   7.49057579       6.36220074       5.44686222       4.69551849    
   7.99206209       6.73970747       5.73320246       4.92049599    
   8.49138927       7.10997391       6.00921679       5.13550425    
   8.99117470       7.47268295       6.27945948       5.34363079    
   9.49090099       7.83055162       6.54215002       5.54311895    
   9.99068451       8.18439674       6.79985809       5.73639870    
   10.4911337       8.53351688       7.05041599       5.92209387    
   10.9918127       8.87771034       7.29476929       6.10207224    
   11.4920759       9.21518326       7.53197908       6.27496052    
   11.9927444       9.54739571       7.76386833       6.44453907    
   12.4918098       9.87365627       7.99027300       6.61027527    
   12.9907227       10.1969023       8.21167946       6.77136946    
   13.4897518       10.5156698       8.42905903       6.92911577    
   13.9892702       10.8300676       8.64061165       7.08137846    
   14.4892130       11.1384392       8.84753990       7.23121405    
   14.9895115       11.4432449       9.04973793       7.37695265    
   15.4887819       11.7442207       9.24846840       7.51816034    
   15.9876680       12.0389719       9.44230938       7.65597868    
   16.4856815       12.3295603       9.63270187       7.79109526    
   16.9837914       12.6155796       9.82007504       7.92241621    
   17.4815159       12.8970118       10.0025120       8.05063343    
   17.9780178       13.1725283       10.1816139       8.17429352    
   18.4758224       13.4455709       10.3574085       8.29824257    
   18.9734821       13.7153788       10.5304193       8.42031384    
   19.4718494       13.9827137       10.7010632       8.54077721    
   19.9707851       14.2467794       10.8687048       8.65840912    
   20.4696369       14.5088596       11.0350313       8.77472496    
   20.9676571       14.7682781       11.1955996       8.88875961    
   21.4645863       15.0243196       11.3517771       8.99863720    
   21.9605198       15.2759542       11.5043392       9.10505104    
   22.4576950       15.5259933       11.6545229       9.20848083    
   22.9559650       15.7734394       11.8012152       9.30950546    
   23.4531670       16.0172634       11.9457560       9.40919685    
   23.9494286       16.2572727       12.0879793       9.50714970    
   24.4472141       16.4952202       12.2296247       9.60406780    
   24.9445896       16.7307320       12.3681622       9.69801807    
   25.4422493       16.9649982       12.5050869       9.79064178    
   25.9395237       17.1963482       12.6413774       9.88284779    
   26.4373493       17.4236336       12.7748880       9.97307396    
   26.9350147       17.6473083       12.9055777       10.0619564    
   27.4321804       17.8678093       13.0349655       10.1481876    
   27.9286137       18.0853100       13.1635885       10.2338972    
   28.4262886       18.3009987       13.2891865       10.3166637    
   28.9239902       18.5146236       13.4122400       10.3984041    
   29.4218063       18.7273388       13.5329885       10.4800739    
   29.9195137       18.9385815       13.6525154       10.5613413    
   30.4175587       19.1482773       13.7708635       10.6413202    
   30.9156189       19.3539772       13.8874235       10.7203693    
   31.4123631       19.5581932       14.0029030       10.7972651    
   31.9094391       19.7603016       14.1162815       10.8729324    
   32.4067497       19.9611816       14.2283096       10.9480486    
   32.9057465       20.1599197       14.3396111       11.0218925    
   33.4038010       20.3570271       14.4499531       11.0949602    
   33.9002762       20.5513458       14.5572701       11.1660423    
   34.3976593       20.7433662       14.6638870       11.2368374    
   34.8959503       20.9336281       14.7694750       11.3067570    
   35.3952217       21.1234341       14.8742619       11.3756571    
   35.8947639       21.3101540       14.9773626       11.4433012    
   36.3936272       21.4929886       15.0786200       11.5096369    
   36.8921890       21.6749992       15.1788416       11.5740299    
   37.3913345       21.8554039       15.2789764       11.6382294    
   37.8896713       22.0344963       15.3775520       11.7017975    
   38.3875504       22.2130947       15.4753761       11.7648344    
   38.8858109       22.3904114       15.5720730       11.8273525    
   39.3845024       22.5657082       15.6673269       11.8892870    
   39.8828506       22.7390804       15.7606077       11.9499989    
   40.3816147       22.9106960       15.8524408       12.0118523    
   40.8805275       23.0816784       15.9435787       12.0738306    
   41.3785248       23.2509956       16.0335579       12.1346054    
   41.8760185       23.4193535       16.1219120       12.1949081    
   42.3729630       23.5857906       16.2088852       12.2535715    
   42.8708878       23.7509842       16.2953606       12.3125906    
   43.3697014       23.9137516       16.3803005       12.3704538    
   43.8686142       24.0767536       16.4657516       12.4275055    
   44.3684044       24.2378426       16.5501175       12.4838533    
   44.8688812       24.3979435       16.6339474       12.5394735    
   45.3703880       24.5564995       16.7180862       12.5947113    
   45.8719406       24.7129345       16.8011494       12.6497574    
   46.3734436       24.8674431       16.8844299       12.7048416    
   46.8762131       25.0213089       16.9667606       12.7596817    
   47.3788757       25.1729012       17.0473557       12.8129148    
   47.8822708       25.3235741       17.1263027       12.8654919    
   48.3856468       25.4729900       17.2046013       12.9174538    
   48.8886070       25.6214771       17.2825470       12.9683056    
   49.3917236       25.7684288       17.3594017       13.0187855    
   49.8953094       25.9152756       17.4360695       13.0691624    
   50.3992043       26.0602055       17.5115566       13.1183443    
   50.9035416       26.2046833       17.5870934       13.1673422    
   51.4087868       26.3462448       17.6621304       13.2174044    
   51.9147186       26.4870682       17.7367401       13.2669296    
   52.4209976       26.6274757       17.8109913       13.3160334    
   52.9269562       26.7674122       17.8848534       13.3652983    
   53.4327393       26.9060841       17.9578114       13.4129229    
   53.9388733       27.0444679       18.0298347       13.4604740    
   54.4451256       27.1825657       18.1015930       13.5081854    
   54.9516029       27.3187466       18.1719608       13.5554848    
   55.4576836       27.4530182       18.2410412       13.6013546    
   55.9636612       27.5863819       18.3102016       13.6471319    
   56.4688301       27.7185383       18.3791523       13.6922703    
   56.9734497       27.8487644       18.4476490       13.7364302    
   57.4771996       27.9774704       18.5154324       13.7800407    
   57.9809723       28.1061554       18.5834427       13.8238745    
   58.4836121       28.2330761       18.6511917       13.8668070    
   58.9862976       28.3584976       18.7173405       13.9092054    
   59.4881248       28.4829922       18.7831001       13.9505854    
   59.9906960       28.6072865       18.8494644       13.9921598    
   60.4924583       28.7307739       18.9154129       14.0337543    
   60.9944115       28.8529205       18.9808865       14.0746317    
   61.4948387       28.9743271       19.0463486       14.1157131    
   61.9953804       29.0945663       19.1114120       14.1569481    
   62.4959412       29.2141228       19.1764736       14.1984835    
   62.9964943       29.3327045       19.2420845       14.2396669    
   63.4980698       29.4508152       19.3070087       14.2807884    
   63.9992218       29.5683823       19.3720188       14.3220024    
   64.5015640       29.6850185       19.4362221       14.3627329    
   65.0042877       29.8014793       19.4999886       14.4037466    
   65.5068512       29.9169788       19.5631828       14.4438400    
   66.0093918       30.0318432       19.6253033       14.4836607    
   66.5117188       30.1464233       19.6867046       14.5228434    
   67.0142288       30.2605209       19.7481422       14.5619621    
   67.5170212       30.3735600       19.8086452       14.6001186    
   68.0203400       30.4859009       19.8683987       14.6384735    
   68.5232162       30.5975075       19.9269676       14.6758242    
   69.0266037       30.7089443       19.9852467       14.7124624    
   69.5295105       30.8200130       20.0429993       14.7487545    
   70.0327377       30.9307652       20.1005154       14.7847204    
   70.5357361       31.0399055       20.1574631       14.8198633    
   71.0385437       31.1481953       20.2136288       14.8542938    
   71.5411682       31.2554245       20.2693501       14.8885756    
   72.0431061       31.3619347       20.3245449       14.9227581    
   72.5452347       31.4686718       20.3787441       14.9567022    
   73.0474167       31.5752964       20.4334335       14.9908390    
   73.5497513       31.6816139       20.4872284       15.0243959    
   74.0529556       31.7868137       20.5405159       15.0580215    
   74.5572586       31.8910427       20.5942116       15.0915575    
   75.0616150       31.9945431       20.6473751       15.1251011    
   75.5664520       32.0978165       20.7003155       15.1587858    
   76.0716248       32.1999016       20.7521439       15.1918011    
   76.5773544       32.3026237       20.8039703       15.2245703    
   77.0826797       32.4043045       20.8546848       15.2570286    
   77.5867386       32.5052490       20.9053040       15.2895975    
   78.0905457       32.6061516       20.9558907       15.3215904    
   78.5939865       32.7063179       21.0065346       15.3544397    
   79.0972977       32.8065453       21.0566902       15.3866844    
   79.6003571       32.9062958       21.1066685       15.4189339    
   80.1033096       33.0052376       21.1567898       15.4511633    
   80.6059952       33.1031609       21.2060528       15.4829607    
   81.1085434       33.1993103       21.2548790       15.5142403    
   81.6111984       33.2950783       21.3039246       15.5454865    
   82.1133347       33.3903313       21.3523884       15.5763168    
   82.6162720       33.4854431       21.4009075       15.6073828    
   83.1191635       33.5800095       21.4489784       15.6380596    
   83.6212158       33.6742172       21.4967003       15.6685104    
   84.1223755       33.7674141       21.5434895       15.6986294    
   84.6241531       33.8599014       21.5900154       15.7289400    
   85.1265945       33.9513397       21.6364155       15.7588282    
   85.6287308       34.0426712       21.6823120       15.7885809    
   86.1307144       34.1331444       21.7274361       15.8168545    
   86.6322021       34.2228088       21.7723560       15.8447752    
   87.1327133       34.3115997       21.8166237       15.8725328    
   87.6330261       34.3996506       21.8605423       15.9001083    
   88.1339951       34.4879379       21.9047508       15.9279251    
   88.6343689       34.5757904       21.9483223       15.9557724    
   89.1348724       34.6637840       21.9920540       15.9837637    
   89.6354218       34.7512589       22.0358315       16.0118351    
   90.1360550       34.8387032       22.0793076       16.0399723    
   90.6362534       34.9254646       22.1230392       16.0677338    
   91.1356812       35.0104904       22.1667824       16.0955105    
   91.6355209       35.0953903       22.2099934       16.1227016    
   92.1355972       35.1799812       22.2533207       16.1499786    
   92.6350861       35.2646370       22.2962685       16.1775589    
   93.1344833       35.3496857       22.3390160       16.2052841    
   93.6334229       35.4343071       22.3816376       16.2332344    
   94.1322708       35.5185890       22.4237347       16.2608433    
   94.6313629       35.6022186       22.4657173       16.2880878    
   95.1297302       35.6847305       22.5071774       16.3148518    
   95.6287842       35.7669601       22.5487385       16.3418293    
   96.1284561       35.8496628       22.5907021       16.3688602    
   96.6282501       35.9315491       22.6318264       16.3945656    
   97.1275558       36.0122604       22.6721287       16.4201717    
   97.6269684       36.0922813       22.7127018       16.4460449    
   98.1263123       36.1725388       22.7530003       16.4718151    
   98.6251678       36.2522507       22.7936401       16.4975052    
   99.1240616       36.3322868       22.8341465       16.5228710    
   99.6229630       36.4123116       22.8743324       16.5481148    
   100.121674       36.4919662       22.9149075       16.5733738    
   100.619827       36.5710945       22.9552021       16.5983639    
   101.117569       36.6491814       22.9956818       16.6234493    
   101.616409       36.7269020       23.0357723       16.6485729    
   102.115585       36.8042831       23.0759335       16.6735744    
   102.614944       36.8810616       23.1163387       16.6988659    
   103.114624       36.9573479       23.1570511       16.7242241    
   103.614334       37.0339012       23.1971798       16.7497654    
   104.113426       37.1097488       23.2364807       16.7748013    
   104.612579       37.1853790       23.2762280       16.7998829    
   105.111557       37.2607536       23.3159924       16.8248882    
   105.610390       37.3359909       23.3560276       16.8500042    
   106.109566       37.4111748       23.3954983       16.8749828    
   106.608925       37.4861412       23.4348011       16.8999538    
   107.108475       37.5609932       23.4740295       16.9248409    
   107.607788       37.6362762       23.5133419       16.9497643    
   108.106865       37.7120209       23.5525074       16.9742603    
   108.606125       37.7872238       23.5915375       16.9989071    
   109.105423       37.8621330       23.6308002       17.0233440    
   109.604454       37.9365997       23.6702614       17.0475826    
   110.103371       38.0110588       23.7094154       17.0722675    
   110.602287       38.0862160       23.7479248       17.0967789    
   111.100998       38.1610832       23.7858849       17.1211319    
   111.600014       38.2354393       23.8229103       17.1451569    
   112.097969       38.3092728       23.8592091       17.1686344    
   112.595627       38.3828163       23.8952808       17.1913013    
   113.093582       38.4556351       23.9312420       17.2137337    
   113.591316       38.5281754       23.9674015       17.2368145    
   114.089096       38.5998726       24.0031834       17.2591305    
   114.586800       38.6721764       24.0389729       17.2814674    
   115.084038       38.7439804       24.0745373       17.3039246    
   115.581573       38.8156662       24.1095676       17.3261452    
   116.078743       38.8866043       24.1444874       17.3480854    
   116.576523       38.9569359       24.1792641       17.3701229    
   117.074585       39.0274277       24.2139740       17.3920040    
   117.573029       39.0981026       24.2485466       17.4139881    
   118.072044       39.1682205       24.2832870       17.4364796    
   118.571457       39.2378235       24.3180370       17.4583855    
   119.071190       39.3073006       24.3523865       17.4801121    
   119.570663       39.3768120       24.3869591       17.5020561    
   120.070175       39.4461555       24.4214306       17.5240536    
   120.569534       39.5154839       24.4560986       17.5455666    
   121.068405       39.5834503       24.4905815       17.5670891    
   121.565956       39.6515541       24.5253868       17.5890808    
   122.063873       39.7189713       24.5601063       17.6111317    
   122.561501       39.7863960       24.5948067       17.6328049    
   123.058296       39.8537903       24.6289520       17.6541729    
   123.555122       39.9206810       24.6627102       17.6750622    
   124.052216       39.9878540       24.6959686       17.6960430    
   124.549347       40.0547028       24.7287712       17.7165051    
   125.047272       40.1215706       24.7611351       17.7363472    
   125.545464       40.1875954       24.7934303       17.7563076    
   126.043640       40.2538414       24.8256054       17.7765236    
   126.541740       40.3199501       24.8576012       17.7969494    
   127.039635       40.3856125       24.8895149       17.8170128    
   127.537148       40.4504929       24.9216614       17.8371258    
   128.034042       40.5148773       24.9533730       17.8569870    
   128.530655       40.5793610       24.9853916       17.8769875    
   129.027069       40.6437988       25.0174179       17.8971634    
   129.523682       40.7080345       25.0486221       17.9168530    
   130.020401       40.7721405       25.0787716       17.9364338    
   130.517593       40.8358612       25.1088085       17.9558716    
   131.014297       40.8994522       25.1385937       17.9751129    
   131.510681       40.9634972       25.1682854       17.9947720    
   132.006943       41.0271339       25.1978149       18.0143776    
   132.502991       41.0905113       25.2273540       18.0337505    
   132.999222       41.1536522       25.2571621       18.0534248    
   133.495590       41.2167473       25.2872696       18.0732517    
   133.991562       41.2790184       25.3173733       18.0929394    
   134.487946       41.3410950       25.3470421       18.1122608    
   134.983917       41.4032021       25.3768120       18.1315804    
   135.480576       41.4648552       25.4066391       18.1506348    
   135.977600       41.5266037       25.4362068       18.1696854    
   136.474060       41.5881615       25.4656773       18.1892834    
   136.970779       41.6493874       25.4950562       18.2085533    
   137.467789       41.7099762       25.5241947       18.2277088    
   137.964767       41.7700081       25.5534401       18.2467251    
   138.461151       41.8298035       25.5829620       18.2656612    
   138.957687       41.8895569       25.6119690       18.2844315    
   139.454575       41.9489937       25.6406651       18.3031616    
   139.952148       42.0079117       25.6692867       18.3220978    
   140.449814       42.0670166       25.6983356       18.3410320    
   140.947617       42.1256180       25.7271481       18.3598347    
   141.445694       42.1838074       25.7558441       18.3782787    
   141.943314       42.2414513       25.7846489       18.3967724    
   142.441162       42.2994041       25.8135586       18.4149704    
   142.938354       42.3571854       25.8421478       18.4327755    
   143.435669       42.4153595       25.8708267       18.4506054    
   143.932648       42.4734116       25.8994656       18.4683018    
   144.428772       42.5315704       25.9281616       18.4861202    
   144.924774       42.5894966       25.9559650       18.5034943    
   145.421219       42.6469421       25.9834957       18.5211315    
   145.918457       42.7046165       26.0112419       18.5388451    
   146.415421       42.7617455       26.0387897       18.5562725    
   146.912704       42.8186378       26.0661602       18.5734005    
   147.409760       42.8750153       26.0933514       18.5905361    
   147.906555       42.9319611       26.1204967       18.6078129    
   148.403397       42.9886703       26.1476059       18.6251888    
   148.900925       43.0458374       26.1749668       18.6423931    
   149.397537       43.1027603       26.2019520       18.6595421    
   149.894485       43.1600494       26.2294445       18.6772652    
   150.391525       43.2169876       26.2568111       18.6947002    
   150.888611       43.2732697       26.2841434       18.7119503    
   151.386246       43.3290977       26.3108101       18.7288456    
   151.883804       43.3847046       26.3372650       18.7457867    
   152.381180       43.4401588       26.3639259       18.7625179    
   152.878326       43.4961166       26.3906002       18.7792912    
   153.375336       43.5518761       26.4174633       18.7963238    
   153.872650       43.6075630       26.4442768       18.8134880    
   154.369156       43.6626396       26.4706478       18.8303165    
   154.865738       43.7177010       26.4967690       18.8470726    
   155.362381       43.7725716       26.5227127       18.8638020    
   155.859238       43.8270226       26.5484467       18.8801498    
   156.356323       43.8809814       26.5739918       18.8961296    
   156.853729       43.9351158       26.5991611       18.9116631    
   157.350632       43.9888763       26.6241169       18.9271545    
   157.847382       44.0425186       26.6491051       18.9430561    
   158.344315       44.0956879       26.6742916       18.9592228    
   158.841248       44.1486359       26.6992855       18.9754868    
   159.338120       44.2009468       26.7242661       18.9918289    
   159.835403       44.2534943       26.7495003       19.0082264    
   160.332825       44.3060417       26.7748718       19.0245419    
   160.830002       44.3584061       26.8001060       19.0406342    
   161.326996       44.4109077       26.8253288       19.0565014    
   161.824142       44.4622498       26.8504410       19.0722790    
   162.321442       44.5136223       26.8753815       19.0877628    
   162.818542       44.5646515       26.8999100       19.1033440    
   163.315704       44.6152916       26.9245281       19.1191998    
   163.812958       44.6660004       26.9492626       19.1346149    
   164.309937       44.7167435       26.9745655       19.1505413    
   164.807220       44.7672691       26.9999065       19.1666889    
   165.304581       44.8170776       27.0248890       19.1825275    
   165.802170       44.8668747       27.0499249       19.1985054    
   166.299423       44.9169197       27.0751381       19.2143860    
   166.796524       44.9669533       27.1005497       19.2301826    
   167.293457       45.0169983       27.1257362       19.2463074    
   167.789703       45.0667305       27.1500759       19.2621536    
   168.286423       45.1163979       27.1746235       19.2780609    
   168.782700       45.1660271       27.1992455       19.2940350    
   169.279190       45.2158813       27.2241383       19.3099995    
   169.775833       45.2657814       27.2493057       19.3257732    
   170.273209       45.3157539       27.2742310       19.3415012    
   170.770584       45.3656425       27.2989426       19.3573742    
   171.268066       45.4153862       27.3239365       19.3733597    
   171.765350       45.4642639       27.3481064       19.3889427    
   172.262375       45.5129280       27.3721352       19.4043007    
   172.759537       45.5614738       27.3962269       19.4195595    
   173.256943       45.6101379       27.4200249       19.4351234    
   173.753937       45.6582565       27.4439068       19.4506512    
   174.250732       45.7064056       27.4680061       19.4659576    
   174.748077       45.7549782       27.4919147       19.4811001    
   175.245728       45.8036613       27.5157013       19.4961758    
   175.743088       45.8518295       27.5393887       19.5112076    
   176.240356       45.9001808       27.5633240       19.5264206    
   176.738098       45.9481964       27.5870628       19.5411682    
   177.235840       45.9958344       27.6109886       19.5563221    
   177.733658       46.0433769       27.6343861       19.5711861    
   178.231552       46.0909920       27.6578579       19.5861549    
   178.729095       46.1385689       27.6810303       19.6009884    
   179.226639       46.1860352       27.7042999       19.6155777    
   179.723740       46.2334976       27.7276554       19.6305237    
   180.220413       46.2809715       27.7510815       19.6455688    
   180.717041       46.3279839       27.7742958       19.6604671    
   181.214081       46.3750916       27.7972126       19.6756210    
   181.711365       46.4222183       27.8203144       19.6910591    
   182.208466       46.4690971       27.8429165       19.7061577    
   182.705856       46.5153236       27.8654118       19.7210274    
   183.203735       46.5609055       27.8876438       19.7356300    
   183.701660       46.6058960       27.9098110       19.7502689    
   184.200302       46.6511307       27.9319592       19.7645302    
   184.698944       46.6958466       27.9540901       19.7789173    
   185.197403       46.7401314       27.9759312       19.7932262    
   185.695908       46.7844009       27.9973869       19.8071957    
   186.194031       46.8283463       28.0185070       19.8208084    
   186.692093       46.8723564       28.0396786       19.8343964    
   187.190613       46.9159660       28.0608540       19.8479996    
   187.689087       46.9592209       28.0820122       19.8616390    
   188.187149       47.0028114       28.1032391       19.8754406    
   188.686005       47.0467911       28.1247883       19.8890457    
   189.185150       47.0902519       28.1463470       19.9026909    
   189.683853       47.1334267       28.1675720       19.9162254    
   190.182816       47.1767616       28.1886635       19.9294109    
   190.682281       47.2201767       28.2097511       19.9428825    
   191.181396       47.2633286       28.2305317       19.9560852    
   191.680649       47.3063202       28.2512207       19.9690304    
   192.179565       47.3492393       28.2721214       19.9818687    
   192.677948       47.3919830       28.2927914       19.9946899    
   193.176636       47.4347763       28.3137646       20.0076504    
   193.674820       47.4773521       28.3345318       20.0204124    
   194.172943       47.5198021       28.3553715       20.0332565    
   194.671432       47.5624275       28.3759060       20.0460091    
   195.170181       47.6055489       28.3965034       20.0588951    
   195.669098       47.6485558       28.4169750       20.0716019    
   196.168030       47.6912537       28.4377346       20.0844364    
   196.666809       47.7338600       28.4584026       20.0973415    
   197.165497       47.7765465       28.4789619       20.1105080    
   197.664352       47.8195572       28.4999771       20.1237469    
   198.163177       47.8627052       28.5209618       20.1370010    
   198.662262       47.9056625       28.5418262       20.1501083    
   199.161407       47.9488602       28.5626812       20.1632652    
   199.660553       47.9919434       28.5835743       20.1762733    
   200.159714       48.0348473       28.6042557       20.1891174    
   200.658386       48.0777473       28.6247749       20.2017536    
   201.156982       48.1208229       28.6455708       20.2144947    
   201.655701       48.1639481       28.6663971       20.2271976    
   202.154404       48.2068100       28.6866550       20.2397251    
   202.652985       48.2497978       28.7064476       20.2521362    
   203.151169       48.2924690       28.7264442       20.2645817    
   203.649200       48.3352814       28.7466698       20.2770176    
   204.146942       48.3775406       28.7667503       20.2894058    
   204.644745       48.4200554       28.7868900       20.3018951    
   205.142899       48.4623604       28.8070908       20.3142872    
   205.641357       48.5041962       28.8272591       20.3266258    
   206.140350       48.5461464       28.8473206       20.3388100    
   206.639771       48.5878677       28.8669224       20.3509617    
   207.139130       48.6290665       28.8860722       20.3630142    
   207.638489       48.6699562       28.9054260       20.3749981    
   208.137924       48.7109413       28.9251099       20.3872166    
   208.636749       48.7516708       28.9448566       20.3993015    
   209.135803       48.7918282       28.9645367       20.4112053    
   209.635025       48.8321915       28.9844208       20.4230042    
   210.134323       48.8723145       29.0040207       20.4347687    
   210.633148       48.9125481       29.0237904       20.4464836    
   211.133087       48.9525299       29.0436077       20.4580917    
   211.633102       48.9924850       29.0633621       20.4697742    
   212.133179       49.0324669       29.0831165       20.4814510    
   212.632553       49.0723495       29.1026611       20.4928970    
   213.132187       49.1122894       29.1219540       20.5043793    
   213.631714       49.1518745       29.1409225       20.5159416    
   214.131165       49.1907501       29.1598930       20.5276051    
   214.630554       49.2295341       29.1787510       20.5392857    
   215.129868       49.2683296       29.1974201       20.5511856    
   215.628632       49.3068352       29.2162552       20.5627785    
   216.126862       49.3447533       29.2350407       20.5741463    
   216.624786       49.3824196       29.2537651       20.5856209    
   217.122986       49.4196968       29.2722912       20.5969906    
   217.621704       49.4570084       29.2908993       20.6084194    
   218.120621       49.4942398       29.3096504       20.6199093    
   218.619247       49.5314140       29.3281403       20.6311779    
   219.118134       49.5687408       29.3469162       20.6426811    
   219.617172       49.6060638       29.3659039       20.6542778    
   220.116074       49.6435509       29.3849106       20.6659412    
   220.614929       49.6809349       29.4036713       20.6774387    
   221.113983       49.7177238       29.4223843       20.6888943    
   221.613419       49.7543488       29.4411240       20.7003975    
   222.112854       49.7911377       29.4598503       20.7118359    
   222.612747       49.8282700       29.4785137       20.7232342    
   223.112183       49.8653603       29.4971237       20.7347565    
   223.611679       49.9020615       29.5153675       20.7463055    
   224.111465       49.9383850       29.5334091       20.7577190    
   224.610870       49.9750214       29.5515232       20.7688389    
   225.110352       50.0115929       29.5699539       20.7800922    
   225.609695       50.0482674       29.5883045       20.7912121    
   226.109009       50.0850487       29.6068001       20.8023071    
   226.608292       50.1219025       29.6252079       20.8134689    
   227.107544       50.1589966       29.6436100       20.8244572    
   227.606384       50.1959267       29.6616306       20.8356647    
   228.105087       50.2330894       29.6797600       20.8467903    
   228.603683       50.2700233       29.6972790       20.8575630    
   229.102097       50.3064728       29.7145710       20.8679714    
   229.600662       50.3431816       29.7317543       20.8785477    
   230.099487       50.3803520       29.7490425       20.8893890    
   230.598343       50.4173698       29.7662945       20.9003983    
   231.097412       50.4549675       29.7837315       20.9117603    
   231.596542       50.4927864       29.8014507       20.9232731    
   232.095535       50.5304489       29.8192081       20.9350052    
   232.594055       50.5676804       29.8368816       20.9463768    
   233.092438       50.6048660       29.8544788       20.9578667    
   233.590683       50.6417046       29.8720036       20.9691792    
   234.088577       50.6784935       29.8896809       20.9806652    
   234.586304       50.7153244       29.9070740       20.9918747    
   235.084656       50.7521591       29.9244213       21.0029106    
   235.582809       50.7886925       29.9416714       21.0139256    
   236.081268       50.8249245       29.9591484       21.0249081    
   236.579330       50.8605232       29.9765854       21.0358143    
   237.077179       50.8960648       29.9939079       21.0464478    
   237.574844       50.9315376       30.0115395       21.0576630    
   238.072449       50.9669113       30.0292263       21.0686226    
   238.569855       51.0021362       30.0468769       21.0795708    
   239.067490       51.0371590       30.0642166       21.0903797    
   239.565323       51.0724640       30.0815392       21.1012268    
   240.063171       51.1075134       30.0990906       21.1120377    
   240.560440       51.1426353       30.1166000       21.1227322    
   241.058014       51.1775246       30.1341095       21.1333427    
   241.555328       51.2122040       30.1512470       21.1437511    
   242.053070       51.2468376       30.1683216       21.1543274    
   242.550934       51.2812843       30.1856327       21.1651688    
   243.048859       51.3153839       30.2026100       21.1758137    
   243.546814       51.3496895       30.2199821       21.1866398    
   244.044586       51.3838844       30.2371235       21.1972504    
   244.542206       51.4181709       30.2544842       21.2077789    
   245.040054       51.4526634       30.2717018       21.2186909    
   245.537643       51.4871140       30.2887211       21.2295361    
   246.035492       51.5214767       30.3060036       21.2403660    
   246.533142       51.5558434       30.3236542       21.2513390    
   247.030869       51.5902977       30.3412437       21.2622528    
   247.528641       51.6246300       30.3587036       21.2726250    
   248.026794       51.6587906       30.3759193       21.2827759    
   248.525467       51.6928902       30.3932571       21.2930832    
   249.024094       51.7269211       30.4105091       21.3034973    
   249.522385       51.7606583       30.4277878       21.3142548    
   250.020599       51.7947960       30.4449348       21.3250847    
   250.518982       51.8284378       30.4618587       21.3356953    
   251.017914       51.8621635       30.4786720       21.3463078    
   251.516861       51.8958168       30.4957542       21.3568478    
   252.015808       51.9295578       30.5127678       21.3670387    
   252.515030       51.9633980       30.5298595       21.3774242    
   253.014282       51.9969482       30.5468445       21.3878250    
   253.513000       52.0306320       30.5637379       21.3982277    
   254.011902       52.0638580       30.5803699       21.4084415    
   254.510818       52.0968704       30.5972595       21.4190426    
   255.009995       52.1297188       30.6140919       21.4297047    
   255.508896       52.1628914       30.6310921       21.4406223    
   256.008118       52.1962738       30.6482754       21.4515305    
   256.507782       52.2293816       30.6654358       21.4625740    
   257.007568       52.2625504       30.6825504       21.4733334    
   257.507080       52.2956200       30.6996613       21.4839745    
   258.006592       52.3288460       30.7169361       21.4944515    
   258.505829       52.3618088       30.7340851       21.5048809    
   259.004883       52.3947372       30.7509270       21.5152664    
   259.504089       52.4273872       30.7678337       21.5254688    
   260.003601       52.4601097       30.7846184       21.5354729    
   260.502808       52.4924622       30.8010044       21.5455513    
   261.001953       52.5246964       30.8172474       21.5554943    
   261.501923       52.5573196       30.8332825       21.5653915    
   262.002106       52.5899849       30.8495235       21.5755348    
   262.502106       52.6226273       30.8660965       21.5858746    
   263.002106       52.6554337       30.8827457       21.5965252    
   263.502716       52.6877899       30.8993454       21.6070232    
   264.003418       52.7202034       30.9160061       21.6174927    
   264.503662       52.7521019       30.9324780       21.6275253    
   265.003571       52.7836952       30.9486198       21.6375065    
   265.503632       52.8150558       30.9646187       21.6474323    
   266.003906       52.8464584       30.9807014       21.6572018    
   266.504211       52.8778610       30.9967823       21.6668282    
   267.004211       52.9090767       31.0129852       21.6765079    
   267.504181       52.9401093       31.0294170       21.6863556    
   268.004211       52.9710884       31.0458908       21.6962547    
   268.504639       53.0025520       31.0624256       21.7059307    
   269.005005       53.0338287       31.0788708       21.7154980    
   269.505524       53.0654831       31.0952778       21.7251549    
   270.006104       53.0968628       31.1115932       21.7348251    
   270.507385       53.1279030       31.1275520       21.7443962    
   271.008484       53.1586647       31.1436901       21.7540989    
   271.509552       53.1894379       31.1598988       21.7639503    
   272.010742       53.2201080       31.1759338       21.7737274    
   272.512726       53.2505722       31.1913452       21.7832508    
   273.014587       53.2812004       31.2065201       21.7927723    
   273.516937       53.3118820       31.2217655       21.8025799    
   274.019409       53.3421555       31.2368565       21.8123207    
   274.521393       53.3727379       31.2519608       21.8219624    
   275.023407       53.4038620       31.2671661       21.8316040    
   275.525208       53.4350624       31.2822838       21.8413410    
   276.026978       53.4662628       31.2974491       21.8510056    
   276.529114       53.4973907       31.3125496       21.8605499    
   277.031128       53.5281563       31.3275471       21.8701305    
   277.532745       53.5587692       31.3426361       21.8796253    
   278.034546       53.5893593       31.3573952       21.8889427    
   278.536377       53.6198044       31.3721504       21.8982029    
   279.038025       53.6496010       31.3870029       21.9075871    
   279.539459       53.6791687       31.4018135       21.9169445    
   280.040192       53.7088203       31.4166031       21.9262314    
   280.540588       53.7381477       31.4313736       21.9356003    
   281.040588       53.7675323       31.4460793       21.9448853    
   281.540741       53.7967072       31.4608097       21.9540958    
   282.041046       53.8260727       31.4755802       21.9634743    
   282.541931       53.8555412       31.4904728       21.9728203    
   283.042633       53.8851700       31.5051651       21.9822617    
   283.543396       53.9152718       31.5200939       21.9916630    
   284.044800       53.9452896       31.5349789       22.0010815    
   284.546417       53.9753380       31.5496807       22.0105762    
   285.048126       54.0052795       31.5643711       22.0200405    
   285.549988       54.0349884       31.5790386       22.0292549    
   286.051697       54.0644341       31.5935421       22.0384178    
   286.552948       54.0939064       31.6082268       22.0475178    
   287.054108       54.1233788       31.6228447       22.0565510    
   287.554932       54.1525497       31.6375198       22.0655365    
   288.055725       54.1815605       31.6520977       22.0745296    
   288.556091       54.2104416       31.6665001       22.0836067    
   289.056671       54.2391090       31.6809864       22.0925694    
   289.557068       54.2677689       31.6954060       22.1015720    
   290.057526       54.2964172       31.7094402       22.1104164    
   290.557617       54.3250961       31.7235260       22.1194057    
   291.057495       54.3534851       31.7375717       22.1283321    
   291.557678       54.3820877       31.7515411       22.1372147    
   292.057312       54.4104652       31.7653694       22.1461124    
   292.557251       54.4385643       31.7789421       22.1549740    
   293.056488       54.4663544       31.7924404       22.1637955    
   293.556091       54.4942551       31.8060112       22.1725998    
   294.055328       54.5222778       31.8198166       22.1813507    
   294.554657       54.5501404       31.8332062       22.1900139    
   295.054047       54.5780830       31.8464909       22.1987000    
   295.553253       54.6063614       31.8598022       22.2072601    
   296.052246       54.6345100       31.8730297       22.2158089    
   296.551849       54.6626244       31.8865681       22.2244587    
   297.051483       54.6912689       31.9001904       22.2331047    
   297.551178       54.7194061       31.9136715       22.2416306    
   298.050507       54.7471504       31.9271584       22.2500954    
   298.549866       54.7749710       31.9403000       22.2583141    
   299.049286       54.8027000       31.9535751       22.2665272    
   299.548767       54.8304634       31.9668217       22.2748508    
   300.048065       54.8583145       31.9802532       22.2832203    
   300.547760       54.8862343       31.9937725       22.2917328    
   301.047455       54.9139862       32.0072594       22.3000717    
   301.547302       54.9419670       32.0208931       22.3086967    
   302.047119       54.9700966       32.0343399       22.3173218    
   302.546387       54.9980164       32.0477371       22.3261032    
   303.045990       55.0261536       32.0611534       22.3348923    
   303.545715       55.0540543       32.0745773       22.3437252    
   304.044891       55.0818863       32.0881462       22.3524761    
   304.544708       55.1099319       32.1017990       22.3610325    
   305.043854       55.1379318       32.1154633       22.3696709    
   305.543121       55.1659737       32.1294518       22.3784580    
   306.042053       55.1939850       32.1434441       22.3871765    
   306.540863       55.2218285       32.1574669       22.3959122    
   307.039856       55.2497978       32.1711502       22.4045048    
   307.538727       55.2780571       32.1846008       22.4130306    
   308.038086       55.3061714       32.1981392       22.4214993    
   308.537781       55.3344116       32.2117500       22.4299145    
   309.037201       55.3624878       32.2255173       22.4383125    
   309.536774       55.3906631       32.2390976       22.4467525    
   310.036316       55.4189148       32.2527161       22.4550858    
   310.536621       55.4471855       32.2665291       22.4636116    
   311.036987       55.4755020       32.2801819       22.4722824    
   311.537018       55.5037804       32.2938080       22.4808350    
   312.036804       55.5318680       32.3074074       22.4893227    
   312.536896       55.5601463       32.3209953       22.4978619    
   313.037292       55.5885048       32.3347359       22.5064106    
   313.537628       55.6168175       32.3480568       22.5148811    
   314.037933       55.6448517       32.3611069       22.5231457    
   314.537964       55.6729546       32.3741417       22.5315094    
   315.037872       55.7007675       32.3871460       22.5400600    
   315.537720       55.7287941       32.4004135       22.5485001    
   316.038361       55.7567787       32.4136848       22.5570812    
   316.538879       55.7845421       32.4270439       22.5657253    
   317.039886       55.8124847       32.4406433       22.5743446    
   317.541016       55.8403969       32.4540138       22.5829105    
   318.042419       55.8683929       32.4673386       22.5914097    
   318.543152       55.8960228       32.4806824       22.5997849    
   319.044189       55.9237175       32.4940414       22.6081676    
   319.544739       55.9510574       32.5074997       22.6165257    
   320.045868       55.9779930       32.5209312       22.6248589    
   320.546936       56.0047379       32.5344887       22.6330929    
   321.047577       56.0313416       32.5479431       22.6411438    
   321.547760       56.0580177       32.5612602       22.6491928    
   322.048279       56.0847473       32.5746193       22.6573811    
   322.548645       56.1114349       32.5880547       22.6656494    
   323.049225       56.1379585       32.6012306       22.6737843    
   323.549225       56.1645050       32.6142807       22.6818790    
   324.049286       56.1911201       32.6273193       22.6900311    
   324.549377       56.2178497       32.6402397       22.6982384    
   325.049316       56.2443733       32.6532745       22.7062836    
   325.549255       56.2707138       32.6663399       22.7143478    
   326.049072       56.2969589       32.6796951       22.7225075    
   326.548584       56.3230896       32.6928864       22.7305412    
   327.047821       56.3492508       32.7058640       22.7385998    
   327.546997       56.3752670       32.7189598       22.7465401    
   328.046570       56.4018326       32.7321167       22.7545013    
   328.545807       56.4283714       32.7450523       22.7624264    
   329.045532       56.4546776       32.7577591       22.7703762    
   329.544647       56.4808540       32.7702713       22.7782402    
   330.043762       56.5068436       32.7828560       22.7861977    
   330.542969       56.5327759       32.7952843       22.7940140    
   331.041931       56.5588875       32.8078194       22.8020763    
   331.540649       56.5848923       32.8203049       22.8099976    
   332.038971       56.6106300       32.8328590       22.8180923    
   332.537415       56.6363335       32.8454971       22.8260193    
   333.035980       56.6621056       32.8581085       22.8340302    
   333.534576       56.6878929       32.8706703       22.8419838    
   334.032806       56.7137985       32.8832512       22.8498077    
   334.530762       56.7398491       32.8958359       22.8576927    
   335.028503       56.7659836       32.9083633       22.8654709    
   335.526062       56.7919960       32.9210129       22.8733387    
   336.023529       56.8181076       32.9335938       22.8812542    
   336.521271       56.8439980       32.9461174       22.8892460    
   337.018585       56.8698235       32.9584808       22.8970757    
   337.516296       56.8959618       32.9707909       22.9049053    
   338.013519       56.9221802       32.9830818       22.9127407    
   338.511139       56.9484253       32.9953728       22.9205494    
   339.008850       56.9745178       33.0075760       22.9282894    
   339.506378       57.0004883       33.0196991       22.9359341    
   340.003540       57.0265045       33.0319290       22.9434738    
   340.501038       57.0524025       33.0440903       22.9510231    
   340.998016       57.0779762       33.0562439       22.9583549    
   341.495178       57.1036072       33.0683327       22.9657650    
   341.992249       57.1290092       33.0802765       22.9730568    
   342.489227       57.1542969       33.0922203       22.9802971    
   342.986053       57.1794510       33.1044731       22.9878082    
   343.482788       57.2045784       33.1166916       22.9953842    
   343.979706       57.2295761       33.1289215       23.0029869    
   344.476501       57.2543716       33.1411324       23.0106239    
   344.972656       57.2787628       33.1530342       23.0180779    
   345.469330       57.3030357       33.1649475       23.0254765    
   345.965759       57.3270187       33.1769371       23.0328903    
   346.461517       57.3510361       33.1889038       23.0402622    
   346.957672       57.3752289       33.2007980       23.0476494    
   347.453918       57.3992195       33.2126160       23.0552635    
   347.949890       57.4230995       33.2244568       23.0627995    
   348.445862       57.4468536       33.2361641       23.0703659    
   348.942230       57.4708023       33.2478218       23.0779152    
   349.438599       57.4946251       33.2594986       23.0855103    
   349.934631       57.5179367       33.2711487       23.0928574    
   350.430634       57.5411072       33.2827301       23.1002178    
   350.926270       57.5644150       33.2944984       23.1076469    
   351.421417       57.5877151       33.3059998       23.1150265    
   351.916290       57.6113358       33.3175125       23.1223774    
   352.411316       57.6347923       33.3289604       23.1297340    
   352.906311       57.6578102       33.3404922       23.1369839    
   353.401733       57.6808472       33.3521996       23.1443787    
   353.897247       57.7039452       33.3638458       23.1518230    
   354.392914       57.7271957       33.3753395       23.1592426    
   354.889130       57.7504921       33.3869629       23.1666031    
   355.385773       57.7738152       33.3985672       23.1738262    
   355.882050       57.7971153       33.4101524       23.1811390    
   356.378479       57.8204460       33.4218979       23.1884670    
   356.874786       57.8438606       33.4334450       23.1956425    
   357.371155       57.8672218       33.4452133       23.2028236    
   357.867767       57.8907127       33.4568558       23.2100658    
   358.364807       57.9141312       33.4686050       23.2173767    
   358.861389       57.9375229       33.4804726       23.2247868    
   359.358246       57.9607315       33.4921570       23.2321606    
   359.854706       57.9839668       33.5036545       23.2392139    
   360.351105       58.0073891       33.5152206       23.2463264    
   360.847565       58.0306053       33.5266953       23.2534332    
   361.343964       58.0537720       33.5382080       23.2604980    
   361.840973       58.0772552       33.5497017       23.2675934    
   362.337494       58.1006660       33.5611153       23.2748222    
   362.834045       58.1239471       33.5725594       23.2821159    
   363.330750       58.1469803       33.5838432       23.2891331    
   363.826599       58.1702614       33.5950508       23.2959270    
   364.322784       58.1936569       33.6061287       23.3027287    
   364.819153       58.2173195       33.6171799       23.3095570    
   365.315308       58.2408066       33.6282921       23.3162842    
   365.811340       58.2642860       33.6393089       23.3230019    
   366.307892       58.2875443       33.6503487       23.3298912    
   366.804138       58.3107948       33.6611137       23.3365593    
   367.300385       58.3340874       33.6719551       23.3433590    
   367.796326       58.3574448       33.6828003       23.3501072    
   368.292511       58.3806381       33.6936455       23.3566818    
   368.788361       58.4038658       33.7045975       23.3634892    
   369.284332       58.4269066       33.7156143       23.3704605    
   369.780487       58.4495850       33.7265739       23.3774834    
   370.276855       58.4721260       33.7374420       23.3845730    
   370.773163       58.4947166       33.7482185       23.3917942    
   371.269531       58.5175972       33.7592201       23.3990173    
   371.765717       58.5404015       33.7702904       23.4061642    
   372.261475       58.5630264       33.7813416       23.4132729    
   372.757080       58.5855370       33.7921104       23.4202042    
   373.253174       58.6081390       33.8028831       23.4270096    
   373.749573       58.6307678       33.8136482       23.4339237    
   374.245697       58.6530991       33.8243942       23.4408073    
   374.741638       58.6754799       33.8351517       23.4474888    
   375.237762       58.6979218       33.8459015       23.4541988    
   375.733734       58.7201691       33.8566818       23.4611225    
   376.229614       58.7425156       33.8675423       23.4683056    
   376.725403       58.7650986       33.8784561       23.4756393    
   377.221130       58.7881317       33.8894424       23.4827118    
   377.716522       58.8111076       33.9004288       23.4898415    
   378.212158       58.8338890       33.9115639       23.4969406    
   378.707886       58.8563538       33.9225006       23.5041447    
   379.203796       58.8790283       33.9336014       23.5113716    
   379.699677       58.9014320       33.9445610       23.5184078    
   380.195435       58.9236450       33.9555817       23.5251579    
   380.691742       58.9458771       33.9666901       23.5319500    
   381.188263       58.9681129       33.9776497       23.5384617    
   381.684998       58.9903259       33.9888000       23.5450878    
   382.181915       59.0122299       33.9996948       23.5516262    
   382.678619       59.0340118       34.0105476       23.5581474    
   383.175812       59.0556526       34.0213814       23.5645275    
   383.672760       59.0771141       34.0322151       23.5710640    
   384.169586       59.0988235       34.0430450       23.5776386    
   384.665985       59.1206474       34.0539284       23.5843353    
   385.162659       59.1423683       34.0648537       23.5910778    
   385.658844       59.1642952       34.0758858       23.5978050    
   386.155121       59.1862488       34.0869255       23.6043835    
   386.651062       59.2080803       34.0979919       23.6110058    
   387.147003       59.2297173       34.1087570       23.6176758    
   387.643250       59.2512856       34.1194420       23.6244068    
   388.139404       59.2730560       34.1301270       23.6310081    
   388.635864       59.2949905       34.1408005       23.6375256    
   389.132172       59.3169899       34.1514664       23.6440907    
   389.628540       59.3390045       34.1620445       23.6507530    
   390.124969       59.3607063       34.1723900       23.6573334    
   390.621460       59.3821640       34.1827011       23.6639805    
   391.117859       59.4037781       34.1930313       23.6705074    
   391.613678       59.4253349       34.2034798       23.6770134    
   392.110046       59.4470634       34.2140083       23.6836910    
   392.605957       59.4688110       34.2245369       23.6903439    
   393.102142       59.4904747       34.2350922       23.6968193    
   393.598358       59.5118370       34.2456360       23.7031918    
   394.094543       59.5334053       34.2562752       23.7096024    
   394.590515       59.5547867       34.2670364       23.7160492    
   395.086823       59.5764160       34.2779999       23.7226238    
   395.582550       59.5981941       34.2890053       23.7293568    
   396.078461       59.6200294       34.2997322       23.7359276    
   396.574615       59.6418571       34.3105888       23.7426891    
   397.070282       59.6637535       34.3214912       23.7494621    
   397.566101       59.6857224       34.3325157       23.7562885    
   398.061737       59.7079430       34.3435364       23.7629871    
   398.557465       59.7301369       34.3543892       23.7697086    
   399.053314       59.7523079       34.3652725       23.7762661    
   399.549347       59.7744560       34.3761711       23.7828045    
   400.045593       59.7963676       34.3869324       23.7893181    
   400.541931       59.8183517       34.3976135       23.7958145    
   401.038300       59.8402634       34.4080353       23.8022404    
   401.535126       59.8621712       34.4184608       23.8088589    
   402.031830       59.8840408       34.4287987       23.8153095    
   402.529144       59.9056587       34.4392242       23.8217983    
   403.026276       59.9271011       34.4496956       23.8283424    
   403.522949       59.9486198       34.4601288       23.8348293    
   404.020020       59.9698219       34.4703674       23.8410797    
   404.516541       59.9910049       34.4805984       23.8473244    
   405.013336       60.0120964       34.4907074       23.8537655    
   405.510040       60.0332680       34.5007172       23.8602715    
   406.006653       60.0543594       34.5104752       23.8667927    
   406.503021       60.0754433       34.5204544       23.8734150    
   406.999573       60.0964584       34.5304489       23.8798485    
   407.496552       60.1174927       34.5404663       23.8864555    
   407.993011       60.1384697       34.5504646       23.8931313    
   408.489960       60.1595840       34.5604553       23.8997345    
   408.986938       60.1809044       34.5703545       23.9062996    
   409.483582       60.2022018       34.5804329       23.9129868    
   409.979828       60.2233925       34.5902672       23.9195652    
   410.476715       60.2444038       34.6000595       23.9261379    
   410.973145       60.2651901       34.6098518       23.9325809    
   411.469788       60.2860947       34.6198692       23.9390831    
   411.966431       60.3069611       34.6299973       23.9456902    
   412.462738       60.3277702       34.6400642       23.9523067    
   412.958862       60.3486938       34.6502457       23.9589500    
   413.455139       60.3696632       34.6604614       23.9656105    
   413.951569       60.3903770       34.6704292       23.9722233    
   414.448303       60.4109077       34.6802063       23.9787750    
   414.944275       60.4313812       34.6897850       23.9853382    
   415.440430       60.4520607       34.6995316       23.9917965    
   415.936310       60.4723663       34.7090492       23.9981117    
   416.432159       60.4928360       34.7184906       24.0043793    
   416.928223       60.5132790       34.7278557       24.0105019    
   417.424469       60.5336914       34.7370911       24.0164871    
   417.920502       60.5540962       34.7463303       24.0225468    
   418.416016       60.5744476       34.7557716       24.0286293    
   418.911957       60.5947838       34.7653656       24.0347252    
   419.407684       60.6150856       34.7749672       24.0408249    
   419.903534       60.6355400       34.7846832       24.0469036    
   420.399017       60.6561165       34.7946205       24.0530319    
   420.894928       60.6766891       34.8046417       24.0591393    
   421.390686       60.6971741       34.8147812       24.0653286    
   421.886047       60.7175560       34.8248138       24.0715771    
   422.381226       60.7381516       34.8350639       24.0779476    
   422.876831       60.7588043       34.8452225       24.0842609    
   423.371796       60.7792702       34.8555527       24.0906372    
   423.866760       60.7997169       34.8660812       24.0969429    
   424.361877       60.8198700       34.8764839       24.1033115    
   424.857269       60.8396378       34.8867226       24.1095181    
   425.352448       60.8594971       34.8970871       24.1158504    
   425.847443       60.8793716       34.9073601       24.1220722    
   426.342499       60.8994789       34.9176979       24.1281796    
   426.837708       60.9195480       34.9278412       24.1341438    
   427.332794       60.9395294       34.9381714       24.1402359    
   427.827698       60.9595337       34.9483528       24.1463795    
   428.322784       60.9795265       34.9583855       24.1523991    
   428.817963       60.9996033       34.9685287       24.1584682    
   429.313110       61.0196228       34.9785118       24.1645164    
   429.807983       61.0395203       34.9883575       24.1705055    
   430.302887       61.0593987       34.9980965       24.1765842    
   430.798004       61.0792084       35.0079117       24.1826248    
   431.292572       61.0989609       35.0175858       24.1885433    
   431.787292       61.1188011       35.0273819       24.1945515    
   432.281647       61.1388664       35.0371780       24.2007065    
   432.776276       61.1590309       35.0470161       24.2070389    
   433.271271       61.1793976       35.0568542       24.2133751    
   433.766327       61.1995888       35.0667305       24.2195969    
   434.261871       61.2198639       35.0766258       24.2258472    
   434.757294       61.2395782       35.0863075       24.2319107    
   435.252686       61.2589073       35.0958443       24.2377014    
   435.747711       61.2783241       35.1056480       24.2436237    
   436.242554       61.2977562       35.1153030       24.2493820    
   436.737061       61.3168488       35.1247559       24.2550602    
   437.231934       61.3357658       35.1342735       24.2607937    
   437.726685       61.3544998       35.1435432       24.2664948    
   438.221161       61.3733101       35.1527596       24.2721558    
   438.716003       61.3921204       35.1620979       24.2777195    
   439.210510       61.4110069       35.1714134       24.2834072    
   439.704559       61.4302597       35.1807404       24.2891979    
   440.199158       61.4495049       35.1898499       24.2947903    
   440.693329       61.4687996       35.1988792       24.3002052    
   441.187897       61.4880066       35.2079620       24.3056736    
   441.682617       61.5068169       35.2171516       24.3113441    
   442.177216       61.5255661       35.2262421       24.3170052    
   442.671906       61.5443001       35.2353668       24.3228607    
   443.166534       61.5630608       35.2444725       24.3288250    
   443.661285       61.5818405       35.2534866       24.3347874    
   444.155914       61.6006279       35.2625351       24.3405704    
   444.650879       61.6194305       35.2715187       24.3461704    
   445.145935       61.6383820       35.2804642       24.3517303    
   445.640747       61.6571579       35.2893867       24.3573284    
   446.136108       61.6761017       35.2983971       24.3630733    
   446.630859       61.6948051       35.3074532       24.3688469    
   447.126434       61.7137413       35.3166695       24.3745556    
   447.622498       61.7326927       35.3258553       24.3801174    
   448.118103       61.7515297       35.3348885       24.3856144    
   448.614166       61.7701187       35.3437538       24.3910828    
   449.110260       61.7889404       35.3526001       24.3965683    
   449.606049       61.8078041       35.3614731       24.4021664    
   450.102417       61.8264847       35.3703079       24.4078426    
   450.599152       61.8452034       35.3792725       24.4135876    
   451.095459       61.8640900       35.3885155       24.4194679    
   451.591919       61.8828697       35.3976936       24.4253063    
   452.088348       61.9015579       35.4065895       24.4309883    
   452.584534       61.9204826       35.4154434       24.4366455    
   453.080750       61.9393959       35.4242744       24.4421864    
   453.577393       61.9584770       35.4331856       24.4477558    
   454.073120       61.9774017       35.4421425       24.4533272    
   454.569122       61.9963570       35.4512634       24.4591484    
   455.065216       62.0150948       35.4604225       24.4651031    
   455.561096       62.0339470       35.4697571       24.4710274    
   456.057556       62.0529137       35.4790802       24.4769630    
   456.553406       62.0718269       35.4883881       24.4828262    
   457.049500       62.0907936       35.4977379       24.4887009    
   457.545532       62.1096458       35.5072174       24.4945183    
   458.041962       62.1285667       35.5165367       24.5000954    
   458.537903       62.1474266       35.5257683       24.5056915    
   459.033936       62.1663895       35.5350456       24.5112038    
   459.529602       62.1854057       35.5443687       24.5167789    
   460.025360       62.2046280       35.5537376       24.5224895    
   460.521057       62.2237816       35.5629768       24.5282288    
   461.016663       62.2431831       35.5721092       24.5338402    
   461.512726       62.2626648       35.5813293       24.5396061    
   462.008606       62.2820091       35.5904121       24.5453300    
   462.504456       62.3012238       35.5991821       24.5508976    
   463.000793       62.3204956       35.6079330       24.5564747    
   463.497467       62.3398590       35.6164131       24.5619392    
   463.994202       62.3594742       35.6250381       24.5673466    
   464.490936       62.3790703       35.6336555       24.5728073    
   464.987549       62.3984070       35.6422920       24.5781784    
   465.484467       62.4175949       35.6507301       24.5834885    
   465.981018       62.4367523       35.6590652       24.5888481    
   466.477386       62.4558563       35.6673622       24.5941944    
   466.973602       62.4752579       35.6759453       24.5996742    
   467.470032       62.4949303       35.6846657       24.6052341    
   467.966827       62.5145378       35.6933250       24.6107960    
   468.463135       62.5340424       35.7021332       24.6164322    
   468.959259       62.5533562       35.7109795       24.6219883    
   469.455353       62.5726471       35.7197304       24.6274872    
   469.951172       62.5918846       35.7284775       24.6329918    
   470.447174       62.6108818       35.7372780       24.6386070    
   470.943237       62.6298065       35.7461433       24.6441860    
   471.438965       62.6486626       35.7549515       24.6497192    
   471.934937       62.6674118       35.7636108       24.6552467    
   472.430817       62.6859665       35.7722588       24.6606731    
   472.926666       62.7045326       35.7809792       24.6662083    
   473.422516       62.7231598       35.7897072       24.6717491    
   473.918030       62.7417984       35.7982292       24.6771870    
   474.413269       62.7603416       35.8065872       24.6823502    
   474.908844       62.7788010       35.8148804       24.6875305    
   475.404327       62.7972412       35.8231010       24.6926880    
   475.899506       62.8157730       35.8312149       24.6977024    
   476.394867       62.8342552       35.8395386       24.7028732    
   476.890289       62.8526840       35.8478661       24.7080269    
   477.386353       62.8710861       35.8561211       24.7132282    
   477.881958       62.8892593       35.8643684       24.7184525    
   478.377502       62.9073410       35.8725433       24.7235851    
   478.872833       62.9254036       35.8807182       24.7287922    
   479.368561       62.9435234       35.8888893       24.7341442    
   479.864258       62.9617920       35.8971062       24.7395859    
   480.359772       62.9799652       35.9055977       24.7450714    
   480.855377       62.9981689       35.9140091       24.7503872    
   481.350800       63.0164032       35.9225731       24.7557983    
   481.846558       63.0345345       35.9312057       24.7612247    
   482.342316       63.0528870       35.9399223       24.7665997    
   482.838043       63.0713501       35.9485931       24.7718639    
   483.333435       63.0896378       35.9573669       24.7772217    
   483.828186       63.1081581       35.9662437       24.7825394    
   484.323029       63.1266251       35.9750328       24.7878685    
   484.817749       63.1451302       35.9837990       24.7931824    
   485.312683       63.1635666       35.9925995       24.7985229    
   485.806976       63.1817970       36.0013542       24.8038654    
   486.302094       63.2000885       36.0099907       24.8091507    
   486.796906       63.2184067       36.0186577       24.8144112    
   487.291565       63.2365990       36.0270462       24.8196449    
   487.786377       63.2547455       36.0352783       24.8250217    
   488.281372       63.2728767       36.0435791       24.8304596    
   488.775909       63.2909851       36.0519409       24.8358059    
   489.270569       63.3089790       36.0602570       24.8410473    
   489.765289       63.3271790       36.0686722       24.8463135    
   490.260223       63.3451233       36.0770149       24.8515491    
   490.754913       63.3631172       36.0854759       24.8569870    
   491.249207       63.3809052       36.0937996       24.8622360    
   491.743683       63.3983040       36.1020622       24.8674850    
   492.238586       63.4156990       36.1101837       24.8727303    
   492.733368       63.4331741       36.1184578       24.8780270    
   493.227661       63.4506226       36.1268311       24.8833656    
   493.721985       63.4683228       36.1350594       24.8886375    
   494.216156       63.4860497       36.1431808       24.8939610    
   494.710358       63.5037003       36.1513023       24.8993282    
   495.204926       63.5214081       36.1593971       24.9045849    
   495.699585       63.5390358       36.1676216       24.9097729    
   496.194489       63.5565796       36.1757545       24.9149418    
   496.689484       63.5739250       36.1838646       24.9202328    
   497.183899       63.5912056       36.1918983       24.9255257    
   497.678436       63.6084900       36.2000427       24.9308491    
