              NaN              NaN              NaN              NaN
  -1.85260375E-03  -6.10421994E-04   8.90789030E-04  -2.79534957E-04
  -1.84016395E-03  -1.37393863E-03   1.46645680E-03  -3.50908842E-03
   7.57454836E-05   2.54802709E-03   3.65602621E-03  -4.34500445E-03
  -1.65373040E-03   1.87147048E-03   3.53967102E-04  -4.16776957E-03
  -4.80751228E-03  -1.56238023E-03  -1.20941119E-03  -4.78751119E-03
  -5.45920385E-03  -2.62605632E-03  -3.95977841E-04  -4.79443744E-03
  -5.32635069E-03  -2.98852357E-03  -9.29730304E-04  -7.58556137E-03
  -3.03354068E-03  -1.26425095E-03  -2.03580275E-04  -7.41666695E-03
  -1.04537827E-03   1.21096906E-03  -9.14469245E-04  -9.52749699E-03
  -7.65993434E-04   1.11133954E-03  -1.41784345E-04  -9.86156426E-03
   1.17235206E-04   4.50903055E-04   1.81144348E-03  -1.04115633E-02
   5.67934243E-04  -2.02894043E-05   3.83944949E-03  -8.48142803E-03
   1.82948075E-03  -3.57130921E-04   4.67149122E-03  -5.48411813E-03
   1.98808685E-03   2.65114970E-04   4.71744174E-03  -4.91450028E-03
   1.50537700E-03   7.12153444E-04   5.77890640E-03  -3.81673337E-03
   2.13600183E-03   8.32862454E-04   5.00906026E-03  -1.45883625E-03
   1.26883236E-03   2.62047583E-03   4.54287045E-03  -3.22457840E-04
   1.60413765E-04   4.54366906E-03   3.16746370E-03   1.24455825E-03
  -7.52083783E-04   6.43427856E-03   1.73784618E-03   2.39968812E-03
  -7.84800795E-04   7.86534790E-03  -4.29906533E-04   2.90160463E-03
  -5.28842793E-04   7.83208106E-03  -1.42528454E-03   2.88957381E-03
  -2.65599781E-04   8.16105772E-03  -3.04882927E-03   2.06210068E-03
  -4.77952854E-04   8.02359544E-03  -4.30521136E-03   1.43235980E-03
  -8.11382430E-04   7.85142276E-03  -6.08350756E-03   5.83304907E-04
  -1.06536015E-03   7.61551457E-03  -7.63730612E-03   4.75835077E-05
  -1.55340950E-03   7.77654303E-03  -8.51963181E-03   6.25442888E-04
  -2.32450059E-03   7.40070594E-03  -9.19127278E-03   6.89934241E-04
  -2.99209123E-03   6.82236254E-03  -9.94913001E-03   1.52480486E-03
  -3.56079778E-03   6.57548616E-03  -1.07032070E-02   1.64075987E-03
  -4.23200196E-03   6.20886451E-03  -1.11997304E-02   1.47066195E-03
  -4.64161858E-03   5.81244146E-03  -1.10566784E-02   1.14112545E-03
  -4.93235933E-03   5.38379559E-03  -1.15583492E-02   6.56318094E-04
  -5.40299295E-03   5.00990776E-03  -1.18742585E-02   2.43998657E-04
  -6.08530827E-03   4.30831127E-03  -1.21806534E-02   6.08304163E-07
  -6.66241627E-03   3.61400354E-03  -1.14638973E-02  -3.58104808E-05
  -7.17087509E-03   3.08157690E-03  -1.03375232E-02  -2.75809580E-04
  -7.57082179E-03   3.12492577E-03  -9.76454001E-03  -7.83102121E-04
  -7.84083735E-03   2.75334436E-03  -8.51219427E-03  -3.54548421E-04
  -8.07605218E-03   2.33174209E-03  -7.77972443E-03  -7.35113746E-04
  -8.32369551E-03   1.59303867E-03  -6.63218135E-03  -9.64961539E-04
  -8.54153838E-03   7.12364097E-04  -5.58728259E-03  -7.63211981E-04
  -8.53447150E-03   9.35727730E-05  -4.57607908E-03  -2.33359504E-04
  -8.47236440E-03  -2.44850497E-04  -3.76237137E-03   6.30892755E-04
  -8.32816307E-03  -1.10229856E-04  -2.96716322E-03   1.62930391E-03
  -8.16633180E-03   6.12190051E-05  -1.64105301E-03   2.92568700E-03
  -8.00775178E-03   5.22011716E-04  -1.15339295E-04   3.82452458E-03
  -7.82537088E-03   7.04452978E-04   1.30492111E-03   4.11802810E-03
  -7.86412694E-03   8.64548492E-04   2.53476575E-03   4.19726782E-03
  -7.90310092E-03   1.00381905E-03   3.32027394E-03   4.36428888E-03
  -8.01850203E-03   6.64268271E-04   3.77410697E-03   4.43287659E-03
  -8.18270817E-03   3.49895447E-04   3.86276282E-03   4.32643015E-03
  -8.46570823E-03   1.59016810E-04   3.99997691E-03   3.95675143E-03
  -8.62815231E-03   1.15635659E-04   3.98972165E-03   3.49877379E-03
  -8.73391051E-03   1.05894091E-04   4.10609506E-03   3.03276326E-03
  -8.85423180E-03  -1.78926144E-04   4.11058217E-03   2.44538090E-03
  -8.93578306E-03  -4.22743236E-04   3.84677411E-03   2.16085347E-03
  -8.97182059E-03  -1.10058591E-03   3.46495258E-03   1.79782184E-03
  -9.08682682E-03  -1.75866566E-03   2.86339736E-03   1.53276022E-03
  -9.15239006E-03  -2.40521133E-03   2.22661439E-03   1.11058785E-03
  -9.13930219E-03  -2.86963908E-03   1.70244509E-03   5.82211185E-04
  -9.16308537E-03  -3.35936341E-03   1.12210424E-03   2.05188393E-04
  -9.29957163E-03  -3.71319847E-03   1.09461881E-03  -3.46217494E-05
  -9.45976004E-03  -4.21560835E-03   1.25442573E-03  -3.46116110E-04
  -9.55312978E-03  -4.72150650E-03   1.68021861E-03  -7.48504419E-04
  -9.48046241E-03  -5.02416538E-03   1.86962564E-03  -1.21301156E-03
  -9.46534704E-03  -5.52572031E-03   1.95454480E-03  -1.66061556E-03
  -9.45218466E-03  -5.91927115E-03   2.04921165E-03  -2.07049260E-03
  -9.41780489E-03  -6.65475661E-03   2.30344152E-03  -2.05297093E-03
  -9.38148610E-03  -7.17036147E-03   3.05912015E-03  -2.22597807E-03
  -9.30239167E-03  -7.51069933E-03   3.75409285E-03  -2.59429356E-03
  -9.12884902E-03  -7.79338786E-03   4.47426410E-03  -3.03634699E-03
  -8.91717244E-03  -8.21406115E-03   4.97676851E-03  -3.09409411E-03
  -8.59678444E-03  -8.58344976E-03   5.43746678E-03  -3.24537768E-03
  -8.30824487E-03  -8.80627055E-03   5.80071192E-03  -3.23829474E-03
  -8.03952664E-03  -9.12601687E-03   6.13479596E-03  -3.12796771E-03
  -7.70484982E-03  -9.40232538E-03   6.37693331E-03  -2.87181186E-03
  -7.46097555E-03  -9.65207350E-03   6.39783358E-03  -2.34174402E-03
  -7.26495776E-03  -1.00371987E-02   6.45980332E-03  -1.90675294E-03
  -7.08028767E-03  -1.04276165E-02   6.69511408E-03  -1.60266459E-03
  -6.86225528E-03  -1.08129764E-02   6.62942789E-03  -1.10624079E-03
  -6.72627660E-03  -1.11710439E-02   6.75569242E-03  -9.06576868E-04
  -6.46766787E-03  -1.14711765E-02   6.93706516E-03  -6.46894972E-04
  -6.27746433E-03  -1.17230183E-02   7.31243333E-03  -4.54919587E-04
  -6.07474567E-03  -1.18197231E-02   7.71244010E-03  -2.98869069E-04
  -5.88749815E-03  -1.19631207E-02   8.00148491E-03   2.55984400E-04
  -5.69376815E-03  -1.19889881E-02   8.47983919E-03   7.67799967E-04
  -5.54450508E-03  -1.19521692E-02   8.78112204E-03   1.05191639E-03
  -5.33212023E-03  -1.19175790E-02   8.86836648E-03   1.47608691E-03
  -5.17255161E-03  -1.18759936E-02   8.85900855E-03   1.87094160E-03
  -5.03696920E-03  -1.17958039E-02   8.82031210E-03   2.11909390E-03
  -4.91550146E-03  -1.18322717E-02   8.93548597E-03   2.24439800E-03
  -4.82385373E-03  -1.18054710E-02   8.99585430E-03   2.20558327E-03
  -4.77100397E-03  -1.16222696E-02   9.20788944E-03   2.07413058E-03
  -4.76245256E-03  -1.13901561E-02   9.31004621E-03   2.16131704E-03
  -4.74857399E-03  -1.13569014E-02   9.60203726E-03   2.13491730E-03
  -4.75461176E-03  -1.13872243E-02   1.00520207E-02   2.18771235E-03
  -4.75408649E-03  -1.13894073E-02   1.04187625E-02   2.12136167E-03
  -4.76807402E-03  -1.13260243E-02   1.08230971E-02   1.83144317E-03
  -4.79777763E-03  -1.11884717E-02   1.10906502E-02   1.64316071E-03
  -4.91739437E-03  -1.10953655E-02   1.12121785E-02   1.50019280E-03
  -5.04456693E-03  -1.10442610E-02   1.13841202E-02   1.31770421E-03
  -5.22860605E-03  -1.11102536E-02   1.16978688E-02   1.20419753E-03
  -5.36762876E-03  -1.09968120E-02   1.20178629E-02   1.01267046E-03
  -5.44347055E-03  -1.07626384E-02   1.22867757E-02   8.94530851E-04
  -5.58277965E-03  -1.06156515E-02   1.24360677E-02   6.41222927E-04
  -5.67831891E-03  -1.05966693E-02   1.27892056E-02   4.01207741E-04
  -5.77980746E-03  -1.06663955E-02   1.30558051E-02   2.23641196E-04
  -5.86594921E-03  -1.06844520E-02   1.33784609E-02   5.29583303E-06
  -5.97772282E-03  -1.06844874E-02   1.38409995E-02  -2.67152063E-04
  -6.08151313E-03  -1.06985308E-02   1.43909957E-02  -6.79318036E-04
  -6.19937060E-03  -1.07212206E-02   1.47714224E-02  -1.04854419E-03
  -6.33832812E-03  -1.05222147E-02   1.50937857E-02  -1.39744475E-03
  -6.44779764E-03  -1.03267403E-02   1.54841216E-02  -1.83940236E-03
  -6.58835890E-03  -1.02264583E-02   1.57656632E-02  -2.01983051E-03
  -6.66292664E-03  -1.01054460E-02   1.59120001E-02  -2.11835629E-03
  -6.70764642E-03  -9.93448310E-03   1.61947664E-02  -2.10826052E-03
  -6.77866209E-03  -9.67456400E-03   1.63169913E-02  -2.17357068E-03
  -6.86525134E-03  -9.29578859E-03   1.64345670E-02  -2.16809241E-03
  -6.95426948E-03  -9.00723692E-03   1.64759420E-02  -2.04470288E-03
  -7.04930956E-03  -8.73132329E-03   1.64764281E-02  -1.94206054E-03
  -7.12541724E-03  -8.49172194E-03   1.64451823E-02  -1.56969076E-03
  -7.16356514E-03  -8.17579310E-03   1.63720548E-02  -1.20526645E-03
  -7.16705620E-03  -7.97234662E-03   1.64297875E-02  -9.58953926E-04
  -7.16368062E-03  -7.75476499E-03   1.62856169E-02  -5.31442463E-04
  -7.14769075E-03  -7.60051329E-03   1.62371900E-02  -1.63269506E-04
  -7.14316964E-03  -7.41389021E-03   1.62828881E-02   2.23810493E-04
  -7.08767911E-03  -7.34372856E-03   1.64418276E-02   3.93147173E-04
  -7.07167480E-03  -7.38803018E-03   1.66073386E-02   7.67300313E-04
  -7.09894951E-03  -7.36918952E-03   1.66383572E-02   9.91686247E-04
  -7.10973702E-03  -7.45755434E-03   1.66093297E-02   1.30393647E-03
  -7.09822401E-03  -7.49878958E-03   1.65329147E-02   1.67466828E-03
  -7.10345432E-03  -7.43681146E-03   1.64540876E-02   1.95102440E-03
  -7.07608415E-03  -7.34353578E-03   1.64326988E-02   2.17282376E-03
  -7.05990428E-03  -7.18999887E-03   1.63558591E-02   2.29514297E-03
  -7.00200489E-03  -7.03618629E-03   1.63571462E-02   2.52068089E-03
  -6.90472964E-03  -6.83832914E-03   1.64687540E-02   2.60088430E-03
  -6.82173064E-03  -6.58887299E-03   1.65813286E-02   2.65003019E-03
  -6.75034383E-03  -6.49410626E-03   1.67698115E-02   2.74600321E-03
  -6.69970643E-03  -6.41502021E-03   1.68290399E-02   2.82702246E-03
  -6.65995106E-03  -6.25218917E-03   1.69532225E-02   2.97996169E-03
  -6.62100082E-03  -6.06506085E-03   1.71092711E-02   3.25350696E-03
  -6.58128178E-03  -5.87184308E-03   1.72117651E-02   3.44596361E-03
  -6.53408375E-03  -5.80912875E-03   1.73792783E-02   3.67544102E-03
  -6.48775790E-03  -5.76069020E-03   1.75789762E-02   3.81919160E-03
  -6.45522960E-03  -5.86081157E-03   1.77289043E-02   3.80029064E-03
  -6.42227894E-03  -5.97949559E-03   1.78583637E-02   3.72814061E-03
  -6.37628045E-03  -5.96634531E-03   1.79795511E-02   3.70639563E-03
  -6.35178760E-03  -5.95885469E-03   1.80342253E-02   3.61988321E-03
  -6.31017005E-03  -5.90805011E-03   1.81002691E-02   3.48389684E-03
  -6.27261214E-03  -5.91178704E-03   1.81957837E-02   3.22670257E-03
  -6.22553332E-03  -5.81071293E-03   1.82926003E-02   3.05204117E-03
  -6.18423196E-03  -5.76670328E-03   1.83826610E-02   2.73476611E-03
  -6.15926646E-03  -5.66138327E-03   1.84931140E-02   2.46295310E-03
  -6.14684727E-03  -5.54904155E-03   1.85005162E-02   2.17217742E-03
  -6.12166617E-03  -5.50168753E-03   1.83134601E-02   2.09914357E-03
  -6.08318159E-03  -5.53001696E-03   1.82921272E-02   1.98111357E-03
  -6.04429049E-03  -5.54829324E-03   1.82865411E-02   2.00693682E-03
  -5.99731458E-03  -5.52099012E-03   1.83086898E-02   2.19172635E-03
  -5.93031477E-03  -5.43229654E-03   1.82735324E-02   2.40727421E-03
  -5.85557055E-03  -5.39695704E-03   1.81866884E-02   2.46824115E-03
  -5.77804260E-03  -5.37670264E-03   1.81576498E-02   2.63038883E-03
  -5.70773007E-03  -5.34122344E-03   1.81750972E-02   2.80012004E-03
  -5.62267611E-03  -5.28615294E-03   1.80916451E-02   2.75410153E-03
  -5.52705862E-03  -5.18991845E-03   1.79297365E-02   2.69522541E-03
  -5.44188032E-03  -5.21129323E-03   1.77344549E-02   2.78132898E-03
  -5.35804732E-03  -5.16060088E-03   1.76811870E-02   2.85133813E-03
  -5.31686563E-03  -5.11124916E-03   1.75660811E-02   2.74817343E-03
  -5.29376883E-03  -5.11297397E-03   1.72970649E-02   2.51856865E-03
  -5.25484933E-03  -5.14760846E-03   1.70408152E-02   2.27944506E-03
  -5.22569520E-03  -5.18900855E-03   1.67570002E-02   2.02673627E-03
  -5.19696623E-03  -5.26056020E-03   1.65491570E-02   1.79242319E-03
  -5.16793830E-03  -5.35818888E-03   1.62766799E-02   1.61600101E-03
  -5.11312904E-03  -5.47050918E-03   1.61235109E-02   1.40807743E-03
  -5.05782897E-03  -5.42932609E-03   1.59845836E-02   1.10148266E-03
  -4.99062845E-03  -5.42906532E-03   1.58754867E-02   6.21017301E-04
  -4.93057771E-03  -5.49616897E-03   1.58516448E-02   1.03509934E-04
  -4.87398822E-03  -5.56899095E-03   1.58220287E-02  -2.84051115E-04
  -4.83283866E-03  -5.58394939E-03   1.58513095E-02  -5.95377467E-04
  -4.81418800E-03  -5.61069837E-03   1.59790367E-02  -8.17458436E-04
  -4.77679633E-03  -5.68174757E-03   1.61383115E-02  -9.55187657E-04
  -4.72513307E-03  -5.66336373E-03   1.62620693E-02  -9.67867556E-04
  -4.69342759E-03  -5.64393261E-03   1.63107216E-02  -1.07299513E-03
  -4.66217799E-03  -5.66460239E-03   1.63321365E-02  -1.05664099E-03
  -4.63383505E-03  -5.67008602E-03   1.62773579E-02  -1.06080249E-03
  -4.60135937E-03  -5.71306236E-03   1.61101930E-02  -1.00240891E-03
  -4.57246555E-03  -5.72557189E-03   1.59282908E-02  -9.12094314E-04
  -4.52723866E-03  -5.76734962E-03   1.57411639E-02  -9.38318088E-04
  -4.47616959E-03  -5.78983966E-03   1.56179946E-02  -8.69294396E-04
  -4.41455236E-03  -5.76581387E-03   1.54873515E-02  -8.33576662E-04
  -4.34382958E-03  -5.78961289E-03   1.53273558E-02  -1.02900248E-03
  -4.25743451E-03  -5.85589930E-03   1.50617315E-02  -1.18280679E-03
  -4.16857470E-03  -5.93000231E-03   1.48854600E-02  -1.41263893E-03
  -4.06927941E-03  -6.02173992E-03   1.47062195E-02  -1.65655557E-03
  -3.98651836E-03  -6.14082953E-03   1.45886382E-02  -1.95054780E-03
  -3.89037514E-03  -6.24377513E-03   1.44703006E-02  -2.12141220E-03
  -3.80674959E-03  -6.45373203E-03   1.43055841E-02  -2.18190905E-03
  -3.74235562E-03  -6.60973648E-03   1.41000394E-02  -2.07000761E-03
  -3.67001072E-03  -6.70256186E-03   1.38143674E-02  -1.99666875E-03
  -3.61647783E-03  -6.83499686E-03   1.36287650E-02  -1.98245212E-03
  -3.57243046E-03  -6.95769815E-03   1.34409517E-02  -1.83714903E-03
  -3.52641568E-03  -7.00961845E-03   1.33285867E-02  -1.74428942E-03
  -3.46490229E-03  -7.05395360E-03   1.32078864E-02  -1.63458497E-03
  -3.40969255E-03  -7.12229218E-03   1.30288387E-02  -1.46130938E-03
  -3.35456152E-03  -7.22782221E-03   1.28403464E-02  -1.33710715E-03
  -3.28772631E-03  -7.30129238E-03   1.26007665E-02  -1.26927719E-03
  -3.21534509E-03  -7.31270202E-03   1.22605432E-02  -1.16717909E-03
  -3.14277341E-03  -7.35672610E-03   1.20083466E-02  -1.12530030E-03
  -3.09505779E-03  -7.32014515E-03   1.18134748E-02  -1.11297774E-03
  -3.04811029E-03  -7.22338539E-03   1.16059808E-02  -1.07494532E-03
  -2.98923720E-03  -7.12254643E-03   1.14482529E-02  -9.62921476E-04
  -2.94267107E-03  -7.02477479E-03   1.13540338E-02  -8.35780287E-04
  -2.88440101E-03  -6.97181141E-03   1.12301074E-02  -7.58331851E-04
  -2.81629781E-03  -6.92113629E-03   1.10018495E-02  -6.93102076E-04
  -2.74728215E-03  -6.91589434E-03   1.07882172E-02  -7.24826707E-04
  -2.66750180E-03  -6.90143323E-03   1.06390798E-02  -8.01210525E-04
  -2.56969151E-03  -6.93076197E-03   1.04333209E-02  -7.89621263E-04
  -2.46901740E-03  -6.97256951E-03   1.01892743E-02  -8.35635175E-04
  -2.37156195E-03  -7.00355740E-03   9.93820559E-03  -7.76179251E-04
  -2.27567344E-03  -7.02867983E-03   9.76189598E-03  -6.97958807E-04
  -2.20057112E-03  -6.99589914E-03   9.59474780E-03  -6.79776887E-04
  -2.13638158E-03  -6.99903071E-03   9.46088787E-03  -6.65346568E-04
  -2.05483427E-03  -6.95056980E-03   9.39263683E-03  -6.50502450E-04
  -1.96866598E-03  -6.95823785E-03   9.33785178E-03  -7.01648532E-04
  -1.89093954E-03  -7.00765150E-03   9.27389134E-03  -7.43127544E-04
  -1.82735897E-03  -7.04381336E-03   9.18285735E-03  -7.83638796E-04
  -1.76795979E-03  -7.12456834E-03   9.05750599E-03  -8.14084022E-04
  -1.71248347E-03  -7.28875026E-03   8.89344513E-03  -8.44001828E-04
  -1.66161067E-03  -7.48596620E-03   8.73500109E-03  -8.72746634E-04
  -1.59495196E-03  -7.65414909E-03   8.54913425E-03  -8.41181609E-04
  -1.56047521E-03  -7.77358329E-03   8.39225203E-03  -8.98610626E-04
  -1.51862961E-03  -7.88215268E-03   8.24189559E-03  -1.01779902E-03
  -1.49391498E-03  -8.02146457E-03   8.05136934E-03  -1.06142589E-03
  -1.46153918E-03  -8.16642772E-03   7.81593006E-03  -9.85479681E-04
  -1.43328554E-03  -8.32169689E-03   7.62416376E-03  -9.27452988E-04
  -1.39719550E-03  -8.46016128E-03   7.43596489E-03  -9.32583585E-04
  -1.34035945E-03  -8.59194715E-03   7.27707660E-03  -1.03875587E-03
  -1.28870946E-03  -8.78381263E-03   7.13127898E-03  -1.19032699E-03
  -1.21489947E-03  -8.95244908E-03   6.93996716E-03  -1.42709736E-03
  -1.14181871E-03  -9.14417021E-03   6.70180423E-03  -1.64560182E-03
  -1.06170040E-03  -9.32744797E-03   6.48404378E-03  -1.80872460E-03
  -9.92869027E-04  -9.49774683E-03   6.37372769E-03  -2.02318956E-03
  -9.26083070E-04  -9.64576285E-03   6.28816895E-03  -2.15470884E-03
  -8.56535858E-04  -9.73818265E-03   6.17912598E-03  -2.24659801E-03
  -7.82596122E-04  -9.80012771E-03   6.07886817E-03  -2.30851630E-03
  -7.29417487E-04  -9.91618726E-03   5.91648975E-03  -2.32731574E-03
  -6.74741226E-04  -1.00249369E-02   5.76556800E-03  -2.26731738E-03
  -6.29415852E-04  -1.00806095E-02   5.56669803E-03  -2.13164301E-03
  -5.97580336E-04  -1.00625176E-02   5.37261041E-03  -1.99479586E-03
  -5.77469240E-04  -1.00354515E-02   5.25387097E-03  -1.85520493E-03
  -5.47821925E-04  -1.00488085E-02   5.09976409E-03  -1.80702773E-03
  -5.24456729E-04  -1.00334436E-02   4.97247372E-03  -1.66743761E-03
  -5.20656467E-04  -1.00753503E-02   4.84095747E-03  -1.52833620E-03
  -5.06470213E-04  -1.00945216E-02   4.78045037E-03  -1.40987337E-03
  -4.88052960E-04  -1.00885490E-02   4.73076524E-03  -1.24056148E-03
  -4.47385333E-04  -1.00931255E-02   4.69645346E-03  -1.03613781E-03
  -3.99658049E-04  -1.01068979E-02   4.60448861E-03  -8.60210857E-04
  -3.50615795E-04  -1.01193208E-02   4.50319936E-03  -6.34490221E-04
  -3.01412510E-04  -1.01276282E-02   4.38146386E-03  -4.67290462E-04
  -2.47672026E-04  -1.01315519E-02   4.19644080E-03  -3.15808400E-04
  -2.04719792E-04  -1.01284264E-02   4.05658269E-03  -1.53207162E-04
  -1.56556926E-04  -1.01001197E-02   3.89024080E-03  -7.52199630E-05
  -1.12874965E-04  -1.00599611E-02   3.74090485E-03  -4.02412334E-05
  -6.44458778E-05  -1.00108022E-02   3.66474269E-03   3.83751867E-05
  -2.21706741E-05  -9.96716972E-03   3.61989252E-03   1.68534345E-04
   2.95044410E-05  -9.96576902E-03   3.57569056E-03   3.22098873E-04
   8.51676887E-05  -9.97481123E-03   3.57130100E-03   3.92228219E-04
   1.39340133E-04  -9.99759324E-03   3.57754831E-03   3.98708769E-04
   2.05041826E-04  -1.00452034E-02   3.64711601E-03   4.53258777E-04
   2.58882472E-04  -1.00712962E-02   3.71260103E-03   4.71650012E-04
   3.28461581E-04  -1.00501888E-02   3.78741510E-03   4.52054170E-04
   3.96137155E-04  -1.00418618E-02   3.87270842E-03   3.49557900E-04
   4.73003660E-04  -9.99564212E-03   3.96616897E-03   2.72191042E-04
   5.54374885E-04  -9.90834460E-03   4.04044194E-03   1.72958680E-04
   6.35651930E-04  -9.81919281E-03   4.12540277E-03   1.16494273E-04
   7.10895867E-04  -9.78073943E-03   4.24886588E-03   6.55612967E-05
   7.83644733E-04  -9.74078476E-03   4.34183283E-03   4.99766247E-05
   8.69683048E-04  -9.71449073E-03   4.48319642E-03   3.48242211E-05
   9.43094550E-04  -9.72006749E-03   4.59593022E-03   2.13957010E-05
   1.02070044E-03  -9.67205502E-03   4.64237342E-03  -4.87020952E-05
   1.09141844E-03  -9.65504348E-03   4.68718912E-03  -5.41667287E-05
   1.17539032E-03  -9.63970833E-03   4.68547968E-03  -7.47248923E-05
   1.25628535E-03  -9.66729783E-03   4.63111559E-03  -4.88219375E-05
   1.33900787E-03  -9.69671365E-03   4.54762718E-03   8.16869033E-06
   1.40756101E-03  -9.70461685E-03   4.53771278E-03   1.09069253E-04
   1.46012916E-03  -9.67271999E-03   4.52170614E-03   2.23296491E-04
   1.50612765E-03  -9.64145642E-03   4.47656075E-03   3.51028546E-04
   1.54992589E-03  -9.58388951E-03   4.38584760E-03   4.86431672E-04
   1.59879553E-03  -9.51054972E-03   4.29268880E-03   7.20643438E-04
   1.66108692E-03  -9.49067716E-03   4.20591282E-03   9.37484961E-04
   1.72001321E-03  -9.44968499E-03   4.13330505E-03   1.22176087E-03
   1.78073044E-03  -9.43472423E-03   4.05503018E-03   1.50051678E-03
   1.84928661E-03  -9.42756329E-03   3.98776820E-03   1.73700345E-03
   1.90352264E-03  -9.43277683E-03   3.96144809E-03   1.89774588E-03
   1.96104916E-03  -9.46154725E-03   3.95161705E-03   2.02911324E-03
   2.00532516E-03  -9.47039854E-03   3.93479271E-03   2.13799463E-03
   2.05339864E-03  -9.47736297E-03   3.93551774E-03   2.26696441E-03
   2.10745493E-03  -9.45917144E-03   3.98780592E-03   2.32929364E-03
   2.16738484E-03  -9.44270194E-03   3.99270793E-03   2.38225562E-03
   2.22088373E-03  -9.42280795E-03   4.01736889E-03   2.43898504E-03
   2.26882310E-03  -9.41689592E-03   4.05869121E-03   2.50999629E-03
   2.31566536E-03  -9.42224357E-03   4.16074460E-03   2.59130192E-03
   2.36108992E-03  -9.44669824E-03   4.26613493E-03   2.69605475E-03
   2.39293673E-03  -9.44273919E-03   4.30540554E-03   2.83163926E-03
   2.43268022E-03  -9.41243395E-03   4.33988264E-03   2.90988106E-03
   2.47452990E-03  -9.44278482E-03   4.34607081E-03   2.97784107E-03
   2.51187664E-03  -9.43844672E-03   4.35450673E-03   2.98312539E-03
   2.56253779E-03  -9.44578648E-03   4.38009435E-03   2.98790936E-03
   2.60251900E-03  -9.42470971E-03   4.36489284E-03   2.96840444E-03
   2.64767534E-03  -9.38761048E-03   4.34880005E-03   2.94260145E-03
   2.68754107E-03  -9.36907250E-03   4.32976848E-03   2.91692163E-03
   2.72970647E-03  -9.33577586E-03   4.29274840E-03   2.91788252E-03
   2.77296128E-03  -9.30528063E-03   4.19007847E-03   2.92562856E-03
   2.81385984E-03  -9.27831698E-03   4.14034771E-03   2.93245888E-03
   2.84858490E-03  -9.22599342E-03   4.09958465E-03   2.92452960E-03
   2.87408382E-03  -9.15289484E-03   4.12625819E-03   2.89379875E-03
   2.89918017E-03  -9.05988738E-03   4.20492562E-03   2.91687530E-03
   2.91668740E-03  -8.93469714E-03   4.28929506E-03   2.99757766E-03
   2.91890162E-03  -8.79268069E-03   4.35954006E-03   3.08566238E-03
   2.91816867E-03  -8.67542252E-03   4.42372775E-03   3.14614037E-03
   2.91993306E-03  -8.56620166E-03   4.47882479E-03   3.16508580E-03
   2.92447675E-03  -8.50075576E-03   4.51901555E-03   3.24533181E-03
   2.92137847E-03  -8.45596753E-03   4.54058265E-03   3.30253970E-03
   2.92281387E-03  -8.40974413E-03   4.57904255E-03   3.35499644E-03
   2.90928804E-03  -8.35020002E-03   4.66127461E-03   3.42577323E-03
   2.89106695E-03  -8.26861709E-03   4.70338389E-03   3.56015167E-03
   2.87227822E-03  -8.17060377E-03   4.76098433E-03   3.69214779E-03
   2.85022240E-03  -8.09591450E-03   4.77852346E-03   3.75972339E-03
   2.83637643E-03  -8.02669208E-03   4.79771895E-03   3.75540252E-03
   2.82124849E-03  -7.94639345E-03   4.75824950E-03   3.76994954E-03
   2.79891351E-03  -7.89966248E-03   4.61922074E-03   3.70079558E-03
   2.76964647E-03  -7.85326678E-03   4.51352121E-03   3.62545787E-03
   2.74639926E-03  -7.81549327E-03   4.39447071E-03   3.58244753E-03
   2.71517341E-03  -7.76514551E-03   4.32911003E-03   3.54071846E-03
   2.69842544E-03  -7.73164537E-03   4.27499926E-03   3.44761601E-03
   2.68294849E-03  -7.67537905E-03   4.23817895E-03   3.36025166E-03
   2.67666904E-03  -7.59607833E-03   4.16686106E-03   3.19593120E-03
   2.67400127E-03  -7.54789216E-03   4.13271971E-03   3.07342573E-03
   2.67387112E-03  -7.46984454E-03   4.15460300E-03   2.95074214E-03
   2.66732369E-03  -7.37845618E-03   4.13320446E-03   2.84953811E-03
   2.66516418E-03  -7.28621846E-03   4.11156658E-03   2.65244325E-03
   2.66803987E-03  -7.19316676E-03   4.09578020E-03   2.42260727E-03
   2.67862598E-03  -7.11137522E-03   4.08669980E-03   2.17069243E-03
   2.68527982E-03  -7.00988388E-03   4.05223062E-03   1.97068742E-03
   2.69423844E-03  -6.92955637E-03   4.03807126E-03   1.83407892E-03
   2.68637459E-03  -6.82639331E-03   4.00692550E-03   1.74172525E-03
   2.67159613E-03  -6.72137318E-03   3.98175139E-03   1.66617322E-03
   2.65824702E-03  -6.57266472E-03   4.01603756E-03   1.62675278E-03
   2.63954210E-03  -6.41969312E-03   4.09322930E-03   1.61076291E-03
   2.62216781E-03  -6.26853574E-03   4.14767070E-03   1.63489208E-03
   2.60935188E-03  -6.09939545E-03   4.19937307E-03   1.70448446E-03
   2.59492965E-03  -5.92088467E-03   4.25874162E-03   1.80397485E-03
   2.58014910E-03  -5.78176975E-03   4.38172091E-03   1.91094610E-03
   2.55817058E-03  -5.61933592E-03   4.50940197E-03   2.07384466E-03
   2.53221765E-03  -5.44835953E-03   4.62220050E-03   2.19819113E-03
   2.50642048E-03  -5.29264100E-03   4.72281128E-03   2.30123964E-03
   2.47790548E-03  -5.13505237E-03   4.76303184E-03   2.35611200E-03
   2.45452742E-03  -4.98833321E-03   4.83905664E-03   2.43891706E-03
   2.42420542E-03  -4.83895652E-03   4.90754284E-03   2.48814211E-03
   2.39285314E-03  -4.70755761E-03   4.99125756E-03   2.49769539E-03
   2.37911078E-03  -4.61077038E-03   5.04869502E-03   2.51991465E-03
   2.36736843E-03  -4.49627033E-03   5.06365485E-03   2.54346197E-03
   2.35057273E-03  -4.39481996E-03   5.01985848E-03   2.63913232E-03
   2.33533210E-03  -4.28007636E-03   4.96951211E-03   2.70749838E-03
   2.31279805E-03  -4.20470070E-03   4.94995015E-03   2.75030662E-03
   2.29445309E-03  -4.13254229E-03   4.96831257E-03   2.78826081E-03
   2.27502873E-03  -4.06180043E-03   4.99177538E-03   2.85384199E-03
   2.25596386E-03  -3.99697246E-03   4.96429671E-03   2.94319959E-03
   2.23272457E-03  -3.90682882E-03   4.98060836E-03   3.08962679E-03
   2.21103011E-03  -3.85734765E-03   4.95367311E-03   3.17299832E-03
   2.18335958E-03  -3.81267304E-03   4.88593616E-03   3.18669225E-03
   2.15052161E-03  -3.73948412E-03   4.84855566E-03   3.23468493E-03
   2.11917958E-03  -3.68198636E-03   4.78482340E-03   3.25321639E-03
   2.08700798E-03  -3.60154035E-03   4.72821249E-03   3.31172766E-03
   2.06245249E-03  -3.56951286E-03   4.66742786E-03   3.37820291E-03
   2.03873985E-03  -3.50893312E-03   4.60987026E-03   3.47537408E-03
   2.01137085E-03  -3.44322831E-03   4.53687832E-03   3.56810191E-03
   1.98435923E-03  -3.41120269E-03   4.50223405E-03   3.68693192E-03
   1.95832551E-03  -3.35296080E-03   4.51020431E-03   3.82019416E-03
   1.92291033E-03  -3.32102505E-03   4.45615407E-03   3.86473280E-03
   1.88824115E-03  -3.25614982E-03   4.38096561E-03   3.87538783E-03
   1.85638550E-03  -3.18720541E-03   4.30837413E-03   3.89909442E-03
   1.83118333E-03  -3.13938456E-03   4.22324287E-03   3.90777271E-03
   1.80070382E-03  -3.11266561E-03   4.16018395E-03   3.92660964E-03
   1.77010009E-03  -3.07934266E-03   4.11616918E-03   3.98558518E-03
   1.73622440E-03  -3.04642692E-03   4.10290947E-03   3.95172276E-03
   1.70690857E-03  -3.01804161E-03   4.13958542E-03   3.91312828E-03
   1.67126942E-03  -3.01400921E-03   4.22250340E-03   3.82579560E-03
   1.63770851E-03  -2.98271701E-03   4.32802085E-03   3.80693283E-03
   1.60417194E-03  -2.95000896E-03   4.37246216E-03   3.79435671E-03
   1.56819064E-03  -2.90080626E-03   4.43356764E-03   3.75245814E-03
   1.52979488E-03  -2.84974580E-03   4.47262637E-03   3.71119683E-03
   1.49231404E-03  -2.79437075E-03   4.54613613E-03   3.69127467E-03
   1.45640434E-03  -2.76238774E-03   4.58049774E-03   3.67918820E-03
   1.41697831E-03  -2.72994325E-03   4.62117046E-03   3.68599733E-03
   1.37441244E-03  -2.69898353E-03   4.64354595E-03   3.71030951E-03
   1.33654894E-03  -2.65257712E-03   4.67538415E-03   3.74444458E-03
   1.29313511E-03  -2.60859937E-03   4.65479679E-03   3.77792167E-03
   1.25262956E-03  -2.58605252E-03   4.60190419E-03   3.75449471E-03
   1.20649056E-03  -2.55537592E-03   4.48786002E-03   3.75830522E-03
   1.15602906E-03  -2.54970044E-03   4.35896497E-03   3.72200506E-03
   1.10250921E-03  -2.54187151E-03   4.27511428E-03   3.65965557E-03
   1.05567463E-03  -2.54389993E-03   4.19906853E-03   3.57283698E-03
   1.01776025E-03  -2.56252731E-03   4.17168764E-03   3.44395405E-03
   9.85642895E-04  -2.59164535E-03   4.12831036E-03   3.33838840E-03
   9.56529053E-04  -2.60424800E-03   4.10023332E-03   3.23667377E-03
   9.26022243E-04  -2.62026722E-03   4.07679565E-03   3.18125240E-03
   8.97216785E-04  -2.61959131E-03   4.02784813E-03   3.10496916E-03
   8.73161247E-04  -2.61669699E-03   3.97571502E-03   3.03197023E-03
   8.52145138E-04  -2.60229036E-03   3.93808633E-03   2.95282435E-03
   8.24506802E-04  -2.56915088E-03   3.93801229E-03   2.89851660E-03
   7.87960598E-04  -2.49894918E-03   3.96132655E-03   2.87688454E-03
   7.49380037E-04  -2.40936899E-03   3.98322055E-03   2.82043638E-03
   7.17432413E-04  -2.30443990E-03   4.01271926E-03   2.75868946E-03
   6.82346523E-04  -2.21089763E-03   4.05707769E-03   2.72285915E-03
   6.43270556E-04  -2.09809327E-03   4.09565400E-03   2.65521207E-03
   6.03119261E-04  -1.97859900E-03   4.12063859E-03   2.62479251E-03
   5.63562906E-04  -1.88734860E-03   4.13832907E-03   2.60216324E-03
   5.23653231E-04  -1.81612617E-03   4.16214438E-03   2.59794993E-03
   4.81784577E-04  -1.74731563E-03   4.15706309E-03   2.59728055E-03
   4.34860296E-04  -1.68817630E-03   4.16870229E-03   2.60336627E-03
   3.89817229E-04  -1.61182240E-03   4.16826783E-03   2.59831641E-03
   3.48927919E-04  -1.55523745E-03   4.17795219E-03   2.54872767E-03
   3.12463701E-04  -1.49032858E-03   4.20345739E-03   2.49588187E-03
   2.79484666E-04  -1.43530907E-03   4.26775077E-03   2.46765162E-03
   2.39077694E-04  -1.37633528E-03   4.35749441E-03   2.43809703E-03
   2.06820114E-04  -1.35875668E-03   4.46618861E-03   2.40819668E-03
   1.77793641E-04  -1.37560838E-03   4.54974547E-03   2.39829510E-03
   1.48219187E-04  -1.38839742E-03   4.60581854E-03   2.39495677E-03
   1.16413205E-04  -1.40618987E-03   4.70091496E-03   2.39308435E-03
   8.88121795E-05  -1.41355128E-03   4.75025829E-03   2.38327659E-03
   6.24864406E-05  -1.43937184E-03   4.83729457E-03   2.36611860E-03
   3.85330131E-05  -1.45828770E-03   4.91198897E-03   2.34724139E-03
   1.63665736E-05  -1.47762732E-03   4.95072966E-03   2.34901137E-03
   1.48701997E-06  -1.50997518E-03   5.01392595E-03   2.30901153E-03
  -3.55196403E-06  -1.54346914E-03   5.09442203E-03   2.29943334E-03
  -6.72687656E-06  -1.57245004E-03   5.16485889E-03   2.29776744E-03
  -4.68131520E-06  -1.60104397E-03   5.23591926E-03   2.28347955E-03
  -6.55254644E-06  -1.64160586E-03   5.29364590E-03   2.25775945E-03
  -6.66893129E-06  -1.68589829E-03   5.28845796E-03   2.19660974E-03
  -6.52040353E-06  -1.72787893E-03   5.29576186E-03   2.14206055E-03
  -6.01222928E-06  -1.76850718E-03   5.28138550E-03   2.08333367E-03
  -1.44040087E-06  -1.81878277E-03   5.27883321E-03   2.01824983E-03
  -1.10537030E-07  -1.89437775E-03   5.27911726E-03   1.97173888E-03
  -5.95813208E-06  -1.97592448E-03   5.25792409E-03   1.90100353E-03
  -1.61854423E-05  -2.05358677E-03   5.25873853E-03   1.80928956E-03
  -2.12418599E-05  -2.10210704E-03   5.27841877E-03   1.70818157E-03
  -2.72984380E-05  -2.12952914E-03   5.28374687E-03   1.62259175E-03
  -3.62204410E-05  -2.15835311E-03   5.33501478E-03   1.54296053E-03
  -5.09374331E-05  -2.14556442E-03   5.41608455E-03   1.42362155E-03
  -6.93600887E-05  -2.13096989E-03   5.48773305E-03   1.28532888E-03
  -8.50869474E-05  -2.10932060E-03   5.49943140E-03   1.18057150E-03
  -9.89739056E-05  -2.08204449E-03   5.48761990E-03   1.05956034E-03
  -1.16835363E-04  -2.06204876E-03   5.51774492E-03   8.96552869E-04
  -1.35658251E-04  -2.03713961E-03   5.52114425E-03   7.78242247E-04
  -1.54028792E-04  -1.98542350E-03   5.51657565E-03   6.67564571E-04
  -1.66158803E-04  -1.93374522E-03   5.51967043E-03   5.51394478E-04
  -1.77033609E-04  -1.88458269E-03   5.50993392E-03   4.05699830E-04
  -1.88989812E-04  -1.86600874E-03   5.51706413E-03   2.75388185E-04
  -2.02614814E-04  -1.82045868E-03   5.49585233E-03   1.63372737E-04
  -2.16114975E-04  -1.74267706E-03   5.47240116E-03   3.90628747E-06
  -2.33685249E-04  -1.67098816E-03   5.41819446E-03  -1.54770867E-04
  -2.53357575E-04  -1.58840849E-03   5.36054047E-03  -3.31642688E-04
  -2.71572266E-04  -1.50284963E-03   5.30558266E-03  -4.36159287E-04
  -2.86383380E-04  -1.39968726E-03   5.22081321E-03  -5.10635262E-04
  -2.98675819E-04  -1.32576330E-03   5.15947537E-03  -5.24978095E-04
  -3.08985997E-04  -1.26403919E-03   5.13733737E-03  -5.36906708E-04
  -3.17509985E-04  -1.21512078E-03   5.09535661E-03  -5.79707092E-04
  -3.19788756E-04  -1.19162432E-03   5.06508444E-03  -6.22587104E-04
  -3.20264488E-04  -1.14205154E-03   5.06566558E-03  -6.81139180E-04
  -3.20255465E-04  -1.09722326E-03   5.07411966E-03  -7.45231460E-04
  -3.20432504E-04  -1.02792366E-03   5.05544804E-03  -7.88213045E-04
  -3.11943964E-04  -9.65408224E-04   5.05464338E-03  -8.21973721E-04
  -3.12178337E-04  -8.92039388E-04   5.04269544E-03  -8.24261806E-04
  -3.13026045E-04  -8.43205897E-04   5.06011629E-03  -8.00935202E-04
  -3.11931653E-04  -7.94077874E-04   5.07815182E-03  -7.94991967E-04
  -3.09247494E-04  -7.44345889E-04   5.06161619E-03  -8.07141303E-04
  -3.04430927E-04  -6.92961214E-04   5.00446372E-03  -8.14313535E-04
  -2.94920173E-04  -6.50411006E-04   4.95693600E-03  -8.61574837E-04
  -2.93332327E-04  -6.13606651E-04   4.91459807E-03  -9.27926856E-04
  -2.88795505E-04  -5.81086555E-04   4.87632770E-03  -9.70793073E-04
  -2.79337517E-04  -5.62055502E-04   4.85340320E-03  -1.01945468E-03
  -2.74054910E-04  -5.47791307E-04   4.81661037E-03  -1.07113505E-03
  -2.73002923E-04  -5.13510604E-04   4.77588642E-03  -1.09872862E-03
  -2.73851794E-04  -4.66356170E-04   4.73479694E-03  -1.12629519E-03
  -2.71928293E-04  -4.42469114E-04   4.68884455E-03  -1.14609627E-03
  -2.68025382E-04  -4.22279933E-04   4.65112180E-03  -1.14944950E-03
  -2.58667016E-04  -4.05469909E-04   4.60904045E-03  -1.17623305E-03
  -2.44542083E-04  -3.79050412E-04   4.58934996E-03  -1.19340769E-03
  -2.28591758E-04  -3.68546549E-04   4.54848772E-03  -1.19374134E-03
  -2.09018181E-04  -3.55167314E-04   4.51961765E-03  -1.17048633E-03
  -1.85433993E-04  -3.35652032E-04   4.49644262E-03  -1.14928919E-03
  -1.58250812E-04  -3.24353372E-04   4.48327744E-03  -1.14608684E-03
  -1.35950337E-04  -3.41279228E-04   4.48420038E-03  -1.23067072E-03
  -1.11594905E-04  -3.49956681E-04   4.46705613E-03  -1.34805799E-03
  -9.16947320E-05  -3.48339614E-04   4.43098787E-03  -1.45137927E-03
  -7.47521626E-05  -3.55096330E-04   4.37121326E-03  -1.53501832E-03
  -6.21649742E-05  -3.35215562E-04   4.28509247E-03  -1.60211895E-03
  -5.18833112E-05  -3.32851167E-04   4.20638407E-03  -1.64691219E-03
  -3.95010429E-05  -3.47522873E-04   4.17538453E-03  -1.74000289E-03
  -2.79357519E-05  -3.76001088E-04   4.10901755E-03  -1.82725373E-03
  -2.33593637E-05  -4.16182913E-04   4.01939452E-03  -1.92823249E-03
  -1.91588224E-05  -4.70497733E-04   3.99004528E-03  -2.01839255E-03
  -1.52128150E-05  -5.28654375E-04   3.95100471E-03  -2.10414967E-03
  -7.29629937E-06  -5.79363434E-04   3.92730907E-03  -2.17782147E-03
  -1.72189471E-06  -6.50885398E-04   3.91595950E-03  -2.28811847E-03
   2.28251838E-06  -7.28343555E-04   3.88536090E-03  -2.41984613E-03
   5.56871328E-07  -8.07580655E-04   3.85099323E-03  -2.48515024E-03
  -1.23810139E-07  -8.83129542E-04   3.83736938E-03  -2.51582148E-03
  -4.59897228E-06  -9.60183796E-04   3.83766461E-03  -2.54265056E-03
  -1.41225773E-05  -1.02322537E-03   3.81516293E-03  -2.58455519E-03
  -2.55555933E-05  -1.08365738E-03   3.79297324E-03  -2.63877143E-03
  -3.50462615E-05  -1.12965633E-03   3.76273738E-03  -2.68245884E-03
  -4.05535648E-05  -1.17419893E-03   3.73720261E-03  -2.70083267E-03
  -4.35747424E-05  -1.22188102E-03   3.71583691E-03  -2.70604761E-03
  -4.98154659E-05  -1.25924614E-03   3.72017478E-03  -2.75230920E-03
  -5.88342446E-05  -1.29885774E-03   3.74465948E-03  -2.82761385E-03
  -7.16655995E-05  -1.33678026E-03   3.74513282E-03  -2.89245578E-03
  -8.15511958E-05  -1.39321259E-03   3.71463760E-03  -2.96011590E-03
  -9.34662021E-05  -1.46344630E-03   3.69990477E-03  -3.02799162E-03
  -1.04426625E-04  -1.53519213E-03   3.64931230E-03  -3.06024123E-03
  -1.15064591E-04  -1.60282175E-03   3.62216355E-03  -3.08148959E-03
  -1.23899736E-04  -1.64228596E-03   3.60388868E-03  -3.09405755E-03
  -1.33563575E-04  -1.68891437E-03   3.59555590E-03  -3.11078597E-03
  -1.46120088E-04  -1.71764533E-03   3.60060274E-03  -3.12954630E-03
  -1.56036593E-04  -1.73647038E-03   3.57684167E-03  -3.16930236E-03
  -1.66768383E-04  -1.73889252E-03   3.52445757E-03  -3.19394725E-03
  -1.82695701E-04  -1.73242763E-03   3.45993740E-03  -3.20784911E-03
  -1.99500093E-04  -1.72735692E-03   3.41543183E-03  -3.20555456E-03
  -2.19783600E-04  -1.72616565E-03   3.35051911E-03  -3.22531397E-03
  -2.41065616E-04  -1.72857381E-03   3.27493669E-03  -3.24898213E-03
  -2.60307716E-04  -1.75157853E-03   3.23655759E-03  -3.25038913E-03
  -2.80360458E-04  -1.76589412E-03   3.19038285E-03  -3.26494616E-03
  -3.00906482E-04  -1.77248404E-03   3.13768187E-03  -3.29618435E-03
  -3.19566083E-04  -1.79081236E-03   3.05175246E-03  -3.33509105E-03
  -3.37435398E-04  -1.81052124E-03   2.98464904E-03  -3.39115481E-03
  -3.54232121E-04  -1.82760868E-03   2.93109473E-03  -3.40895844E-03
  -3.70371359E-04  -1.85040885E-03   2.85737216E-03  -3.45014362E-03
  -3.84810817E-04  -1.87805144E-03   2.81043770E-03  -3.49713163E-03
  -3.98906035E-04  -1.90024055E-03   2.78138253E-03  -3.54361883E-03
  -4.12623427E-04  -1.90533930E-03   2.75555206E-03  -3.60219972E-03
  -4.29772743E-04  -1.91172783E-03   2.71146791E-03  -3.70342378E-03
  -4.45902348E-04  -1.91962428E-03   2.68979580E-03  -3.77141661E-03
  -4.61954973E-04  -1.93835853E-03   2.69324775E-03  -3.86632071E-03
  -4.78196598E-04  -1.94213726E-03   2.72113387E-03  -3.90339247E-03
  -4.99506015E-04  -1.94331189E-03   2.71062413E-03  -3.91143234E-03
  -5.29114157E-04  -1.92490849E-03   2.70601735E-03  -3.89552419E-03
  -5.56294224E-04  -1.92219089E-03   2.68274173E-03  -3.85773159E-03
  -5.77002706E-04  -1.92776625E-03   2.65656738E-03  -3.80237587E-03
  -5.98217652E-04  -1.94961566E-03   2.60512484E-03  -3.70779913E-03
  -6.17790793E-04  -1.98226376E-03   2.52727163E-03  -3.59873730E-03
  -6.40300859E-04  -2.02394859E-03   2.46287696E-03  -3.44644254E-03
  -6.58684352E-04  -2.05239002E-03   2.42131739E-03  -3.32811708E-03
  -6.79672637E-04  -2.08269665E-03   2.40531890E-03  -3.25875590E-03
  -7.04451930E-04  -2.11663730E-03   2.38080788E-03  -3.21126776E-03
  -7.25549762E-04  -2.13494571E-03   2.30998173E-03  -3.15214135E-03
  -7.47668615E-04  -2.15100986E-03   2.22904957E-03  -3.07450444E-03
  -7.70018960E-04  -2.15172139E-03   2.15235422E-03  -3.02664097E-03
  -7.88513629E-04  -2.15884205E-03   2.11722171E-03  -3.00879101E-03
  -8.07944452E-04  -2.18064757E-03   2.09154165E-03  -2.98009650E-03
  -8.27759563E-04  -2.19547888E-03   2.06503924E-03  -2.97261635E-03
  -8.47310876E-04  -2.22691894E-03   2.03649444E-03  -2.93029426E-03
  -8.64418398E-04  -2.27172417E-03   2.01022066E-03  -2.89653405E-03
  -8.81773187E-04  -2.30842549E-03   1.96691207E-03  -2.89906422E-03
  -8.96791404E-04  -2.31896387E-03   1.94867456E-03  -2.85617961E-03
  -9.11592972E-04  -2.34268792E-03   1.96592207E-03  -2.81400932E-03
  -9.27971618E-04  -2.36265361E-03   1.99445523E-03  -2.77273194E-03
  -9.47227178E-04  -2.39053834E-03   2.03959947E-03  -2.76060170E-03
  -9.71872418E-04  -2.42165034E-03   2.07716669E-03  -2.78800097E-03
  -9.99427051E-04  -2.42209574E-03   2.09801691E-03  -2.82451161E-03
  -1.03175011E-03  -2.42457073E-03   2.17318488E-03  -2.83803302E-03
  -1.06233917E-03  -2.43449537E-03   2.24477216E-03  -2.84510502E-03
  -1.09130563E-03  -2.44661840E-03   2.30300939E-03  -2.82188738E-03
  -1.12686551E-03  -2.48223869E-03   2.33550509E-03  -2.82699801E-03
  -1.16026227E-03  -2.51480076E-03   2.40187813E-03  -2.80047930E-03
  -1.19145191E-03  -2.55263550E-03   2.43543764E-03  -2.76747416E-03
  -1.22315111E-03  -2.59932363E-03   2.45420472E-03  -2.76505644E-03
  -1.25475333E-03  -2.63486709E-03   2.45785830E-03  -2.80117360E-03
  -1.28440827E-03  -2.66441400E-03   2.43144599E-03  -2.82031368E-03
  -1.31236634E-03  -2.69769947E-03   2.40586000E-03  -2.85395980E-03
  -1.33747712E-03  -2.71635829E-03   2.37364299E-03  -2.84321164E-03
  -1.35719916E-03  -2.73616845E-03   2.32243468E-03  -2.79562199E-03
  -1.37921388E-03  -2.75317091E-03   2.29415717E-03  -2.74594035E-03
  -1.39826827E-03  -2.77059595E-03   2.25809356E-03  -2.69620446E-03
  -1.41946366E-03  -2.78517557E-03   2.24151835E-03  -2.65752687E-03
  -1.43474038E-03  -2.80579622E-03   2.23882939E-03  -2.56709987E-03
  -1.44396385E-03  -2.80630891E-03   2.24462501E-03  -2.48065125E-03
  -1.44576095E-03  -2.81559490E-03   2.24362873E-03  -2.39643734E-03
  -1.44768017E-03  -2.81751831E-03   2.24143732E-03  -2.31791637E-03
  -1.44787494E-03  -2.82662758E-03   2.20750133E-03  -2.23619281E-03
  -1.44905236E-03  -2.83324649E-03   2.16961396E-03  -2.18502502E-03
  -1.45080918E-03  -2.87702889E-03   2.14480725E-03  -2.15627463E-03
  -1.45334832E-03  -2.91203149E-03   2.14484124E-03  -2.14625709E-03
  -1.45556952E-03  -2.93644401E-03   2.15369952E-03  -2.13370379E-03
  -1.45531935E-03  -2.96624773E-03   2.16160947E-03  -2.11919425E-03
  -1.45612075E-03  -2.98717944E-03   2.14811135E-03  -2.11704359E-03
  -1.46075140E-03  -3.00211622E-03   2.15450255E-03  -2.09943508E-03
  -1.46568520E-03  -3.00513185E-03   2.15998315E-03  -2.08024029E-03
  -1.46768999E-03  -3.01260897E-03   2.17416720E-03  -2.08693394E-03
  -1.46739604E-03  -3.02426354E-03   2.16167443E-03  -2.10677763E-03
  -1.46690663E-03  -3.03130946E-03   2.17611599E-03  -2.10912596E-03
  -1.46824669E-03  -3.03484220E-03   2.20321771E-03  -2.07413826E-03
  -1.46425783E-03  -3.03062634E-03   2.25377409E-03  -2.05582683E-03
  -1.45921391E-03  -3.04267276E-03   2.26889714E-03  -2.01774738E-03
  -1.45307626E-03  -3.06319888E-03   2.26646941E-03  -1.95900979E-03
  -1.44493068E-03  -3.06834723E-03   2.25238455E-03  -1.90653990E-03
  -1.43910269E-03  -3.06631252E-03   2.24704854E-03  -1.86044862E-03
  -1.42985198E-03  -3.07629374E-03   2.22922629E-03  -1.83579396E-03
  -1.42025808E-03  -3.09566176E-03   2.22528540E-03  -1.81753805E-03
  -1.40791433E-03  -3.11162090E-03   2.19674082E-03  -1.79948879E-03
  -1.39145448E-03  -3.12171201E-03   2.16597295E-03  -1.81978196E-03
  -1.37326319E-03  -3.10176308E-03   2.10891524E-03  -1.83880213E-03
  -1.35326537E-03  -3.07646743E-03   2.05041049E-03  -1.86214130E-03
  -1.33493636E-03  -3.05976695E-03   2.01068982E-03  -1.86864566E-03
  -1.31993601E-03  -3.03983362E-03   1.97856687E-03  -1.86747243E-03
  -1.30440225E-03  -3.01230513E-03   1.94595580E-03  -1.87232357E-03
  -1.29481463E-03  -2.99412291E-03   1.88879715E-03  -1.87412614E-03
  -1.27762661E-03  -2.99904263E-03   1.84749987E-03  -1.83270290E-03
  -1.25868304E-03  -3.00558447E-03   1.81028631E-03  -1.81040110E-03
  -1.23833376E-03  -3.01845698E-03   1.74400257E-03  -1.79242378E-03
  -1.21594837E-03  -3.04829096E-03   1.67767238E-03  -1.75802165E-03
  -1.19508314E-03  -3.10288719E-03   1.60623319E-03  -1.73005590E-03
  -1.17639825E-03  -3.13073047E-03   1.52800360E-03  -1.73607597E-03
  -1.15712162E-03  -3.15250503E-03   1.46963960E-03  -1.76946213E-03
  -1.14213745E-03  -3.14829685E-03   1.43427926E-03  -1.83193048E-03
  -1.12711545E-03  -3.14900931E-03   1.35785062E-03  -1.86905602E-03
  -1.11462257E-03  -3.12681915E-03   1.28260150E-03  -1.89671491E-03
  -1.10564614E-03  -3.11811012E-03   1.21290551E-03  -1.88258570E-03
  -1.09500857E-03  -3.09529854E-03   1.13830017E-03  -1.88353239E-03
  -1.08501746E-03  -3.05672106E-03   1.03714934E-03  -1.89635344E-03
  -1.07385498E-03  -3.03116138E-03   9.33840522E-04  -1.88742136E-03
  -1.06036162E-03  -2.99040345E-03   7.98541296E-04  -1.86843681E-03
  -1.04911183E-03  -2.94616027E-03   6.71514194E-04  -1.86318124E-03
  -1.03557599E-03  -2.88822968E-03   5.56185958E-04  -1.88013364E-03
  -1.02372456E-03  -2.83647259E-03   4.19883931E-04  -1.88071083E-03
  -1.01264031E-03  -2.79759755E-03   3.16652033E-04  -1.87817391E-03
  -1.00251776E-03  -2.75835698E-03   2.31495622E-04  -1.85797852E-03
  -9.93227120E-04  -2.72353250E-03   1.41325290E-04  -1.84853608E-03
  -9.84623446E-04  -2.70005083E-03   7.02308098E-05  -1.86403177E-03
  -9.76063486E-04  -2.69145542E-03   1.66267910E-05  -1.83626730E-03
  -9.62753256E-04  -2.68433290E-03  -4.68212165E-05  -1.82714232E-03
  -9.46952845E-04  -2.67645763E-03  -1.42912118E-04  -1.83931994E-03
  -9.31890914E-04  -2.67177494E-03  -2.40789639E-04  -1.82844873E-03
  -9.18921025E-04  -2.65937904E-03  -3.31770134E-04  -1.83291547E-03
  -9.04140645E-04  -2.63472600E-03  -4.11845453E-04  -1.86120323E-03
  -8.89171090E-04  -2.61270674E-03  -4.86215722E-04  -1.88430760E-03
  -8.74346646E-04  -2.59228586E-03  -5.66337141E-04  -1.88150257E-03
  -8.62310291E-04  -2.58188182E-03  -6.12788892E-04  -1.86332467E-03
  -8.46181181E-04  -2.58225063E-03  -6.48806628E-04  -1.85935968E-03
  -8.29551253E-04  -2.59485631E-03  -6.76518539E-04  -1.86020392E-03
  -8.13524704E-04  -2.59319623E-03  -6.98288321E-04  -1.87301799E-03
  -7.99697358E-04  -2.59928266E-03  -7.13187852E-04  -1.87480275E-03
  -7.84716860E-04  -2.61355424E-03  -7.26144877E-04  -1.89337356E-03
  -7.67961319E-04  -2.60989158E-03  -7.25512044E-04  -1.94310327E-03
  -7.54462613E-04  -2.60359608E-03  -7.29149207E-04  -2.00318894E-03
  -7.40354008E-04  -2.60633649E-03  -6.93753653E-04  -2.08589248E-03
  -7.22788973E-04  -2.61756848E-03  -6.31930889E-04  -2.19231402E-03
  -7.05565675E-04  -2.62610009E-03  -5.73519384E-04  -2.25649821E-03
  -6.80924859E-04  -2.64235656E-03  -5.24793169E-04  -2.33608717E-03
  -6.54740375E-04  -2.66649807E-03  -4.41430166E-04  -2.38563307E-03
  -6.21377723E-04  -2.67881737E-03  -3.52467760E-04  -2.38989643E-03
  -5.90044947E-04  -2.68360181E-03  -2.76539096E-04  -2.39070528E-03
  -5.56431245E-04  -2.68201088E-03  -1.94387569E-04  -2.38387729E-03
  -5.27364959E-04  -2.67897337E-03  -1.27611100E-04  -2.34577688E-03
  -5.00521739E-04  -2.66290316E-03  -3.60302984E-05  -2.31193029E-03
  -4.71470878E-04  -2.65901443E-03   7.18893207E-05  -2.27635936E-03
  -4.43872937E-04  -2.66889692E-03   1.71609645E-04  -2.23069591E-03
  -4.21055331E-04  -2.67742993E-03   2.56403029E-04  -2.20616790E-03
  -4.00961493E-04  -2.69967155E-03   3.32418596E-04  -2.17679492E-03
  -3.82279744E-04  -2.70004384E-03   4.30651708E-04  -2.13997834E-03
  -3.62524996E-04  -2.70134769E-03   5.09075937E-04  -2.11347197E-03
  -3.40443134E-04  -2.69148941E-03   5.89096162E-04  -2.05569551E-03
  -3.22308828E-04  -2.69589550E-03   6.66040811E-04  -1.99887273E-03
  -3.00240092E-04  -2.69523077E-03   7.21492397E-04  -1.91734184E-03
  -2.80947337E-04  -2.69398210E-03   7.69818958E-04  -1.84754585E-03
  -2.62019195E-04  -2.69599957E-03   8.05154967E-04  -1.79201469E-03
  -2.41657646E-04  -2.69864290E-03   8.42978363E-04  -1.74972916E-03
  -2.22469374E-04  -2.69157905E-03   8.86543712E-04  -1.71865546E-03
  -2.02745665E-04  -2.68477993E-03   9.25574976E-04  -1.65711064E-03
  -1.85003257E-04  -2.70027691E-03   9.64303501E-04  -1.58063811E-03
  -1.64816607E-04  -2.71986402E-03   9.79493372E-04  -1.49499602E-03
  -1.39324373E-04  -2.74640648E-03   1.00921397E-03  -1.44104252E-03
  -1.18982352E-04  -2.76875379E-03   1.01792591E-03  -1.39255426E-03
  -9.95770461E-05  -2.79628788E-03   1.00976159E-03  -1.33673218E-03
  -8.00051639E-05  -2.82877684E-03   9.97327035E-04  -1.29760546E-03
  -6.15440294E-05  -2.87383655E-03   9.71672009E-04  -1.28074479E-03
  -4.38007883E-05  -2.93821562E-03   9.50269459E-04  -1.31434877E-03
  -2.32945713E-05  -3.00189434E-03   9.34636919E-04  -1.34314899E-03
  -6.81764141E-06  -3.04661784E-03   9.41532257E-04  -1.38749485E-03
   7.52584356E-06  -3.09179304E-03   9.68341541E-04  -1.42606965E-03
   2.08353158E-05  -3.13812471E-03   9.98592470E-04  -1.48189673E-03
   3.29252180E-05  -3.17756319E-03   1.00783305E-03  -1.52499706E-03
   4.21189688E-05  -3.20433220E-03   9.95365786E-04  -1.56594021E-03
   5.28444871E-05  -3.23719997E-03   9.91660636E-04  -1.62395358E-03
   6.49571448E-05  -3.27228475E-03   9.63417406E-04  -1.65919599E-03
   7.98896581E-05  -3.30977817E-03   9.35116084E-04  -1.71138288E-03
   9.49078894E-05  -3.35345487E-03   9.07518086E-04  -1.74514146E-03
   1.10354551E-04  -3.40078096E-03   8.76030594E-04  -1.77256996E-03
   1.28558124E-04  -3.43831931E-03   8.61001434E-04  -1.80562132E-03
   1.45408703E-04  -3.45560210E-03   8.53177917E-04  -1.81812583E-03
   1.61443808E-04  -3.46399820E-03   8.39121698E-04  -1.82203087E-03
   1.73692504E-04  -3.48980026E-03   7.99707370E-04  -1.79599272E-03
   1.82951029E-04  -3.51558346E-03   7.58629409E-04  -1.79417210E-03
   1.88732083E-04  -3.52715119E-03   7.12356064E-04  -1.81777275E-03
   1.96045745E-04  -3.55159305E-03   6.46944332E-04  -1.82531751E-03
   2.02762458E-04  -3.58110829E-03   5.95862395E-04  -1.82302517E-03
   2.08826998E-04  -3.62310815E-03   5.39441302E-04  -1.83490617E-03
   2.15222986E-04  -3.65954265E-03   5.06463635E-04  -1.81657379E-03
   2.22458766E-04  -3.68450885E-03   4.79082461E-04  -1.79488177E-03
   2.29660087E-04  -3.70906712E-03   4.70941304E-04  -1.77250826E-03
   2.35781161E-04  -3.73901334E-03   4.82358708E-04  -1.77616405E-03
   2.41024536E-04  -3.77241755E-03   5.07770746E-04  -1.77828758E-03
   2.45524570E-04  -3.79153970E-03   5.25783864E-04  -1.77182874E-03
   2.49650417E-04  -3.80795100E-03   5.79213782E-04  -1.76939869E-03
   2.55904306E-04  -3.82206053E-03   6.10254006E-04  -1.77190336E-03
   2.62365735E-04  -3.83621710E-03   6.52178889E-04  -1.75148202E-03
   2.66697956E-04  -3.85860959E-03   7.01373734E-04  -1.72050868E-03
   2.69791315E-04  -3.88105679E-03   7.59947638E-04  -1.66902167E-03
   2.77411222E-04  -3.90250096E-03   8.12579237E-04  -1.60184735E-03
   2.85796763E-04  -3.93140456E-03   8.64966947E-04  -1.51556940E-03
   2.93633493E-04  -3.96592962E-03   8.98113649E-04  -1.45164237E-03
   3.04485817E-04  -3.99237359E-03   9.01982537E-04  -1.35798811E-03
   3.14656238E-04  -4.01262660E-03   8.98322440E-04  -1.26329204E-03
   3.24401190E-04  -4.02633194E-03   9.00346669E-04  -1.20542478E-03
   3.39057267E-04  -4.02725255E-03   9.08507616E-04  -1.16714474E-03
   3.50267946E-04  -4.03328892E-03   8.95468285E-04  -1.13388454E-03
   3.58341145E-04  -4.04683594E-03   8.92951910E-04  -1.12036045E-03
   3.66067252E-04  -4.05103294E-03   8.82472959E-04  -1.09689170E-03
   3.73643852E-04  -4.06416366E-03   8.46486946E-04  -1.05033186E-03
   3.78938887E-04  -4.05880995E-03   8.35685583E-04  -9.79860546E-04
   3.85531457E-04  -4.06000717E-03   8.15404113E-04  -9.30085662E-04
   3.93743918E-04  -4.04906319E-03   8.20673828E-04  -8.79643951E-04
   4.06854000E-04  -4.03544027E-03   8.26975971E-04  -8.51200137E-04
   4.22167039E-04  -4.01151646E-03   8.32766411E-04  -8.18409200E-04
   4.37664363E-04  -3.99170676E-03   8.36453051E-04  -7.90108927E-04
   4.52671229E-04  -3.97101603E-03   8.31881072E-04  -7.84794043E-04
   4.67595848E-04  -3.94866290E-03   8.02503375E-04  -7.72723230E-04
   4.82728065E-04  -3.94330360E-03   7.69040955E-04  -7.88520498E-04
   4.99296933E-04  -3.94865731E-03   7.33872643E-04  -8.17786204E-04
   5.15622669E-04  -3.94841284E-03   7.11450004E-04  -8.43039015E-04
   5.34045452E-04  -3.94422933E-03   6.99527562E-04  -8.59969121E-04
   5.52192214E-04  -3.94767895E-03   6.96127536E-04  -8.73876561E-04
   5.70461154E-04  -3.96200549E-03   6.84068422E-04  -8.83716333E-04
   5.87610994E-04  -3.96552356E-03   6.77905278E-04  -8.81257060E-04
   6.01979380E-04  -3.96538666E-03   6.89628592E-04  -8.57340754E-04
   6.15597703E-04  -3.96009907E-03   7.18103664E-04  -8.46473267E-04
   6.27527537E-04  -3.95076349E-03   7.62118900E-04  -8.32383928E-04
   6.38697122E-04  -3.95639194E-03   8.08775309E-04  -8.01363494E-04
   6.49853901E-04  -3.96912312E-03   8.64912581E-04  -7.69874954E-04
   6.60418358E-04  -3.98145989E-03   8.95301986E-04  -7.65798148E-04
   6.69933273E-04  -3.98027385E-03   9.37976933E-04  -7.75690482E-04
   6.78809476E-04  -3.97732621E-03   9.46908258E-04  -7.82346062E-04
   6.83882623E-04  -3.96217313E-03   9.51768365E-04  -7.94234686E-04
   6.90006360E-04  -3.94574739E-03   9.65311774E-04  -7.93712330E-04
   7.00010336E-04  -3.96524416E-03   9.70070891E-04  -8.03250005E-04
   7.08648469E-04  -3.97634134E-03   9.63161583E-04  -8.25202616E-04
   7.20121374E-04  -3.96143040E-03   9.59738682E-04  -8.29367316E-04
   7.32440443E-04  -3.95105686E-03   9.76235548E-04  -8.55000049E-04
   7.44559744E-04  -3.91843589E-03   9.93858557E-04  -8.81725107E-04
   7.53893866E-04  -3.89921386E-03   1.00150809E-03  -9.48104833E-04
   7.61887524E-04  -3.88927152E-03   1.03416387E-03  -9.71779926E-04
   7.74631335E-04  -3.87687329E-03   1.06106861E-03  -9.99054057E-04
   7.87765603E-04  -3.86663689E-03   1.08810014E-03  -1.02182408E-03
   7.99005502E-04  -3.85942147E-03   1.10471668E-03  -1.01251120E-03
   8.11951468E-04  -3.84223508E-03   1.10880600E-03  -1.00725284E-03
   8.23851267E-04  -3.84299341E-03   1.10232690E-03  -1.01610459E-03
   8.35643499E-04  -3.82965547E-03   1.11258368E-03  -1.02745392E-03
   8.50153971E-04  -3.82099254E-03   1.11973425E-03  -1.04374590E-03
   8.66456423E-04  -3.80318495E-03   1.13834720E-03  -1.05380593E-03
   8.83549743E-04  -3.79388127E-03   1.16740016E-03  -1.07970485E-03
   8.98895611E-04  -3.78125720E-03   1.21606549E-03  -1.09865365E-03
   9.12452990E-04  -3.76897422E-03   1.26338983E-03  -1.10545126E-03
   9.28406604E-04  -3.75471404E-03   1.30135182E-03  -1.11653784E-03
   9.41796461E-04  -3.73767177E-03   1.35310146E-03  -1.13340979E-03
   9.53510753E-04  -3.70723987E-03   1.40323897E-03  -1.14882085E-03
   9.65875806E-04  -3.68451979E-03   1.43628370E-03  -1.16152328E-03
   9.81686171E-04  -3.66093847E-03   1.46306516E-03  -1.15599448E-03
   9.96164279E-04  -3.63378972E-03   1.49544573E-03  -1.13950763E-03
   1.01056334E-03  -3.61151504E-03   1.52670871E-03  -1.12320448E-03
   1.02620688E-03  -3.58507037E-03   1.57813355E-03  -1.12968101E-03
   1.04342902E-03  -3.57399485E-03   1.61618053E-03  -1.13193679E-03
   1.06388167E-03  -3.58441402E-03   1.64380658E-03  -1.12635887E-03
   1.08369032E-03  -3.60241020E-03   1.70233136E-03  -1.11018319E-03
   1.10417407E-03  -3.61193484E-03   1.76950300E-03  -1.11709815E-03
   1.12217385E-03  -3.63632268E-03   1.82912487E-03  -1.10844686E-03
   1.14228460E-03  -3.65672214E-03   1.88112934E-03  -1.09236967E-03
   1.16349768E-03  -3.67489015E-03   1.89310755E-03  -1.05935684E-03
   1.18478935E-03  -3.70235322E-03   1.89557089E-03  -1.04001339E-03
   1.20463502E-03  -3.72640556E-03   1.87490485E-03  -1.01947971E-03
   1.22679444E-03  -3.74540454E-03   1.86101487E-03  -1.00856286E-03
   1.25086342E-03  -3.77119286E-03   1.83518440E-03  -1.02555682E-03
   1.27433136E-03  -3.80679592E-03   1.79784256E-03  -1.04966830E-03
   1.29795156E-03  -3.84058803E-03   1.77079672E-03  -1.07771240E-03
   1.32306642E-03  -3.87912337E-03   1.71341805E-03  -1.11707998E-03
   1.34666672E-03  -3.92140774E-03   1.65193598E-03  -1.12029910E-03
   1.37346867E-03  -3.96778062E-03   1.59382704E-03  -1.15274813E-03
   1.40026980E-03  -4.01816843E-03   1.55175629E-03  -1.16367440E-03
   1.42553227E-03  -4.07339586E-03   1.52025314E-03  -1.17066305E-03
   1.44850300E-03  -4.11734916E-03   1.51247485E-03  -1.16394798E-03
   1.46973319E-03  -4.16939892E-03   1.51355099E-03  -1.18364324E-03
   1.49112032E-03  -4.22667386E-03   1.50908506E-03  -1.22004980E-03
   1.51360664E-03  -4.29277401E-03   1.50694733E-03  -1.23408507E-03
   1.53737748E-03  -4.36516618E-03   1.51849817E-03  -1.28279882E-03
   1.56341703E-03  -4.43852833E-03   1.52956729E-03  -1.36491342E-03
   1.58966845E-03  -4.51030163E-03   1.55391684E-03  -1.43914612E-03
   1.61480007E-03  -4.57367627E-03   1.57824624E-03  -1.49429217E-03
   1.64392777E-03  -4.63292934E-03   1.59108592E-03  -1.56731973E-03
   1.67322694E-03  -4.68769250E-03   1.60531083E-03  -1.62826420E-03
   1.70344987E-03  -4.74093342E-03   1.62493240E-03  -1.68180547E-03
   1.73416943E-03  -4.78458218E-03   1.64098106E-03  -1.71491946E-03
   1.76624092E-03  -4.81925812E-03   1.65807968E-03  -1.73854025E-03
   1.79624429E-03  -4.84456215E-03   1.66065129E-03  -1.74252281E-03
   1.82270759E-03  -4.87978337E-03   1.66137330E-03  -1.75451068E-03
   1.85088068E-03  -4.91013331E-03   1.64358376E-03  -1.77857152E-03
   1.87818508E-03  -4.92564682E-03   1.60636951E-03  -1.80084899E-03
   1.90617214E-03  -4.93396493E-03   1.58103381E-03  -1.81322696E-03
   1.93762511E-03  -4.93576098E-03   1.53384870E-03  -1.83438929E-03
   1.96592556E-03  -4.93255863E-03   1.49861129E-03  -1.86706241E-03
   1.99380564E-03  -4.92213899E-03   1.46425318E-03  -1.89349602E-03
   2.01886008E-03  -4.91365883E-03   1.42991333E-03  -1.92952214E-03
   2.04528612E-03  -4.90363920E-03   1.40083348E-03  -1.94196578E-03
   2.07020668E-03  -4.90846066E-03   1.35319587E-03  -1.96884526E-03
   2.09639943E-03  -4.90349811E-03   1.29676063E-03  -1.97626580E-03
   2.12327763E-03  -4.90694353E-03   1.25713984E-03  -1.99965714E-03
   2.14976189E-03  -4.92439000E-03   1.22776139E-03  -2.03574006E-03
   2.17382866E-03  -4.94077941E-03   1.19040743E-03  -2.06045993E-03
   2.19745538E-03  -4.95297369E-03   1.15383149E-03  -2.05985759E-03
   2.22088350E-03  -4.96167084E-03   1.13510259E-03  -2.08133692E-03
   2.24259635E-03  -4.98514762E-03   1.12189248E-03  -2.11149408E-03
   2.26666499E-03  -5.00888377E-03   1.08314783E-03  -2.11635907E-03
   2.28766468E-03  -5.03282249E-03   1.04649784E-03  -2.11266964E-03
   2.30731047E-03  -5.07351104E-03   1.03994389E-03  -2.11069384E-03
   2.32636486E-03  -5.11238398E-03   1.02396717E-03  -2.09858618E-03
   2.34512752E-03  -5.15551493E-03   1.02760980E-03  -2.07446981E-03
   2.36340519E-03  -5.20529365E-03   1.01936993E-03  -2.07507797E-03
   2.38232478E-03  -5.25683910E-03   1.02085120E-03  -2.04697344E-03
   2.40091304E-03  -5.31741558E-03   1.03497400E-03  -2.02302868E-03
   2.41873576E-03  -5.36611769E-03   1.05054560E-03  -2.00660480E-03
   2.43906211E-03  -5.42469742E-03   1.07147952E-03  -2.00507091E-03
   2.45996751E-03  -5.48763108E-03   1.08999794E-03  -1.99680869E-03
   2.47968221E-03  -5.55193378E-03   1.10794581E-03  -1.98662304E-03
   2.49915803E-03  -5.60695119E-03   1.14146271E-03  -1.94229034E-03
   2.51763244E-03  -5.64944185E-03   1.17010123E-03  -1.88422389E-03
   2.53559160E-03  -5.69850486E-03   1.20265421E-03  -1.82838668E-03
   2.55503645E-03  -5.73935593E-03   1.22321816E-03  -1.79379864E-03
   2.57453509E-03  -5.76463994E-03   1.23499054E-03  -1.77620060E-03
   2.59514432E-03  -5.80718275E-03   1.22665125E-03  -1.75906485E-03
   2.61744065E-03  -5.84646175E-03   1.21786457E-03  -1.74131093E-03
   2.63775303E-03  -5.88559220E-03   1.18656305E-03  -1.72337168E-03
   2.65781418E-03  -5.91236679E-03   1.15089701E-03  -1.69352535E-03
   2.67937523E-03  -5.93661843E-03   1.10792543E-03  -1.66148983E-03
   2.70014210E-03  -5.96091338E-03   1.05542084E-03  -1.62855769E-03
   2.72082281E-03  -5.96574042E-03   1.00468751E-03  -1.58649532E-03
   2.73974705E-03  -5.96302189E-03   9.62989987E-04  -1.54057564E-03
   2.75842962E-03  -5.94718754E-03   9.14652948E-04  -1.50372845E-03
   2.77581322E-03  -5.91806415E-03   8.50061304E-04  -1.46444410E-03
   2.79245363E-03  -5.89823863E-03   8.11192673E-04  -1.43577112E-03
   2.80920113E-03  -5.90752438E-03   7.67899095E-04  -1.39310490E-03
   2.82598496E-03  -5.91374608E-03   7.22238387E-04  -1.37954624E-03
   2.84223352E-03  -5.90448407E-03   6.94071059E-04  -1.34729873E-03
   2.85755587E-03  -5.88328810E-03   6.64226420E-04  -1.31458300E-03
   2.87576951E-03  -5.87195996E-03   6.49013615E-04  -1.25827990E-03
   2.89580971E-03  -5.86723490E-03   6.22395484E-04  -1.20830932E-03
   2.91727460E-03  -5.87499281E-03   6.01565582E-04  -1.15560321E-03
   2.94103078E-03  -5.88022126E-03   5.77428495E-04  -1.09793316E-03
   2.96468963E-03  -5.89272799E-03   5.49339515E-04  -1.06363790E-03
   2.99426820E-03  -5.90637513E-03   5.39449800E-04  -1.02543388E-03
   3.02405446E-03  -5.91745880E-03   5.26138349E-04  -1.00085419E-03
   3.05305910E-03  -5.94345573E-03   5.01364178E-04  -9.70032299E-04
   3.08610965E-03  -5.98998554E-03   4.80227958E-04  -9.31580551E-04
   3.12030222E-03  -6.03218609E-03   4.83228796E-04  -9.14210977E-04
   3.15432274E-03  -6.07020687E-03   4.89699654E-04  -9.07046953E-04
   3.18902754E-03  -6.09938893E-03   4.94105974E-04  -9.09925788E-04
   3.22191860E-03  -6.11791667E-03   4.86098463E-04  -9.19784652E-04
   3.25552351E-03  -6.13876805E-03   4.81446827E-04  -9.18342557E-04
   3.28896288E-03  -6.15692511E-03   5.06610260E-04  -9.20217717E-04
   3.32112028E-03  -6.17212756E-03   5.40793873E-04  -9.19074693E-04
   3.35083134E-03  -6.19463436E-03   5.66170027E-04  -9.36406141E-04
   3.38125927E-03  -6.22184062E-03   5.81434229E-04  -9.42293787E-04
   3.41147021E-03  -6.25612820E-03   5.76400431E-04  -9.37971694E-04
   3.44390818E-03  -6.30456675E-03   5.60857588E-04  -9.29779431E-04
   3.47803673E-03  -6.36350457E-03   5.43301518E-04  -9.24662745E-04
   3.51194479E-03  -6.41736109E-03   5.25777286E-04  -9.31071409E-04
   3.54193989E-03  -6.48258207E-03   5.01511036E-04  -9.32133291E-04
   3.57208820E-03  -6.54888665E-03   4.80753253E-04  -9.43718886E-04
   3.60072404E-03  -6.61419611E-03   4.51572036E-04  -9.16975667E-04
   3.62629793E-03  -6.67200563E-03   4.27027844E-04  -8.88986862E-04
   3.65083478E-03  -6.72190124E-03   4.14248352E-04  -8.62084038E-04
   3.67639610E-03  -6.75263396E-03   3.96524207E-04  -8.67492461E-04
   3.70265380E-03  -6.78685959E-03   3.96894204E-04  -8.63630383E-04
   3.72971757E-03  -6.81567006E-03   3.95675219E-04  -8.63196386E-04
   3.76018463E-03  -6.83709094E-03   4.11219691E-04  -8.67675815E-04
   3.78788984E-03  -6.85259234E-03   4.25328122E-04  -8.65557755E-04
   3.81379505E-03  -6.86149253E-03   4.43579978E-04  -8.48599593E-04
   3.83939547E-03  -6.87242439E-03   4.56098176E-04  -8.26683361E-04
   3.86257470E-03  -6.89471979E-03   4.74423141E-04  -7.79111695E-04
   3.88293527E-03  -6.92578871E-03   4.86872334E-04  -7.32130371E-04
   3.90367769E-03  -6.95875101E-03   5.01335948E-04  -6.86683052E-04
   3.92138958E-03  -6.98584970E-03   5.31920930E-04  -6.55406155E-04
   3.93777248E-03  -7.00296555E-03   5.70993638E-04  -6.37898513E-04
   3.95314489E-03  -7.01822899E-03   6.14000659E-04  -6.32191135E-04
   3.97093641E-03  -7.02917622E-03   6.61232451E-04  -6.45710272E-04
   3.99160106E-03  -7.04047317E-03   7.07131403E-04  -6.29315444E-04
   4.01041284E-03  -7.04458915E-03   7.26522529E-04  -6.12484408E-04
   4.02733311E-03  -7.04762852E-03   7.59468006E-04  -5.80740336E-04
   4.04707575E-03  -7.03233294E-03   7.75611028E-04  -5.37203334E-04
   4.06814460E-03  -7.01628299E-03   7.82116666E-04  -4.91363404E-04
   4.08872776E-03  -7.01913144E-03   7.82589661E-04  -4.49260580E-04
   4.10917308E-03  -7.00930273E-03   7.73928885E-04  -4.21397301E-04
   4.12771152E-03  -7.01027829E-03   7.54197361E-04  -3.81810794E-04
   4.14539641E-03  -7.00761424E-03   7.37184077E-04  -3.51703347E-04
   4.16405406E-03  -7.00332364E-03   6.97799376E-04  -3.15000128E-04
   4.18228842E-03  -6.99785771E-03   6.86650514E-04  -2.93460966E-04
   4.20381501E-03  -6.99471822E-03   6.82091166E-04  -2.59423832E-04
   4.22353949E-03  -6.99864374E-03   6.95337018E-04  -2.27267592E-04
   4.24190192E-03  -6.99366443E-03   7.05508748E-04  -2.06214769E-04
   4.25973162E-03  -6.98404713E-03   7.07237807E-04  -1.79528346E-04
   4.27871523E-03  -6.96360646E-03   7.12556124E-04  -1.89795115E-04
   4.29690583E-03  -6.95783179E-03   6.94467686E-04  -1.75936904E-04
   4.31485241E-03  -6.95633749E-03   6.67311891E-04  -1.56553462E-04
   4.32995986E-03  -6.93709776E-03   6.55604526E-04  -1.40086646E-04
   4.34271619E-03  -6.92492165E-03   6.53634546E-04  -1.11836547E-04
   4.35349625E-03  -6.90935412E-03   6.59246347E-04  -9.74057548E-05
   4.36401041E-03  -6.89540617E-03   6.57214550E-04  -9.99867407E-05
   4.37352108E-03  -6.88909460E-03   6.53814757E-04  -8.97415812E-05
   4.38123057E-03  -6.86563225E-03   6.60892518E-04  -1.10389890E-04
   4.38603060E-03  -6.83764927E-03   6.76868251E-04  -1.38269461E-04
   4.39058710E-03  -6.81825820E-03   6.91634894E-04  -1.38252522E-04
   4.39852988E-03  -6.79206708E-03   7.22812081E-04  -1.39223732E-04
   4.40649781E-03  -6.76734652E-03   7.44551362E-04  -1.46075254E-04
   4.41667018E-03  -6.72682514E-03   7.67821388E-04  -1.50529231E-04
   4.42577899E-03  -6.67595910E-03   7.86136894E-04  -1.51771077E-04
   4.43617627E-03  -6.62565138E-03   7.94873864E-04  -1.41073469E-04
   4.44233371E-03  -6.59028115E-03   7.94216583E-04  -1.16136653E-04
   4.45063179E-03  -6.56337664E-03   7.83195836E-04  -6.58581121E-05
   4.45787283E-03  -6.53261319E-03   7.59831397E-04  -1.08719187E-05
   4.46309661E-03  -6.50412124E-03   7.07948988E-04   2.66896950E-05
   4.46792925E-03  -6.48235856E-03   6.66600827E-04   5.26498370E-05
   4.47201310E-03  -6.46929303E-03   6.34667580E-04   6.12541116E-05
   4.47509624E-03  -6.46512955E-03   6.37044257E-04   6.88439468E-05
   4.47727973E-03  -6.46264851E-03   6.29716262E-04   7.23607154E-05
   4.48117638E-03  -6.45474996E-03   6.20333129E-04   7.98577530E-05
   4.48437640E-03  -6.44965237E-03   6.31921284E-04   1.08164066E-04
   4.48790751E-03  -6.43053418E-03   6.36467186E-04   1.27719657E-04
   4.49261395E-03  -6.40241662E-03   6.34557102E-04   1.27784544E-04
   4.49739629E-03  -6.37896685E-03   6.30745373E-04   1.27174106E-04
   4.50162590E-03  -6.35753106E-03   6.29300659E-04   1.17231997E-04
   4.50523617E-03  -6.32597739E-03   6.21340820E-04   1.14451330E-04
   4.50713933E-03  -6.29431196E-03   6.22963358E-04   9.33449992E-05
   4.50834958E-03  -6.27360027E-03   6.17642887E-04   7.38909075E-05
   4.50879522E-03  -6.25974312E-03   6.21423358E-04   9.19578306E-05
   4.50945506E-03  -6.23107841E-03   6.35470788E-04   9.99462354E-05
   4.50955052E-03  -6.20553363E-03   6.51759503E-04   8.22940710E-05
   4.51142807E-03  -6.17781235E-03   6.59823010E-04   5.62848909E-05
   4.51627001E-03  -6.14273921E-03   6.68802706E-04   4.10652174E-05
   4.52398742E-03  -6.11517066E-03   6.83500082E-04   2.48731958E-05
   4.53116512E-03  -6.09166594E-03   7.04497448E-04   3.59964833E-05
   4.54014447E-03  -6.07685931E-03   7.18147319E-04   4.94213236E-05
   4.54800250E-03  -6.06084010E-03   7.24369660E-04   4.54438778E-05
   4.55365004E-03  -6.05023187E-03   7.29821273E-04   4.46180238E-05
   4.55994671E-03  -6.02571527E-03   7.27409031E-04   4.69005317E-05
   4.56095487E-03  -6.00764574E-03   7.44510267E-04   3.38241880E-05
   4.56408365E-03  -5.98810334E-03   7.70102837E-04   4.28322119E-06
   4.56467737E-03  -5.98323764E-03   7.91635830E-04  -2.69622396E-05
   4.56487015E-03  -5.99416392E-03   8.07163306E-04  -5.27744814E-05
   4.56508296E-03  -6.00734679E-03   8.16638640E-04  -6.93865222E-05
   4.56574978E-03  -6.04737177E-03   8.43866903E-04  -6.79059594E-05
   4.56952583E-03  -6.07805047E-03   8.56213854E-04  -6.80946760E-05
   4.57056426E-03  -6.10467000E-03   8.68640200E-04  -6.02281834E-05
   4.56894282E-03  -6.12588599E-03   8.93141259E-04  -3.56910714E-05
   4.56830254E-03  -6.14869175E-03   9.01892781E-04  -1.02654130E-05
   4.56570880E-03  -6.16982533E-03   9.12641117E-04   1.17992367E-05
   4.56144707E-03  -6.18389621E-03   9.25345521E-04   4.14847273E-05
   4.55875322E-03  -6.20279089E-03   9.23399406E-04   4.58769318E-05
   4.55586147E-03  -6.21103169E-03   9.16361867E-04   5.73097532E-05
   4.55372874E-03  -6.21976051E-03   9.09804541E-04   6.88901346E-05
   4.54996759E-03  -6.23319484E-03   9.16760589E-04   6.88110231E-05
   4.54536034E-03  -6.23703608E-03   9.26874578E-04   7.28181258E-05
   4.53649042E-03  -6.22876827E-03   9.21454804E-04   6.62051025E-05
   4.52778023E-03  -6.21791976E-03   9.09014489E-04   5.04380478E-05
   4.52253269E-03  -6.21155137E-03   9.11523413E-04   4.77798239E-05
   4.51968051E-03  -6.21321984E-03   9.23877757E-04   5.81020431E-05
   4.51822439E-03  -6.21877471E-03   9.35897464E-04   5.34607680E-05
   4.51711519E-03  -6.22966699E-03   9.58637975E-04   6.81426100E-05
   4.51832730E-03  -6.25124434E-03   9.72686452E-04   6.54915202E-05
   4.51972662E-03  -6.28121616E-03   9.85333230E-04   4.66401762E-05
   4.52215411E-03  -6.30357722E-03   9.90789034E-04   4.05597566E-05
   4.52456903E-03  -6.32414082E-03   9.94594186E-04   3.37615274E-05
   4.52645216E-03  -6.35324698E-03   9.95102338E-04   3.22623600E-05
   4.52890154E-03  -6.38683233E-03   9.92265181E-04   4.79736773E-05
   4.52865893E-03  -6.41120737E-03   9.67926113E-04   6.61078593E-05
   4.52804239E-03  -6.44336315E-03   9.42174927E-04   7.52815176E-05
   4.52512968E-03  -6.48177415E-03   9.10848379E-04   6.69192523E-05
   4.52083908E-03  -6.51999656E-03   8.71690107E-04   4.93870866E-05
   4.51821135E-03  -6.54983800E-03   8.23187467E-04   4.32385823E-05
   4.51543136E-03  -6.59904862E-03   7.74365966E-04   4.05403480E-05
   4.51266533E-03  -6.65050326E-03   7.50055595E-04   3.72636023E-05
   4.50899079E-03  -6.70889858E-03   7.34378293E-04   3.85126878E-05
   4.50488972E-03  -6.75969291E-03   7.26196624E-04   4.92703148E-05
   4.50064382E-03  -6.79824222E-03   7.02666875E-04   7.66960438E-05
