              NaN              NaN              NaN              NaN
   2.00000715       2.10477638       2.21815777       2.34857583    
   3.00037885       3.13211441       3.28829932       3.44919252    
   3.33370638       3.50099874       3.69039822       3.88457298    
   3.50238919       3.69574046       3.92333508       4.14002466    
   3.59715748       3.82228684       4.07793427       4.33066940    
   3.66546917       3.92009592       4.20688581       4.49288702    
   3.71962929       4.00433826       4.32482338       4.63154507    
   3.76032543       4.07451773       4.41407728       4.74431038    
   3.78933835       4.13767147       4.49507761       4.84575081    
   3.80761719       4.19262886       4.58415222       4.94529343    
   3.82729983       4.24267101       4.66444969       5.02507305    
   3.84330082       4.28875256       4.74256229       5.09832811    
   3.85834599       4.33215618       4.81060314       5.16324615    
   3.87051749       4.36930180       4.87846994       5.22129107    
   3.88241243       4.40635824       4.94117355       5.28277349    
   3.89250731       4.44455147       4.99766254       5.34877968    
   3.89829516       4.48110771       5.04801083       5.40479136    
   3.90156841       4.51484060       5.10041857       5.45757246    
   3.90518260       4.54689407       5.15070057       5.50208521    
   3.90835381       4.57554102       5.19951487       5.54976177    
   3.91255665       4.60369968       5.24452353       5.58861923    
   3.91676545       4.63126659       5.29053450       5.62859869    
   3.92073774       4.65825176       5.33068132       5.66755390    
   3.92350626       4.68140936       5.36707783       5.70367956    
   3.92582321       4.70574760       5.40011549       5.73926973    
   3.92770910       4.73056746       5.43623161       5.76440382    
   3.92820239       4.75378466       5.47517967       5.78762674    
   3.92931867       4.77773905       5.51036215       5.81159830    
   3.93114352       4.80159521       5.54012680       5.83183908    
   3.93233228       4.82472706       5.56357336       5.85154533    
   3.93315053       4.84751463       5.58380604       5.86946392    
   3.93462443       4.86872196       5.60277081       5.88492823    
   3.93667889       4.88968277       5.62094116       5.89622688    
   3.93927002       4.90857029       5.64098406       5.90430403    
   3.94128561       4.92725420       5.65939713       5.91606283    
   3.94210196       4.94678068       5.67600012       5.93065262    
   3.94403648       4.96611071       5.69098234       5.94433212    
   3.94593954       4.98607016       5.70679140       5.95436716    
   3.94812036       5.00587130       5.72079325       5.96411467    
   3.94965863       5.02372885       5.73252583       5.97483015    
   3.95121551       5.04354048       5.74315357       5.98674488    
   3.95232987       5.06368637       5.75304842       5.99828863    
   3.95343184       5.08439350       5.76185465       6.00979900    
   3.95471001       5.10449839       5.77241421       6.01871681    
   3.95728731       5.12446785       5.78412485       6.02626371    
   3.95966721       5.14382219       5.79443598       6.03390408    
   3.96193981       5.16311646       5.80604553       6.04196978    
   3.96349120       5.18097830       5.81774426       6.05036116    
   3.96514106       5.19853973       5.82885313       6.05892229    
   3.96617198       5.21503735       5.83830452       6.06693363    
   3.96697593       5.23254681       5.84871912       6.07232571    
   3.96850753       5.25002527       5.85850525       6.07620573    
   3.96970797       5.26659393       5.86848640       6.08071423    
   3.97081375       5.28291321       5.87871122       6.08611536    
   3.97186875       5.29962301       5.88834524       6.09099054    
   3.97274470       5.31648874       5.89887714       6.09351540    
   3.97416019       5.33261108       5.90982008       6.09726858    
   3.97548676       5.34839678       5.91897345       6.10040808    
   3.97646403       5.36263943       5.92618084       6.10409975    
   3.97770095       5.37601852       5.93560076       6.10682964    
   3.97877145       5.39008999       5.94186020       6.10805655    
   3.97950888       5.40339231       5.94826746       6.10884333    
   3.97976470       5.41536188       5.95420694       6.11053896    
   3.98037195       5.42744780       5.96060324       6.11191845    
   3.98118210       5.43884087       5.96643877       6.11359453    
   3.98191404       5.45033646       5.97266579       6.11392736    
   3.98252749       5.46176434       5.98048258       6.11333704    
   3.98330784       5.47342777       5.98879051       6.11169863    
   3.98387766       5.48489714       5.99605274       6.11153936    
   3.98441362       5.49491358       6.00307941       6.11231089    
   3.98474526       5.50533533       6.00877857       6.11451244    
   3.98505354       5.51522160       6.01541471       6.11512327    
   3.98537445       5.52505684       6.02177095       6.11653996    
   3.98584366       5.53440285       6.02704477       6.11817884    
   3.98587680       5.54396152       6.03169155       6.12031031    
   3.98606014       5.55254698       6.03621244       6.12345171    
   3.98631263       5.56149864       6.04085827       6.12789536    
   3.98655677       5.56962061       6.04377270       6.13209105    
   3.98695135       5.57783270       6.04631758       6.13619614    
   3.98716211       5.58685923       6.04863596       6.13983870    
   3.98696852       5.59560347       6.05053186       6.14245653    
   3.98634624       5.60376215       6.05345821       6.14501429    
   3.98573017       5.61150360       6.05664873       6.14651632    
   3.98513794       5.61974335       6.06057358       6.14725780    
   3.98437452       5.62680626       6.06345510       6.14791536    
   3.98345923       5.63350916       6.06585073       6.14826107    
   3.98283124       5.64016724       6.06779051       6.14932156    
   3.98225474       5.64625597       6.06910229       6.15141058    
   3.98172331       5.65254688       6.07041121       6.15312004    
   3.98133612       5.65869951       6.07243061       6.15413809    
   3.98101902       5.66465378       6.07371044       6.15515995    
   3.98033977       5.67088223       6.07522869       6.15686274    
   3.97944689       5.67741585       6.07657385       6.15920258    
   3.97865462       5.68343639       6.07824135       6.16149902    
   3.97806215       5.68947077       6.08028984       6.16242790    
   3.97746587       5.69517326       6.08380413       6.16217804    
   3.97697353       5.70126915       6.08778143       6.16107845    
   3.97641850       5.70727253       6.09078169       6.15984535    
   3.97584200       5.71343994       6.09460545       6.15949535    
   3.97530937       5.71905994       6.09807587       6.15975237    
   3.97482347       5.72507477       6.10151196       6.15952444    
   3.97439122       5.73043346       6.10437822       6.16032314    
   3.97403932       5.73639011       6.10660076       6.16089201    
   3.97366953       5.74195099       6.10828686       6.16174412    
   3.97312689       5.74716854       6.10983849       6.16198874    
   3.97283888       5.75252628       6.11226797       6.16209793    
   3.97256279       5.75813675       6.11416197       6.16245461    
   3.97252440       5.76437187       6.11546850       6.16231394    
   3.97245240       5.77012873       6.11708498       6.16123819    
   3.97231460       5.77590895       6.11897850       6.15973139    
   3.97216320       5.78152800       6.12023020       6.15827274    
   3.97218251       5.78718567       6.12193155       6.15759420    
   3.97227764       5.79199123       6.12386560       6.15711021    
   3.97226334       5.79684877       6.12600946       6.15614271    
   3.97217464       5.80108070       6.12762642       6.15530443    
   3.97175550       5.80588055       6.12939262       6.15472364    
   3.97124648       5.81062412       6.13104200       6.15435553    
   3.97087717       5.81502008       6.13293171       6.15325022    
   3.97054410       5.81939268       6.13466406       6.15288591    
   3.97030473       5.82341385       6.13575983       6.15251064    
   3.97004151       5.82704926       6.13691044       6.15209675    
   3.96998835       5.83006668       6.13730955       6.15180683    
   3.96984696       5.83360243       6.13761520       6.15081596    
   3.96983337       5.83757257       6.13743114       6.14960527    
   3.96998787       5.84187460       6.13701344       6.14838314    
   3.97025037       5.84638834       6.13686657       6.14719915    
   3.97050095       5.85088110       6.13728809       6.14562225    
   3.97074866       5.85496187       6.13794088       6.14455032    
   3.97093391       5.85924292       6.13895416       6.14391279    
   3.97095108       5.86333418       6.13981962       6.14403152    
   3.97120762       5.86765862       6.13975573       6.14359951    
   3.97156429       5.87235069       6.13936186       6.14355803    
   3.97197843       5.87670898       6.13881302       6.14423561    
   3.97239757       5.88102341       6.13889408       6.14418030    
   3.97278357       5.88450480       6.13864183       6.14383602    
   3.97304296       5.88825464       6.13844395       6.14241743    
   3.97336197       5.89158869       6.13846779       6.14145947    
   3.97355652       5.89499521       6.13845062       6.14016914    
   3.97373962       5.89869022       6.13878202       6.13916445    
   3.97407198       5.90231752       6.13901424       6.13827276    
   3.97428226       5.90584612       6.13877153       6.13776112    
   3.97452855       5.90938711       6.13789368       6.13724995    
   3.97476721       5.91266489       6.13792801       6.13722134    
   3.97507453       5.91568661       6.13831282       6.13713217    
   3.97542310       5.91863918       6.13903379       6.13686562    
   3.97569394       5.92156506       6.14036942       6.13668871    
   3.97587156       5.92385483       6.14148474       6.13621140    
   3.97595406       5.92651224       6.14232016       6.13619137    
   3.97598433       5.92925406       6.14273691       6.13640881    
   3.97591996       5.93202162       6.14258909       6.13800335    
   3.97577548       5.93436623       6.14171696       6.14019346    
   3.97556281       5.93644619       6.14117336       6.14239216    
   3.97533798       5.93849134       6.14107609       6.14531898    
   3.97515392       5.94040108       6.14095163       6.14867687    
   3.97503662       5.94192362       6.14039946       6.15190077    
   3.97493005       5.94318485       6.13951254       6.15408516    
   3.97487617       5.94429922       6.13889742       6.15596008    
   3.97479415       5.94611788       6.13851404       6.15841866    
   3.97474766       5.94794130       6.13861418       6.16091061    
   3.97460580       5.94955540       6.13857126       6.16240835    
   3.97452664       5.95097876       6.13887596       6.16456223    
   3.97448921       5.95245075       6.13943958       6.16613674    
   3.97447681       5.95427322       6.14007711       6.16733837    
   3.97452950       5.95620775       6.14090919       6.16790867    
   3.97455859       5.95782185       6.14191818       6.16840649    
   3.97456288       5.95921803       6.14310169       6.16867113    
   3.97456813       5.96049643       6.14434099       6.16910315    
   3.97452927       5.96168232       6.14501190       6.16938353    
   3.97439075       5.96260023       6.14548016       6.16980743    
   3.97431827       5.96365118       6.14608765       6.17078876    
   3.97423029       5.96493912       6.14672089       6.17141867    
   3.97404194       5.96592522       6.14676142       6.17247105    
   3.97384572       5.96667528       6.14711332       6.17386961    
   3.97365832       5.96752167       6.14761877       6.17497444    
   3.97355056       5.96828079       6.14830446       6.17572355    
   3.97359967       5.96896935       6.14834023       6.17599821    
   3.97362256       5.96973324       6.14833355       6.17585135    
   3.97359872       5.97021484       6.14874935       6.17548943    
   3.97358084       5.97055817       6.14909554       6.17530918    
   3.97354174       5.97101307       6.14919424       6.17522907    
   3.97352505       5.97148895       6.14938068       6.17493486    
   3.97351384       5.97193098       6.14964437       6.17484236    
   3.97347236       5.97244358       6.15010309       6.17462587    
   3.97342420       5.97310591       6.15048790       6.17458296    
   3.97322416       5.97383118       6.15044069       6.17442226    
   3.97308183       5.97450495       6.15005732       6.17510986    
   3.97284126       5.97478724       6.14973736       6.17565727    
   3.97263432       5.97497368       6.14944506       6.17588615    
   3.97245049       5.97546148       6.14912796       6.17543221    
   3.97224331       5.97616529       6.14924479       6.17517757    
   3.97213483       5.97695351       6.14940739       6.17505932    
   3.97204614       5.97763157       6.14905834       6.17552471    
   3.97185445       5.97841930       6.14877033       6.17639303    
   3.97157359       5.97925091       6.14860249       6.17740107    
   3.97125077       5.97993755       6.14834976       6.17832422    
   3.97098374       5.98067570       6.14822102       6.17909193    
   3.97075486       5.98169231       6.14804554       6.17978477    
   3.97053146       5.98250198       6.14809322       6.18030024    
   3.97031355       5.98312092       6.14776850       6.18112564    
   3.97006297       5.98384285       6.14809847       6.18236971    
   3.96985626       5.98425674       6.14808846       6.18337011    
   3.96964645       5.98454523       6.14769793       6.18387651    
   3.96945548       5.98506308       6.14710426       6.18403482    
   3.96921945       5.98560429       6.14589882       6.18364573    
   3.96899104       5.98658752       6.14493752       6.18346024    
   3.96880770       5.98724937       6.14419842       6.18361664    
   3.96862459       5.98790550       6.14366341       6.18321323    
   3.96848226       5.98868752       6.14341927       6.18216228    
   3.96829343       5.98927021       6.14334202       6.18127298    
   3.96814489       5.98997879       6.14302683       6.18051147    
   3.96801996       5.99071455       6.14291430       6.17947483    
   3.96789432       5.99123955       6.14305687       6.17890978    
   3.96778870       5.99213171       6.14292574       6.17851543    
   3.96775723       5.99308491       6.14271784       6.17847490    
   3.96776676       5.99367094       6.14250135       6.17892218    
   3.96772051       5.99429798       6.14259481       6.17953587    
   3.96764684       5.99462605       6.14263678       6.17984343    
   3.96762514       5.99479246       6.14282846       6.17995071    
   3.96756291       5.99516582       6.14322948       6.17982435    
   3.96750450       5.99575853       6.14332151       6.18032503    
   3.96751738       5.99619246       6.14348459       6.18031454    
   3.96753025       5.99674273       6.14340782       6.18064880    
   3.96758223       5.99711370       6.14359379       6.18095303    
   3.96759844       5.99744701       6.14368439       6.18117762    
   3.96765518       5.99786568       6.14374065       6.18207741    
   3.96772647       5.99794722       6.14371872       6.18296003    
   3.96779919       5.99793291       6.14366341       6.18358469    
   3.96788478       5.99782181       6.14345264       6.18375540    
   3.96793032       5.99791479       6.14314556       6.18399525    
   3.96802807       5.99811649       6.14260530       6.18440676    
   3.96811056       5.99856329       6.14223766       6.18522453    
   3.96821523       5.99903631       6.14179945       6.18593502    
   3.96834731       5.99939013       6.14146709       6.18621635    
   3.96846795       5.99996614       6.14101171       6.18610525    
   3.96860480       6.00061750       6.14053154       6.18594646    
   3.96872330       6.00106239       6.14048243       6.18568277    
   3.96875644       6.00148821       6.14015532       6.18490553    
   3.96878386       6.00190973       6.13976908       6.18432379    
   3.96879625       6.00257015       6.13927698       6.18409300    
   3.96878862       6.00337601       6.13855314       6.18405914    
   3.96876383       6.00405312       6.13773870       6.18417215    
   3.96873474       6.00464010       6.13713074       6.18404579    
   3.96872234       6.00512314       6.13659811       6.18397427    
   3.96874237       6.00569391       6.13591290       6.18374968    
   3.96881127       6.00630856       6.13517427       6.18374920    
   3.96893024       6.00692368       6.13439560       6.18369770    
   3.96912122       6.00764227       6.13387060       6.18344355    
   3.96932030       6.00841475       6.13343287       6.18315315    
   3.96955895       6.00908995       6.13286352       6.18265581    
   3.96977592       6.00985861       6.13229513       6.18231630    
   3.97000074       6.01054525       6.13171482       6.18191290    
   3.97023940       6.01131964       6.13114691       6.18171263    
   3.97048736       6.01174593       6.13068962       6.18167400    
   3.97072649       6.01223326       6.13018560       6.18104935    
   3.97093749       6.01263618       6.12936783       6.18052053    
   3.97109652       6.01301003       6.12850332       6.17993069    
   3.97124624       6.01303291       6.12760353       6.17981577    
   3.97137880       6.01300573       6.12685299       6.17996883    
   3.97153449       6.01293564       6.12632322       6.18018484    
   3.97168899       6.01302099       6.12589598       6.18068695    
   3.97187185       6.01309919       6.12533092       6.18099928    
   3.97202086       6.01325703       6.12484264       6.18146515    
   3.97214723       6.01330948       6.12416983       6.18214226    
   3.97220325       6.01354694       6.12336588       6.18281984    
   3.97228026       6.01390505       6.12264872       6.18348265    
   3.97236061       6.01434469       6.12176895       6.18371582    
   3.97246456       6.01467466       6.12076521       6.18410301    
   3.97257829       6.01499367       6.11981630       6.18475866    
   3.97264242       6.01521921       6.11901855       6.18505144    
   3.97267866       6.01538849       6.11835718       6.18514013    
   3.97265673       6.01548004       6.11760521       6.18500996    
   3.97261405       6.01543856       6.11679554       6.18498039    
   3.97258854       6.01529980       6.11618185       6.18510580    
   3.97251678       6.01508284       6.11582994       6.18518400    
   3.97242498       6.01492357       6.11543322       6.18535376    
   3.97238183       6.01469755       6.11513233       6.18533325    
   3.97234130       6.01446247       6.11498260       6.18508768    
   3.97228432       6.01415300       6.11485672       6.18482733    
   3.97221661       6.01386309       6.11467123       6.18433905    
   3.97211671       6.01359367       6.11471605       6.18386698    
   3.97206616       6.01332426       6.11456203       6.18354082    
   3.97202277       6.01276302       6.11457968       6.18289852    
   3.97203064       6.01231527       6.11467314       6.18238926    
   3.97202682       6.01190853       6.11498547       6.18194675    
   3.97200012       6.01134872       6.11500549       6.18123531    
   3.97200632       6.01089668       6.11524773       6.18072748    
   3.97200966       6.01043272       6.11520815       6.18030834    
   3.97200799       6.01004648       6.11512136       6.17996979    
   3.97199583       6.00970745       6.11509895       6.17978811    
   3.97202921       6.00946283       6.11478615       6.17970753    
   3.97206450       6.00917673       6.11484766       6.17957735    
   3.97213721       6.00900030       6.11482906       6.17921972    
   3.97219086       6.00870800       6.11478853       6.17871571    
   3.97221518       6.00846624       6.11510277       6.17782259    
   3.97223544       6.00787830       6.11549568       6.17716217    
   3.97228670       6.00729656       6.11588097       6.17669535    
   3.97228599       6.00660992       6.11592627       6.17625999    
   3.97232199       6.00599194       6.11606264       6.17594528    
   3.97236681       6.00532007       6.11611700       6.17564821    
   3.97240734       6.00469208       6.11617851       6.17524195    
   3.97243905       6.00402832       6.11622477       6.17519474    
   3.97249055       6.00352192       6.11616468       6.17480326    
   3.97253275       6.00293779       6.11635637       6.17438269    
   3.97258973       6.00242281       6.11673212       6.17394114    
   3.97263718       6.00214195       6.11705589       6.17366505    
   3.97270870       6.00177097       6.11726093       6.17329168    
   3.97280288       6.00146055       6.11708641       6.17280626    
   3.97295761       6.00117350       6.11717176       6.17237329    
   3.97313285       6.00086927       6.11736727       6.17222834    
   3.97331738       6.00074148       6.11749363       6.17196226    
   3.97352529       6.00048399       6.11789894       6.17185307    
   3.97370911       6.00004053       6.11811829       6.17154455    
   3.97388315       5.99953699       6.11854219       6.17138863    
   3.97404170       5.99918556       6.11900043       6.17093325    
   3.97415066       5.99859476       6.11936855       6.17033768    
   3.97422814       5.99794626       6.11979771       6.16993666    
   3.97433019       5.99733829       6.12037325       6.16960096    
   3.97443557       5.99678850       6.12061310       6.16974592    
   3.97454309       5.99630594       6.12096405       6.16969967    
   3.97465754       5.99584913       6.12134218       6.16953516    
   3.97474742       5.99544048       6.12195969       6.16921473    
   3.97482347       5.99505281       6.12248278       6.16897583    
   3.97486138       5.99470997       6.12282085       6.16874838    
   3.97492170       5.99428797       6.12322569       6.16870451    
   3.97500134       5.99387217       6.12356281       6.16845560    
   3.97507739       5.99345112       6.12388134       6.16831779    
   3.97513127       5.99304914       6.12443781       6.16798925    
   3.97519994       5.99277735       6.12517786       6.16777658    
   3.97523165       5.99264336       6.12600851       6.16749430    
   3.97525072       5.99279022       6.12658167       6.16715193    
   3.97526526       5.99305105       6.12731409       6.16698599    
   3.97530413       5.99326181       6.12777615       6.16681671    
   3.97534966       5.99349117       6.12805033       6.16705704    
   3.97545600       5.99373913       6.12857294       6.16726398    
   3.97555900       5.99392271       6.12875223       6.16746283    
   3.97565746       5.99397135       6.12881470       6.16749334    
   3.97581244       5.99407005       6.12869787       6.16769266    
   3.97591710       5.99415636       6.12850714       6.16789007    
   3.97600293       5.99417257       6.12817574       6.16789865    
   3.97605491       5.99421787       6.12788916       6.16763401    
   3.97610736       5.99423599       6.12735701       6.16736650    
   3.97614193       5.99419355       6.12686872       6.16725492    
   3.97618532       5.99416924       6.12642908       6.16684961    
   3.97622132       5.99416590       6.12600279       6.16644573    
   3.97622681       5.99423790       6.12548971       6.16594267    
   3.97624040       5.99423504       6.12504435       6.16564274    
   3.97621417       5.99408960       6.12451553       6.16545582    
   3.97618222       5.99393940       6.12378740       6.16515446    
   3.97614288       5.99385595       6.12282610       6.16487885    
   3.97609568       5.99390554       6.12202358       6.16484118    
   3.97604442       5.99404812       6.12127924       6.16494846    
   3.97600007       5.99401522       6.12058306       6.16511965    
   3.97596598       5.99396944       6.12010813       6.16524076    
   3.97594452       5.99402857       6.11960411       6.16554451    
   3.97595739       5.99393797       6.11922646       6.16591454    
   3.97598863       5.99377394       6.11905813       6.16611814    
   3.97602820       5.99361753       6.11907816       6.16629744    
   3.97608280       5.99339676       6.11918545       6.16636372    
   3.97615051       5.99324036       6.11937761       6.16642427    
   3.97619176       5.99322891       6.11948586       6.16647577    
   3.97624421       5.99319983       6.11943817       6.16655779    
   3.97630167       5.99326277       6.11927891       6.16658831    
   3.97633266       5.99349689       6.11910677       6.16666365    
   3.97635818       5.99367237       6.11903191       6.16665220    
   3.97641015       5.99391651       6.11878729       6.16650343    
   3.97645092       5.99382544       6.11851263       6.16634083    
   3.97648573       5.99377632       6.11815262       6.16628885    
   3.97649217       5.99371004       6.11777687       6.16634703    
   3.97651243       5.99366570       6.11760950       6.16654825    
   3.97653627       5.99355078       6.11720133       6.16678429    
   3.97657156       5.99350119       6.11685133       6.16699076    
   3.97663236       5.99350023       6.11661863       6.16747665    
   3.97670889       5.99354649       6.11644888       6.16773939    
   3.97677779       5.99357271       6.11620522       6.16782427    
   3.97685337       5.99354696       6.11599779       6.16786957    
   3.97692060       5.99359369       6.11597252       6.16788626    
   3.97702670       5.99375820       6.11604214       6.16788054    
   3.97715259       5.99395084       6.11612368       6.16787720    
   3.97727251       5.99417400       6.11635733       6.16780901    
   3.97741914       5.99441385       6.11658907       6.16781616    
   3.97754717       5.99477482       6.11687708       6.16765642    
   3.97770047       5.99514484       6.11723995       6.16740894    
   3.97784519       5.99551201       6.11757135       6.16743946    
   3.97800970       5.99588394       6.11814785       6.16719294    
   3.97816348       5.99632692       6.11860847       6.16704512    
   3.97833300       5.99683905       6.11927271       6.16697121    
   3.97846913       5.99736452       6.11984682       6.16707706    
   3.97861028       5.99774885       6.12032652       6.16744232    
   3.97876668       5.99808168       6.12067699       6.16755152    
   3.97892046       5.99836969       6.12090015       6.16750336    
   3.97906733       5.99865484       6.12100649       6.16766644    
   3.97919559       5.99887133       6.12108517       6.16755342    
   3.97930670       5.99924278       6.12109232       6.16727591    
   3.97938943       5.99969006       6.12104750       6.16696453    
   3.97945356       6.00007486       6.12088299       6.16664600    
   3.97951102       6.00037861       6.12057066       6.16635704    
   3.97957277       6.00062895       6.12037659       6.16612244    
   3.97963762       6.00093031       6.11996555       6.16600180    
   3.97971058       6.00130081       6.11959076       6.16599369    
   3.97977948       6.00156879       6.11917210       6.16600180    
   3.97986507       6.00174141       6.11873388       6.16612816    
   3.97996259       6.00182295       6.11823130       6.16628456    
   3.98008966       6.00189400       6.11783886       6.16644764    
   3.98020077       6.00191498       6.11749554       6.16659451    
   3.98030901       6.00180817       6.11711168       6.16659307    
   3.98041582       6.00161934       6.11681747       6.16664839    
   3.98052835       6.00139093       6.11650324       6.16664982    
   3.98063588       6.00124693       6.11623001       6.16676903    
   3.98074079       6.00113058       6.11594439       6.16707039    
   3.98089027       6.00105286       6.11588097       6.16744184    
   3.98103547       6.00099277       6.11584187       6.16763973    
   3.98119402       6.00091028       6.11569929       6.16769028    
   3.98133779       6.00075579       6.11559153       6.16777086    
   3.98149085       6.00058222       6.11552000       6.16800499    
   3.98162150       6.00040531       6.11538172       6.16809988    
   3.98173738       6.00020456       6.11529255       6.16826725    
   3.98184538       6.00012493       6.11531162       6.16838503    
   3.98195887       6.00001669       6.11530828       6.16840744    
   3.98208952       5.99994087       6.11528587       6.16848469    
   3.98220491       5.99987745       6.11527014       6.16848326    
   3.98231649       5.99990749       6.11500025       6.16861916    
   3.98242664       5.99992466       6.11481667       6.16858387    
   3.98250580       5.99996090       6.11474943       6.16869497    
   3.98258376       6.00000334       6.11462736       6.16854191    
   3.98266792       6.00018930       6.11436224       6.16863775    
   3.98275518       6.00046492       6.11414337       6.16870213    
   3.98285079       6.00056219       6.11387253       6.16877222    
   3.98298287       6.00064850       6.11353016       6.16874838    
   3.98310471       6.00062752       6.11315298       6.16872025    
   3.98322678       6.00075150       6.11262655       6.16870117    
   3.98334837       6.00094318       6.11221552       6.16877031    
   3.98346472       6.00107288       6.11186743       6.16888571    
   3.98355818       6.00122976       6.11162424       6.16897345    
   3.98364186       6.00162220       6.11143255       6.16911364    
   3.98373294       6.00195265       6.11120510       6.16918182    
   3.98383760       6.00239897       6.11116028       6.16928005    
   3.98392415       6.00285864       6.11103964       6.16923237    
   3.98401880       6.00333595       6.11075974       6.16917562    
   3.98410130       6.00386620       6.11064482       6.16898918    
   3.98420024       6.00433397       6.11061096       6.16879368    
   3.98428965       6.00493526       6.11040401       6.16867352    
   3.98436165       6.00557899       6.11037970       6.16851091    
   3.98443222       6.00615072       6.11050272       6.16855860    
   3.98450947       6.00664854       6.11066008       6.16856432    
   3.98456979       6.00715446       6.11083078       6.16862679    
   3.98462319       6.00766897       6.11095619       6.16881418    
   3.98468995       6.00827599       6.11100006       6.16891909    
   3.98475313       6.00900078       6.11103725       6.16886473    
   3.98479438       6.00960684       6.11116076       6.16890812    
   3.98482347       6.01014137       6.11140156       6.16889811    
   3.98485875       6.01069212       6.11162519       6.16886568    
   3.98490238       6.01136541       6.11198378       6.16903305    
   3.98494720       6.01191759       6.11226511       6.16928148    
   3.98497605       6.01258945       6.11263943       6.16950941    
   3.98500824       6.01310015       6.11290169       6.16980648    
   3.98505163       6.01357222       6.11302042       6.17001438    
   3.98509765       6.01421642       6.11307716       6.17029142    
   3.98513317       6.01472092       6.11287832       6.17043781    
   3.98515129       6.01500177       6.11262035       6.17056227    
   3.98516202       6.01521826       6.11243057       6.17047262    
   3.98518777       6.01530313       6.11214495       6.17045069    
   3.98520613       6.01535702       6.11199665       6.17055321    
   3.98525548       6.01543951       6.11196423       6.17057896    
   3.98531103       6.01546860       6.11204624       6.17068338    
   3.98535395       6.01549053       6.11222315       6.17060232    
   3.98540711       6.01554346       6.11247635       6.17059803    
   3.98548436       6.01573420       6.11257219       6.17071247    
   3.98555708       6.01592302       6.11271477       6.17095613    
   3.98561645       6.01595306       6.11285639       6.17109299    
   3.98568010       6.01596069       6.11278772       6.17110491    
   3.98574901       6.01610518       6.11268806       6.17101622    
   3.98579335       6.01624346       6.11244822       6.17106581    
   3.98582053       6.01636744       6.11227512       6.17103910    
   3.98585129       6.01638508       6.11230421       6.17111254    
   3.98589873       6.01636839       6.11233711       6.17118311    
   3.98592973       6.01642370       6.11231899       6.17105198    
   3.98595738       6.01648760       6.11236525       6.17085457    
   3.98599482       6.01649189       6.11244535       6.17069530    
   3.98605084       6.01643705       6.11244631       6.17043638    
   3.98612428       6.01633596       6.11247301       6.17003250    
   3.98618770       6.01618862       6.11237478       6.16978741    
   3.98625493       6.01610327       6.11217928       6.16969633    
   3.98632884       6.01598454       6.11187649       6.16958380    
   3.98641419       6.01587534       6.11180735       6.16934013    
   3.98648953       6.01580191       6.11172056       6.16910124    
   3.98658276       6.01578760       6.11169386       6.16878271    
   3.98667741       6.01581144       6.11161137       6.16857529    
   3.98675704       6.01590300       6.11172056       6.16848993    
   3.98685479       6.01580572       6.11193085       6.16851139    
   3.98695016       6.01572943       6.11209631       6.16866779    
   3.98705435       6.01577187       6.11216259       6.16895962    
   3.98717260       6.01572514       6.11222649       6.16927481    
   3.98730063       6.01571417       6.11228180       6.16965199    
   3.98743820       6.01566124       6.11235046       6.17001581    
   3.98757243       6.01558065       6.11243248       6.17036486    
   3.98769259       6.01561880       6.11252499       6.17069912    
   3.98781300       6.01568842       6.11267805       6.17100620    
   3.98793077       6.01567030       6.11274719       6.17113066    
   3.98803687       6.01573849       6.11279583       6.17127562    
   3.98815131       6.01576710       6.11273813       6.17156839    
   3.98827171       6.01592588       6.11257696       6.17195129    
   3.98839808       6.01607752       6.11238575       6.17214441    
   3.98853898       6.01634264       6.11225033       6.17254400    
   3.98865581       6.01671696       6.11215401       6.17279577    
   3.98877025       6.01715946       6.11199093       6.17297888    
   3.98888159       6.01750326       6.11171532       6.17322588    
   3.98898697       6.01776552       6.11162663       6.17352676    
   3.98908281       6.01804638       6.11146116       6.17376041    
   3.98918724       6.01847744       6.11123323       6.17416906    
   3.98928595       6.01882648       6.11096525       6.17459202    
   3.98939991       6.01916218       6.11083984       6.17505503    
   3.98952913       6.01943159       6.11082792       6.17558146    
   3.98966026       6.01976252       6.11096764       6.17601013    
   3.98979497       6.02004719       6.11103964       6.17631865    
   3.98992848       6.02031040       6.11114311       6.17660189    
   3.99008060       6.02059984       6.11132812       6.17691565    
   3.99023461       6.02087069       6.11153460       6.17716074    
   3.99038863       6.02126074       6.11159372       6.17728710    
   3.99054861       6.02155828       6.11169100       6.17739296    
   3.99071980       6.02186823       6.11182833       6.17743063    
   3.99088931       6.02223921       6.11194944       6.17725086    
   3.99107933       6.02255344       6.11198330       6.17717648    
   3.99126029       6.02294445       6.11192799       6.17713499    
   3.99145079       6.02328300       6.11194801       6.17702723    
   3.99162745       6.02359104       6.11176920       6.17707300    
   3.99180174       6.02379084       6.11148262       6.17724133    
   3.99198580       6.02400303       6.11113214       6.17743349    
   3.99216008       6.02417421       6.11070156       6.17750597    
   3.99233127       6.02442598       6.11023617       6.17765713    
   3.99250007       6.02476788       6.10982180       6.17785263    
   3.99265718       6.02511692       6.10935450       6.17802954    
   3.99281073       6.02551651       6.10893631       6.17809010    
   3.99295712       6.02589941       6.10848331       6.17816353    
   3.99310231       6.02624083       6.10806847       6.17807865    
   3.99325609       6.02656746       6.10761690       6.17800093    
   3.99342275       6.02691936       6.10722256       6.17788744    
   3.99356532       6.02741623       6.10676908       6.17783213    
   3.99370670       6.02794409       6.10641003       6.17770243    
   3.99382710       6.02852297       6.10612965       6.17782021    
   3.99394464       6.02905655       6.10573769       6.17779064    
   3.99405146       6.02958965       6.10535049       6.17797136    
   3.99416423       6.03012133       6.10492086       6.17805195    
   3.99428201       6.03074789       6.10459805       6.17829609    
   3.99439955       6.03142643       6.10441399       6.17849970    
   3.99451470       6.03209305       6.10420418       6.17862988    
   3.99464512       6.03281403       6.10399723       6.17856979    
   3.99476433       6.03346252       6.10391188       6.17844391    
   3.99489045       6.03405333       6.10391617       6.17822123    
   3.99501395       6.03466082       6.10399199       6.17804289    
   3.99514270       6.03527212       6.10409021       6.17796946    
   3.99526787       6.03579617       6.10411358       6.17799139    
   3.99539948       6.03634501       6.10412931       6.17803097    
   3.99552846       6.03694582       6.10412455       6.17818499    
   3.99565578       6.03763580       6.10409927       6.17829895    
   3.99578857       6.03821611       6.10410309       6.17819834    
   3.99592662       6.03870583       6.10405874       6.17815351    
   3.99605203       6.03915453       6.10417700       6.17821360    
   3.99618316       6.03964567       6.10415840       6.17824411    
   3.99632573       6.04019308       6.10411119       6.17841101    
   3.99646616       6.04060841       6.10413218       6.17847729    
   3.99659586       6.04106855       6.10436106       6.17855263    
   3.99672961       6.04147196       6.10450983       6.17893791    
   3.99686456       6.04189014       6.10479593       6.17921877    
   3.99698615       6.04222727       6.10500574       6.17935514    
   3.99713159       6.04261541       6.10509729       6.17949677    
   3.99726677       6.04301691       6.10511065       6.17968655    
   3.99738932       6.04335546       6.10516977       6.17973280    
   3.99752021       6.04373360       6.10532284       6.17975998    
   3.99766731       6.04411840       6.10559797       6.17977095    
   3.99781346       6.04443073       6.10595512       6.17990255    
   3.99796176       6.04478025       6.10625839       6.17997789    
   3.99811482       6.04507542       6.10646152       6.18006516    
   3.99827123       6.04544783       6.10653019       6.18004274    
   3.99843049       6.04571486       6.10664606       6.17985344    
   3.99859595       6.04605341       6.10668325       6.17967129    
   3.99875116       6.04639769       6.10676098       6.17934656    
   3.99891138       6.04678774       6.10677814       6.17897892    
   3.99907851       6.04720116       6.10678005       6.17883968    
   3.99924374       6.04757166       6.10678434       6.17888546    
   3.99938297       6.04795074       6.10677433       6.17879057    
   3.99953651       6.04838848       6.10685730       6.17867374    
   3.99970555       6.04877949       6.10690737       6.17847395    
   3.99984813       6.04913378       6.10693836       6.17837334    
   3.99999070       6.04955530       6.10707283       6.17828083    
   4.00012875       6.04992580       6.10722065       6.17819405    
   4.00026608       6.05024529       6.10742760       6.17808676    
   4.00040722       6.05055237       6.10753202       6.17788935    
   4.00053549       6.05092192       6.10760307       6.17779064    
   4.00068235       6.05135155       6.10768938       6.17769194    
   4.00083447       6.05178833       6.10783291       6.17753220    
   4.00099087       6.05223083       6.10804462       6.17732525    
   4.00112247       6.05238962       6.10833836       6.17702961    
   4.00126600       6.05258274       6.10847330       6.17685366    
   4.00140381       6.05281734       6.10867167       6.17664194    
   4.00153017       6.05308294       6.10880947       6.17645168    
   4.00166130       6.05328608       6.10903025       6.17635393    
   4.00179148       6.05354309       6.10913563       6.17632723    
   4.00190783       6.05377150       6.10924578       6.17639017    
   4.00203037       6.05399227       6.10930061       6.17637253    
   4.00217104       6.05412436       6.10923481       6.17618656    
   4.00233269       6.05422497       6.10899782       6.17613077    
   4.00247669       6.05435658       6.10878801       6.17616320    
   4.00262785       6.05444336       6.10863876       6.17612696    
   4.00277472       6.05463552       6.10854912       6.17611790    
   4.00292444       6.05485249       6.10850620       6.17592382    
   4.00307512       6.05514669       6.10850954       6.17577934    
   4.00323153       6.05529690       6.10841465       6.17574167    
   4.00338602       6.05548429       6.10836935       6.17575645    
   4.00353050       6.05555725       6.10824203       6.17577219    
   4.00366783       6.05562115       6.10816002       6.17570210    
   4.00380754       6.05563021       6.10795927       6.17567396    
   4.00391865       6.05572128       6.10790348       6.17579794    
   4.00402212       6.05572414       6.10789013       6.17593384    
   4.00411987       6.05575180       6.10787916       6.17601824    
   4.00419855       6.05567360       6.10792542       6.17613316    
   4.00427580       6.05565500       6.10795975       6.17623091    
   4.00434065       6.05564785       6.10799885       6.17637253    
   4.00442457       6.05564022       6.10803604       6.17644978    
   4.00450230       6.05559301       6.10817671       6.17653275    
   4.00458288       6.05553961       6.10840416       6.17653608    
   4.00467348       6.05553341       6.10859489       6.17657185    
   4.00476503       6.05544043       6.10876656       6.17642450    
   4.00486803       6.05544329       6.10891438       6.17625380    
   4.00497293       6.05533123       6.10911417       6.17619038    
   4.00506592       6.05527067       6.10930872       6.17617226    
   4.00515318       6.05529213       6.10950041       6.17618179    
   4.00524044       6.05537081       6.10973215       6.17633629    
   4.00533009       6.05543375       6.10995626       6.17639112    
   4.00542736       6.05547619       6.11007738       6.17655659    
   4.00552845       6.05549955       6.11022663       6.17684603    
   4.00562954       6.05547619       6.11037350       6.17704010    
   4.00572634       6.05542088       6.11056852       6.17708683    
   4.00581598       6.05533648       6.11087656       6.17718554    
   4.00589752       6.05533504       6.11111593       6.17723942    
   4.00597095       6.05535841       6.11131287       6.17734146    
   4.00604057       6.05531883       6.11146688       6.17740870    
   4.00611258       6.05531454       6.11170673       6.17745590    
   4.00618029       6.05525351       6.11182976       6.17762852    
   4.00626135       6.05522299       6.11175346       6.17759275    
   4.00634003       6.05517244       6.11167526       6.17755938    
   4.00640678       6.05510187       6.11168003       6.17759180    
   4.00647926       6.05508041       6.11183786       6.17754507    
   4.00654364       6.05511427       6.11220121       6.17746162    
   4.00660229       6.05509090       6.11251497       6.17741966    
   4.00666618       6.05510330       6.11254740       6.17723131    
   4.00673103       6.05506134       6.11256266       6.17717028    
   4.00679970       6.05491972       6.11251593       6.17717886    
   4.00687695       6.05481720       6.11251593       6.17705536    
   4.00693798       6.05471039       6.11241150       6.17713642    
   4.00700045       6.05450058       6.11233234       6.17732191    
   4.00706387       6.05434608       6.11212873       6.17734337    
   4.00713873       6.05424595       6.11196613       6.17732716    
   4.00721169       6.05413151       6.11187601       6.17733383    
   4.00728035       6.05406618       6.11175251       6.17725229    
   4.00733471       6.05399370       6.11161280       6.17724848    
   4.00738287       6.05381966       6.11152697       6.17739964    
   4.00743151       6.05366516       6.11141109       6.17745543    
   4.00747824       6.05346537       6.11132526       6.17751884    
   4.00752401       6.05332470       6.11116028       6.17760468    
   4.00758076       6.05324650       6.11103249       6.17772865    
   4.00763226       6.05307579       6.11092520       6.17790413    
   4.00767422       6.05281448       6.11099863       6.17803907    
   4.00772190       6.05259037       6.11113214       6.17808008    
   4.00776625       6.05240250       6.11118984       6.17806959    
   4.00781870       6.05226994       6.11137390       6.17811918    
   4.00787258       6.05211878       6.11143208       6.17811012    
   4.00791883       6.05193329       6.11133862       6.17818785    
   4.00798178       6.05171967       6.11119938       6.17828894    
   4.00803280       6.05153418       6.11096811       6.17845726    
   4.00808954       6.05134535       6.11065483       6.17842340    
   4.00813818       6.05116606       6.11033201       6.17840481    
   4.00817966       6.05101538       6.10998964       6.17840052    
   4.00821924       6.05088806       6.10968351       6.17840958    
   4.00828075       6.05078125       6.10943508       6.17830229    
   4.00834465       6.05068636       6.10919428       6.17821217    
   4.00842190       6.05063486       6.10894299       6.17803621    
   4.00848961       6.05050325       6.10878325       6.17780447    
   4.00856543       6.05040789       6.10866261       6.17762947    
   4.00864267       6.05025434       6.10867548       6.17743540    
   4.00872278       6.05017805       6.10871029       6.17727232    
   4.00879860       6.05013609       6.10870123       6.17721605    
   4.00888014       6.05014515       6.10885239       6.17711735    
   4.00896931       6.05007839       6.10895729       6.17696524    
   4.00906372       6.04997349       6.10901070       6.17682743    
   4.00915718       6.04985332       6.10906601       6.17679262    
   4.00925350       6.04973841       6.10918522       6.17686987    
   4.00935173       6.04969788       6.10936880       6.17699575    
   4.00943851       6.04962730       6.10958672       6.17695475    
   4.00951338       6.04953527       6.10989380       6.17678213    
   4.00959349       6.04945755       6.11025286       6.17662525    
   4.00965834       6.04937267       6.11053705       6.17644978    
   4.00971651       6.04923153       6.11067963       6.17634869    
   4.00978661       6.04910517       6.11065817       6.17630816    
   4.00986099       6.04899502       6.11065578       6.17626762    
   4.00996733       6.04885817       6.11057615       6.17606258    
   4.01006365       6.04880333       6.11047411       6.17584753    
   4.01016235       6.04882336       6.11037683       6.17556190    
   4.01025343       6.04888582       6.11024427       6.17540932    
   4.01035881       6.04891396       6.11005974       6.17531919    
   4.01045513       6.04890776       6.10992002       6.17522955    
   4.01054525       6.04887915       6.10980368       6.17508984    
   4.01064157       6.04886293       6.10966206       6.17490339    
   4.01073027       6.04891062       6.10956144       6.17475080    
   4.01082611       6.04890537       6.10956287       6.17457628    
   4.01091766       6.04886961       6.10961914       6.17426109    
   4.01100016       6.04896736       6.10975885       6.17395115    
   4.01108742       6.04904985       6.10991812       6.17369556    
   4.01117849       6.04903555       6.11010122       6.17350674    
   4.01126623       6.04902077       6.11028814       6.17333603    
   4.01135159       6.04897881       6.11043358       6.17321682    
   4.01143026       6.04888868       6.11066532       6.17307568    
   4.01151705       6.04874992       6.11092949       6.17294884    
   4.01160622       6.04863453       6.11117697       6.17294884    
   4.01169538       6.04848623       6.11140013       6.17297506    
   4.01178646       6.04831553       6.11157465       6.17299128    
   4.01187849       6.04816055       6.11174059       6.17296124    
   4.01198959       6.04800892       6.11187458       6.17295694    
   4.01209164       6.04784822       6.11192560       6.17307520    
   4.01219320       6.04775429       6.11200142       6.17325258    
   4.01229143       6.04767179       6.11218119       6.17334604    
   4.01237631       6.04756451       6.11219931       6.17343998    
   4.01246548       6.04745531       6.11223125       6.17346334    
   4.01254559       6.04734945       6.11224127       6.17341995    
   4.01261997       6.04720402       6.11222744       6.17333603    
   4.01268291       6.04710293       6.11221552       6.17337751    
   4.01274776       6.04699230       6.11224842       6.17353058    
   4.01280451       6.04693365       6.11222982       6.17365789    
   4.01286602       6.04687500       6.11220455       6.17391300    
   4.01293659       6.04688787       6.11219740       6.17415237    
   4.01299238       6.04692030       6.11213350       6.17440224    
   4.01305485       6.04695463       6.11207294       6.17458820    
   4.01310825       6.04696655       6.11206532       6.17469692    
   4.01316690       6.04697943       6.11214161       6.17490292    
   4.01323891       6.04692316       6.11219072       6.17517948    
   4.01330566       6.04688311       6.11218786       6.17530489    
   4.01338625       6.04673719       6.11214304       6.17542171    
   4.01345921       6.04646778       6.11213350       6.17553377    
   4.01352262       6.04619312       6.11213541       6.17566729    
   4.01358032       6.04591274       6.11219931       6.17583704    
   4.01364279       6.04564428       6.11234760       6.17585087    
   4.01370287       6.04538298       6.11239290       6.17574787    
   4.01375675       6.04518557       6.11241007       6.17551374    
   4.01381302       6.04497147       6.11245918       6.17535353    
   4.01386642       6.04483843       6.11253548       6.17523146    
   4.01391840       6.04468441       6.11258221       6.17501688    
   4.01397276       6.04453659       6.11262751       6.17480040    
   4.01401997       6.04443550       6.11273193       6.17470264    
   4.01405764       6.04433727       6.11282969       6.17449045    
   4.01410198       6.04427910       6.11286974       6.17442179    
   4.01415777       6.04419279       6.11291695       6.17435122    
   4.01421118       6.04401588       6.11292839       6.17426348    
   4.01425076       6.04374695       6.11301327       6.17435837    
   4.01428270       6.04350662       6.11303949       6.17448711    
   4.01430750       6.04323387       6.11304808       6.17460299    
   4.01433516       6.04300022       6.11308670       6.17467117    
   4.01434851       6.04278517       6.11313152       6.17487478    
   4.01436853       6.04262686       6.11317492       6.17512894    
   4.01437664       6.04244375       6.11325455       6.17542315    
   4.01438522       6.04222965       6.11335087       6.17561245    
   4.01439095       6.04197311       6.11347532       6.17578936    
   4.01439476       6.04174614       6.11361265       6.17577457    
   4.01440573       6.04146814       6.11376381       6.17575884    
   4.01440382       6.04123354       6.11383533       6.17573118    
   4.01440096       6.04100800       6.11393356       6.17576313    
   4.01441860       6.04074955       6.11399555       6.17587423    
   4.01442862       6.04045296       6.11406898       6.17606831    
   4.01443958       6.04017496       6.11414766       6.17615414    
   4.01446152       6.03994179       6.11428642       6.17624855    
   4.01447725       6.03971052       6.11455345       6.17637777    
   4.01448488       6.03949165       6.11480427       6.17645407    
   4.01449966       6.03928137       6.11501598       6.17661715    
   4.01451063       6.03911781       6.11515808       6.17683697    
   4.01452732       6.03897285       6.11531687       6.17690516    
   4.01454401       6.03881979       6.11549425       6.17705059    
   4.01455498       6.03866720       6.11553764       6.17705202    
   4.01456833       6.03854370       6.11558676       6.17694807    
   4.01458645       6.03844118       6.11557102       6.17674541    
   4.01460648       6.03838587       6.11564398       6.17655897    
   4.01463127       6.03835392       6.11562204       6.17634296    
   4.01465654       6.03830767       6.11553431       6.17618084    
   4.01468420       6.03826284       6.11548138       6.17605877    
   4.01471138       6.03820992       6.11544180       6.17607307    
   4.01474142       6.03818178       6.11537123       6.17611027    
   4.01476622       6.03816509       6.11538839       6.17614412    
   4.01479626       6.03818750       6.11542225       6.17606735    
   4.01482725       6.03822803       6.11542511       6.17604494    
   4.01485252       6.03831291       6.11540222       6.17598057    
   4.01488113       6.03835249       6.11533642       6.17590523    
   4.01490641       6.03833914       6.11528254       6.17575264    
   4.01492548       6.03840637       6.11517954       6.17558670    
   4.01493740       6.03839111       6.11508608       6.17545986    
   4.01495361       6.03831482       6.11506128       6.17521858    
   4.01496029       6.03821039       6.11509514       6.17497158    
   4.01497412       6.03810835       6.11505890       6.17473412    
   4.01498699       6.03804302       6.11503363       6.17445135    
   4.01499557       6.03799105       6.11492777       6.17416286    
   4.01501465       6.03798389       6.11494637       6.17391586    
   4.01502657       6.03802729       6.11501074       6.17364502    
   4.01504040       6.03801203       6.11511898       6.17328787    
   4.01504517       6.03792715       6.11518431       6.17296171    
   4.01505756       6.03786659       6.11526489       6.17262602    
   4.01506376       6.03783274       6.11534643       6.17240095    
   4.01506567       6.03776598       6.11539841       6.17218637    
   4.01508045       6.03778219       6.11533356       6.17204094    
   4.01509523       6.03786278       6.11533642       6.17191124    
   4.01511145       6.03800917       6.11527538       6.17184210    
   4.01512146       6.03813267       6.11518049       6.17182493    
   4.01513672       6.03825283       6.11508560       6.17191172    
   4.01515913       6.03830385       6.11503935       6.17196274    
   4.01518154       6.03834105       6.11498594       6.17202044    
   4.01518774       6.03837347       6.11497402       6.17213106    
   4.01521730       6.03834534       6.11496019       6.17221832    
   4.01524210       6.03833961       6.11481428       6.17233372    
   4.01525831       6.03834629       6.11466074       6.17232418    
   4.01527786       6.03837109       6.11448240       6.17222977    
   4.01528311       6.03836012       6.11439037       6.17216063    
   4.01530409       6.03838682       6.11433697       6.17208862    
   4.01533175       6.03843784       6.11431599       6.17207861    
   4.01536322       6.03849983       6.11432314       6.17211246    
   4.01540041       6.03862000       6.11437178       6.17225647    
   4.01542759       6.03867769       6.11443043       6.17229605    
   4.01546335       6.03869820       6.11455584       6.17234421    
   4.01550150       6.03868961       6.11460209       6.17240286    
   4.01553774       6.03867769       6.11469316       6.17255306    
   4.01557398       6.03870058       6.11466646       6.17271090    
   4.01560879       6.03865623       6.11468172       6.17283249    
   4.01564837       6.03863001       6.11465168       6.17285490    
   4.01567841       6.03855467       6.11463451       6.17300034    
   4.01572227       6.03845501       6.11472511       6.17329884    
   4.01575756       6.03836203       6.11490250       6.17355680    
   4.01580667       6.03827906       6.11496162       6.17372942    
   4.01584864       6.03818989       6.11491871       6.17391682    
   4.01589060       6.03814173       6.11488390       6.17401600    
   4.01593971       6.03810263       6.11488342       6.17393112    
   4.01599216       6.03809166       6.11490297       6.17387199    
   4.01604128       6.03794289       6.11499834       6.17380953    
   4.01609182       6.03785133       6.11511374       6.17378950    
   4.01613998       6.03777504       6.11516523       6.17384052    
   4.01619387       6.03772354       6.11514807       6.17385578    
   4.01624775       6.03769493       6.11515808       6.17379379    
   4.01630163       6.03772831       6.11503410       6.17360830    
   4.01634932       6.03779030       6.11492300       6.17346144    
   4.01638651       6.03788662       6.11481905       6.17341185    
   4.01642466       6.03798532       6.11472321       6.17342377    
   4.01646757       6.03805351       6.11459923       6.17352915    
   4.01651716       6.03815269       6.11436224       6.17361403    
   4.01656342       6.03829288       6.11418438       6.17373276    
   4.01661587       6.03836632       6.11405420       6.17385578    
   4.01666737       6.03843927       6.11394119       6.17395782    
   4.01672077       6.03852987       6.11384392       6.17398643    
   4.01676416       6.03869057       6.11374283       6.17394876    
   4.01681900       6.03883123       6.11355829       6.17385864    
   4.01687956       6.03901672       6.11339808       6.17382288    
   4.01693153       6.03917789       6.11322069       6.17375326    
   4.01698160       6.03932190       6.11306620       6.17382956    
   4.01704121       6.03948259       6.11288452       6.17386293    
   4.01710463       6.03961468       6.11272049       6.17385054    
   4.01717377       6.03982162       6.11259413       6.17382383    
   4.01724052       6.04000473       6.11253786       6.17374706    
   4.01731348       6.04020834       6.11248922       6.17376852    
   4.01737833       6.04040098       6.11241579       6.17384815    
   4.01744890       6.04057455       6.11233473       6.17397356    
   4.01751757       6.04069805       6.11229277       6.17403650    
   4.01758623       6.04076529       6.11230326       6.17409658    
   4.01764727       6.04088879       6.11225033       6.17413664    
   4.01770878       6.04097509       6.11214352       6.17406940    
   4.01777124       6.04105425       6.11204576       6.17403555    
   4.01783562       6.04112768       6.11196375       6.17393351    
   4.01789951       6.04117298       6.11178255       6.17390490    
   4.01796627       6.04118586       6.11160517       6.17385960    
   4.01803112       6.04114580       6.11134577       6.17387247    
   4.01810312       6.04117823       6.11112404       6.17391157    
   4.01816750       6.04117298       6.11098957       6.17392683    
   4.01825094       6.04120111       6.11084414       6.17392111    
   4.01833963       6.04120016       6.11074305       6.17394447    
   4.01841497       6.04119873       6.11065054       6.17393541    
   4.01848555       6.04120445       6.11055088       6.17391777    
   4.01855278       6.04121208       6.11044455       6.17401695    
   4.01861811       6.04125071       6.11040211       6.17409372    
   4.01867247       6.04128790       6.11033344       6.17427731    
   4.01872206       6.04131556       6.11030245       6.17443323    
   4.01877785       6.04133415       6.11029434       6.17451572    
   4.01883507       6.04127455       6.11031914       6.17462015    
   4.01889324       6.04121971       6.11037302       6.17482328    
   4.01894617       6.04112530       6.11042690       6.17503643    
   4.01900339       6.04106283       6.11046553       6.17531633    
   4.01905298       6.04101896       6.11059523       6.17540693    
   4.01911020       6.04106426       6.11071301       6.17537165    
   4.01915598       6.04111242       6.11071777       6.17531729    
   4.01920319       6.04113388       6.11067104       6.17519426    
   4.01924419       6.04113483       6.11069441       6.17508078    
   4.01928997       6.04115438       6.11071444       6.17492247    
   4.01934862       6.04115868       6.11070776       6.17468500    
   4.01939344       6.04115009       6.11080074       6.17436218    
   4.01943779       6.04115391       6.11092758       6.17413378    
   4.01947212       6.04114056       6.11093950       6.17388773    
   4.01951456       6.04115963       6.11102486       6.17367983    
   4.01955986       6.04111671       6.11118126       6.17346668    
   4.01960135       6.04109526       6.11130667       6.17332935    
   4.01964712       6.04107523       6.11137390       6.17323017    
   4.01968193       6.04104567       6.11152220       6.17314577    
   4.01971006       6.04106236       6.11164522       6.17304230    
   4.01973724       6.04107189       6.11170626       6.17298794    
   4.01977062       6.04104805       6.11175108       6.17287064    
   4.01980686       6.04100037       6.11174774       6.17277575    
   4.01985073       6.04090786       6.11175346       6.17272472    
   4.01989985       6.04076433       6.11180305       6.17273235    
   4.01994801       6.04061604       6.11190653       6.17278051    
   4.02000093       6.04050922       6.11211538       6.17279911    
   4.02006054       6.04043102       6.11228180       6.17285681    
   4.02012682       6.04038620       6.11242008       6.17288017    
   4.02018642       6.04035759       6.11243725       6.17282581    
   4.02025414       6.04027414       6.11245298       6.17267418    
   4.02031851       6.04019547       6.11240673       6.17253876    
   4.02038145       6.04011440       6.11234522       6.17244196    
   4.02044249       6.04003620       6.11232567       6.17230511    
   4.02048922       6.03997755       6.11233521       6.17220592    
   4.02053690       6.03988123       6.11239719       6.17209435    
   4.02058315       6.03981447       6.11246777       6.17201757    
   4.02061844       6.03969145       6.11253548       6.17192602    
   4.02065086       6.03959513       6.11259508       6.17184353    
   4.02068329       6.03950310       6.11267710       6.17182732    
   4.02071190       6.03942537       6.11280584       6.17175961    
   4.02074146       6.03939772       6.11289454       6.17172956    
   4.02077389       6.03935575       6.11301327       6.17168903    
   4.02080631       6.03931522       6.11316967       6.17167759    
   4.02083826       6.03923321       6.11335421       6.17175674    
   4.02087784       6.03913307       6.11356878       6.17178106    
   4.02092648       6.03906441       6.11377382       6.17191029    
   4.02097321       6.03895617       6.11403465       6.17191505    
   4.02102089       6.03884172       6.11429977       6.17189837    
   4.02106714       6.03874445       6.11446285       6.17189980    
   4.02110529       6.03857994       6.11463785       6.17197895    
   4.02114725       6.03840160       6.11483335       6.17197657    
   4.02117920       6.03826475       6.11490297       6.17195511    
   4.02120638       6.03816700       6.11499453       6.17186308    
   4.02123165       6.03810787       6.11505508       6.17188931    
   4.02127266       6.03807735       6.11509705       6.17195129    
   4.02130175       6.03812265       6.11521149       6.17182159    
   4.02133608       6.03815842       6.11534309       6.17171192    
   4.02136278       6.03818464       6.11544228       6.17165852    
   4.02138615       6.03822041       6.11556768       6.17165422    
   4.02141094       6.03824615       6.11572933       6.17165470    
   4.02142906       6.03832960       6.11587954       6.17167425    
   4.02145767       6.03840160       6.11607647       6.17160416    
   4.02146864       6.03851557       6.11629963       6.17152262    
   4.02147961       6.03860664       6.11648130       6.17145157    
   4.02148867       6.03864861       6.11662865       6.17150402    
   4.02148914       6.03867388       6.11669159       6.17157507    
   4.02149296       6.03878260       6.11673641       6.17152309    
   4.02148962       6.03888750       6.11665535       6.17147493    
   4.02148390       6.03894281       6.11652184       6.17137909    
   4.02148199       6.03901529       6.11637735       6.17121696    
   4.02148056       6.03906298       6.11634922       6.17105770    
   4.02146864       6.03910875       6.11640835       6.17092848    
   4.02145910       6.03917456       6.11639595       6.17089033    
   4.02145338       6.03924799       6.11642504       6.17091465    
   4.02144670       6.03933144       6.11648178       6.17105675    
   4.02142954       6.03944445       6.11648607       6.17114162    
   4.02142239       6.03938770       6.11653233       6.17125082    
   4.02139997       6.03936005       6.11653996       6.17141438    
   4.02138424       6.03936195       6.11654568       6.17166615    
   4.02137566       6.03940773       6.11655188       6.17178583    
   4.02136421       6.03945827       6.11663866       6.17196035    
   4.02135181       6.03953743       6.11677408       6.17210054    
   4.02134466       6.03948879       6.11688185       6.17220402    
   4.02133894       6.03947830       6.11700869       6.17225504    
   4.02132797       6.03941727       6.11716223       6.17229509    
   4.02131033       6.03931570       6.11727715       6.17227793    
   4.02129936       6.03922224       6.11738825       6.17226982    
   4.02128124       6.03913069       6.11746216       6.17221022    
   4.02127123       6.03906918       6.11757851       6.17213917    
   4.02125216       6.03903198       6.11767721       6.17205906    
   4.02123880       6.03900623       6.11775398       6.17200708    
   4.02122259       6.03896379       6.11773872       6.17206860    
   4.02120495       6.03892851       6.11777735       6.17216539    
   4.02119255       6.03890467       6.11784506       6.17229366    
   4.02117586       6.03889370       6.11796379       6.17237139    
   4.02116013       6.03889704       6.11813211       6.17236853    
   4.02113438       6.03888655       6.11825991       6.17239428    
   4.02111387       6.03891611       6.11841869       6.17236948    
   4.02108383       6.03895378       6.11858463       6.17235994    
   4.02106619       6.03901386       6.11874676       6.17229414    
   4.02105379       6.03905249       6.11884165       6.17214775    
   4.02104425       6.03904343       6.11892033       6.17201281    
   4.02103615       6.03900814       6.11899090       6.17190409    
   4.02101564       6.03896618       6.11903429       6.17178965    
   4.02100086       6.03891563       6.11905384       6.17169046    
   4.02098656       6.03880644       6.11900902       6.17172194    
   4.02096796       6.03873014       6.11893845       6.17173958    
   4.02095175       6.03866434       6.11885643       6.17177057    
   4.02093601       6.03858948       6.11882782       6.17184210    
   4.02092123       6.03854322       6.11871862       6.17187738    
   4.02090549       6.03849506       6.11855698       6.17176056    
   4.02088070       6.03838587       6.11845112       6.17167616    
   4.02085876       6.03823614       6.11839676       6.17164469    
   4.02083015       6.03806686       6.11830902       6.17158651    
   4.02079344       6.03793907       6.11826944       6.17156219    
   4.02075577       6.03782463       6.11824656       6.17160845    
