   0.00000000       0.00000000       0.00000000       0.00000000    
  0.499998271      0.475109786      0.450824410      0.425789922    
  0.999812722      0.937333047      0.870746672      0.809026122    
   1.50033963       1.38364506       1.26494503       1.15370369    
   2.00065589       1.81342876       1.63351357       1.46249235    
   2.50131845       2.22971320       1.97561514       1.74252522    
   3.00194311       2.63124371       2.29517698       1.99595010    
   3.50367475       3.01811719       2.59509635       2.22650790    
   4.00318575       3.39297485       2.87315154       2.43414760    
   4.50069618       3.75555825       3.13376212       2.62577844    
   4.99983740       4.10616779       3.37847161       2.80225563    
   5.49840117       4.44394445       3.61059332       2.96500564    
   5.99915743       4.77198839       3.82983422       3.11283040    
   6.50091600       5.09054327       4.03815889       3.24677968    
   7.00139856       5.39895153       4.23491621       3.37010860    
   7.50180387       5.70077467       4.42052364       3.48336530    
   8.00421333       5.99290276       4.59684992       3.58790278    
   8.50501442       6.27577305       4.76208735       3.68479538    
   9.00388050       6.54867554       4.91889381       3.77423859    
   9.50413895       6.81288195       5.06498480       3.85739446    
   10.0040579       7.06795120       5.20301676       3.93449664    
   10.5031710       7.31656837       5.33341503       4.00551844    
   11.0024958       7.55678034       5.45688963       4.07238436    
   11.5027046       7.78857851       5.57421303       4.13426971    
   12.0019560       8.01258945       5.68515062       4.19298506    
   12.5006762       8.22884941       5.79051924       4.24840689    
   12.9971437       8.43898201       5.89088964       4.30069971    
   13.4928761       8.64265347       5.98727465       4.34865856    
   13.9895535       8.84004116       6.07754374       4.39342737    
   14.4858551       9.03228474       6.16355038       4.43495321    
   14.9816713       9.21894646       6.24508476       4.47364330    
   15.4775028       9.40099239       6.32230282       4.51116610    
   15.9734402       9.57686710       6.39449072       4.54647350    
   16.4722118       9.74785805       6.46341324       4.57925415    
   16.9711113       9.91319370       6.52891874       4.61009836    
   17.4703522       10.0740423       6.59127712       4.63967037    
   17.9684963       10.2301159       6.65140724       4.66741610    
   18.4694633       10.3820715       6.70874500       4.69324064    
   18.9690399       10.5307903       6.76444483       4.71835756    
   19.4689407       10.6745758       6.81825542       4.74177933    
   19.9703808       10.8148499       6.86958122       4.76378679    
   20.4705124       10.9534101       6.91884565       4.78432655    
   20.9712086       11.0871677       6.96532679       4.80468273    
   21.4718609       11.2174759       7.00972843       4.82448244    
   21.9735813       11.3430119       7.05338526       4.84271669    
   22.4761810       11.4655228       7.09506083       4.86019611    
   22.9788818       11.5838175       7.13502121       4.87683964    
   23.4813309       11.7001600       7.17221308       4.89261866    
   23.9839973       11.8129568       7.20807934       4.90759993    
   24.4871597       11.9228611       7.24203157       4.92213392    
   24.9900799       12.0295992       7.27468872       4.93636990    
   25.4932861       12.1341629       7.30680037       4.95014381    
   25.9975891       12.2358170       7.33796024       4.96324492    
   26.5014839       12.3351717       7.36801481       4.97601700    
   27.0055161       12.4326735       7.39727592       4.98867655    
   27.5090618       12.5286531       7.42590761       5.00015450    
   28.0114822       12.6214790       7.45346022       5.01070595    
   28.5138702       12.7117529       7.47991753       5.02074528    
   29.0160065       12.8007650       7.50531340       5.03077984    
   29.5172081       12.8882799       7.52984285       5.04019499    
   30.0180950       12.9742498       7.55372715       5.04930115    
   30.5187492       13.0580006       7.57681465       5.05792761    
   31.0192795       13.1399374       7.59927130       5.06672764    
   31.5206585       13.2195692       7.62074280       5.07544470    
   32.0229301       13.2972736       7.64183235       5.08350945    
   32.5240860       13.3738050       7.66262531       5.09121418    
   33.0258865       13.4478359       7.68257999       5.09888172    
   33.5270157       13.5203562       7.70230579       5.10625648    
   34.0285797       13.5919466       7.72175169       5.11309099    
   34.5295906       13.6612797       7.74073410       5.11996460    
   35.0299072       13.7282114       7.75925303       5.12676239    
   35.5296440       13.7935801       7.77770615       5.13340282    
   36.0294418       13.8576765       7.79557610       5.13970900    
   36.5296249       13.9202576       7.81352615       5.14647388    
   37.0302696       13.9809685       7.83027554       5.15302992    
   37.5299110       14.0407801       7.84685469       5.15965891    
   38.0300522       14.0993881       7.86297464       5.16647291    
   38.5297050       14.1565399       7.87838936       5.17321539    
   39.0294571       14.2118540       7.89317894       5.17965221    
   39.5294189       14.2664671       7.90739822       5.18611145    
   40.0284195       14.3195677       7.92142725       5.19248581    
   40.5264740       14.3703108       7.93510580       5.19863939    
   41.0242348       14.4200535       7.94836521       5.20486450    
   41.5213470       14.4689188       7.96097088       5.21054602    
   42.0188293       14.5177917       7.97330856       5.21586180    
   42.5162468       14.5661449       7.98530817       5.22076845    
   43.0131989       14.6137934       7.99680662       5.22567749    
   43.5102310       14.6599932       8.00823402       5.23023558    
   44.0091209       14.7055788       8.01990128       5.23483896    
   44.5086899       14.7509956       8.03080368       5.23967552    
   45.0090752       14.7954903       8.04199696       5.24409628    
   45.5092964       14.8400764       8.05295658       5.24870062    
   46.0100746       14.8836346       8.06344604       5.25295067    
   46.5100060       14.9257212       8.07409954       5.25710297    
   47.0098763       14.9668665       8.08440495       5.26138639    
   47.5098076       15.0067062       8.09460640       5.26598358    
   48.0095444       15.0456858       8.10462952       5.27025795    
   48.5093155       15.0843229       8.11423588       5.27423239    
   49.0096588       15.1221237       8.12331676       5.27796364    
   49.5098152       15.1591997       8.13247299       5.28199816    
   50.0094376       15.1959496       8.14116192       5.28604031    
   50.5091324       15.2318287       8.14919662       5.28989935    
   51.0086098       15.2676077       8.15699863       5.29347086    
   51.5080490       15.3031149       8.16464806       5.29725933    
   52.0070648       15.3384533       8.17231655       5.30074692    
   52.5048561       15.3733902       8.18000698       5.30409098    
   53.0027924       15.4087076       8.18784714       5.30737495    
   53.5009613       15.4433088       8.19576073       5.31051970    
   53.9988136       15.4779654       8.20347881       5.31367731    
   54.4968567       15.5118942       8.21141720       5.31661940    
   54.9953423       15.5453444       8.21922016       5.31935692    
   55.4941406       15.5781889       8.22705078       5.32245779    
   55.9940605       15.6096811       8.23509026       5.32550716    
   56.4944153       15.6402607       8.24230862       5.32855320    
   56.9947128       15.6703444       8.24985027       5.33179283    
   57.4947701       15.6996164       8.25695896       5.33508015    
   57.9938622       15.7285824       8.26392651       5.33781576    
   58.4925919       15.7572556       8.27094746       5.34084272    
   58.9925423       15.7850981       8.27762222       5.34387207    
   59.4938965       15.8128138       8.28395462       5.34695196    
   59.9946823       15.8395433       8.29030704       5.34977818    
   60.4969406       15.8659096       8.29625416       5.35230207    
   60.9991760       15.8919964       8.30214500       5.35466337    
   61.5010452       15.9180794       8.30830765       5.35697603    
   62.0032158       15.9442329       8.31398678       5.35933924    
   62.5058594       15.9694166       8.31988144       5.36151695    
   63.0093536       15.9937830       8.32605648       5.36350155    
   63.5125809       16.0175552       8.33192921       5.36566782    
   64.0156555       16.0413074       8.33703232       5.36769295    
   64.5182037       16.0650005       8.34193802       5.36965752    
   65.0208817       16.0882626       8.34700298       5.37153530    
   65.5241547       16.1113148       8.35169601       5.37309027    
   66.0269928       16.1339302       8.35645866       5.37496662    
   66.5303726       16.1560688       8.36109924       5.37692308    
   67.0340424       16.1774998       8.36600113       5.37892103    
   67.5370102       16.1983471       8.37128162       5.38068628    
   68.0402145       16.2187538       8.37648678       5.38243294    
   68.5438385       16.2391319       8.38157368       5.38433695    
   69.0464325       16.2588482       8.38678932       5.38631964    
   69.5497131       16.2783661       8.39192390       5.38820505    
   70.0525894       16.2974129       8.39662933       5.39018250    
   70.5565720       16.3160820       8.40146923       5.39225912    
   71.0613251       16.3346844       8.40637779       5.39424992    
   71.5654144       16.3533630       8.41110992       5.39637423    
   72.0693970       16.3715553       8.41625500       5.39847231    
   72.5737000       16.3892136       8.42145634       5.40041018    
   73.0771637       16.4071522       8.42646885       5.40245819    
   73.5798645       16.4246044       8.43129826       5.40466690    
   74.0824203       16.4415684       8.43592262       5.40682793    
   74.5851822       16.4585552       8.44041634       5.40901089    
   75.0881882       16.4750271       8.44481468       5.41117239    
   75.5906067       16.4915447       8.44899178       5.41329670    
   76.0927582       16.5079689       8.45292187       5.41555119    
   76.5956802       16.5246315       8.45674706       5.41800070    
   77.0978012       16.5415936       8.46064854       5.42030334    
   77.6001358       16.5579109       8.46469975       5.42268133    
   78.1031036       16.5737572       8.46847534       5.42491341    
   78.6065750       16.5890675       8.47217274       5.42723608    
   79.1091537       16.6044140       8.47592258       5.42948055    
   79.6119385       16.6193542       8.47972870       5.43168783    
   80.1147919       16.6340218       8.48341751       5.43367815    
   80.6182785       16.6487083       8.48684311       5.43577099    
   81.1210327       16.6629944       8.49045467       5.43764925    
   81.6238480       16.6774082       8.49411774       5.43932581    
   82.1265030       16.6908436       8.49748516       5.44078922    
   82.6286545       16.7039967       8.50077629       5.44213772    
   83.1297760       16.7168446       8.50387478       5.44356823    
   83.6306152       16.7293243       8.50695705       5.44500494    
   84.1317520       16.7415485       8.50987434       5.44649649    
   84.6323929       16.7535858       8.51276779       5.44793177    
   85.1333694       16.7653847       8.51548100       5.44932032    
   85.6342239       16.7772846       8.51809788       5.45067406    
   86.1344986       16.7887344       8.52047062       5.45194721    
   86.6351700       16.7998314       8.52281570       5.45331335    
   87.1358948       16.8110046       8.52501202       5.45446348    
   87.6368103       16.8215141       8.52740097       5.45559788    
   88.1381454       16.8319511       8.53003502       5.45655870    
   88.6401291       16.8422985       8.53247833       5.45754862    
   89.1426239       16.8522511       8.53491116       5.45845652    
   89.6446457       16.8619022       8.53730774       5.45933342    
   90.1471863       16.8715096       8.53962612       5.46025133    
   90.6501770       16.8812675       8.54177189       5.46089077    
   91.1531219       16.8912468       8.54393768       5.46158934    
   91.6554871       16.9015484       8.54605675       5.46239614    
   92.1581345       16.9118996       8.54812050       5.46325159    
   92.6601486       16.9223442       8.55029011       5.46436596    
   93.1625519       16.9327412       8.55255985       5.46572161    
   93.6647491       16.9427376       8.55487251       5.46688080    
   94.1662445       16.9526424       8.55735207       5.46812487    
   94.6676407       16.9624939       8.55980110       5.46936274    
   95.1688080       16.9724007       8.56199265       5.47059011    
   95.6705399       16.9822083       8.56416225       5.47187185    
   96.1720810       16.9922352       8.56605721       5.47297955    
   96.6735764       17.0020027       8.56784344       5.47403765    
   97.1747513       17.0120735       8.56942654       5.47515440    
   97.6753082       17.0218754       8.57114506       5.47609615    
   98.1761475       17.0318470       8.57290363       5.47705793    
   98.6765213       17.0413704       8.57492065       5.47816372    
   99.1765976       17.0509090       8.57685661       5.47924900    
   99.6762848       17.0604954       8.57888317       5.48030472    
   100.175369       17.0698166       8.58100128       5.48116875    
   100.674683       17.0792503       8.58278656       5.48212004    
   101.173714       17.0883560       8.58446121       5.48309565    
   101.672691       17.0976734       8.58605289       5.48418617    
   102.171730       17.1070251       8.58779240       5.48535395    
   102.671547       17.1164646       8.58957958       5.48651552    
   103.171593       17.1254883       8.59153652       5.48747587    
   103.671867       17.1348763       8.59344006       5.48835087    
   104.172913       17.1440487       8.59525871       5.48898172    
   104.674049       17.1528549       8.59683514       5.48979855    
   105.176300       17.1616211       8.59854221       5.49077034    
   105.677399       17.1704235       8.60036850       5.49184179    
   106.178558       17.1793823       8.60227585       5.49286699    
   106.680275       17.1882725       8.60423183       5.49391079    
   107.182434       17.1973133       8.60622787       5.49495268    
   107.684196       17.2056770       8.60802841       5.49608469    
   108.185814       17.2139797       8.60972023       5.49707890    
   108.687447       17.2221775       8.61153698       5.49799538    
   109.188812       17.2301941       8.61358643       5.49901915    
   109.689819       17.2378426       8.61572742       5.49998188    
   110.191238       17.2452774       8.61768818       5.50103664    
   110.693214       17.2525539       8.61960983       5.50198793    
   111.194626       17.2595806       8.62154770       5.50292301    
   111.696106       17.2667999       8.62334728       5.50368547    
   112.197510       17.2739849       8.62515354       5.50445986    
   112.698708       17.2808208       8.62693310       5.50526619    
   113.200096       17.2876129       8.62867451       5.50602961    
   113.700966       17.2940197       8.63057709       5.50682068    
   114.202087       17.3003063       8.63245773       5.50756216    
   114.702866       17.3063602       8.63439751       5.50812244    
   115.203094       17.3124523       8.63615227       5.50859261    
   115.703194       17.3181992       8.63785744       5.50904131    
   116.203316       17.3240738       8.63953686       5.50948048    
   116.703102       17.3297081       8.64130497       5.51000023    
   117.202728       17.3353996       8.64307213       5.51055431    
   117.702103       17.3411808       8.64463329       5.51125956    
   118.201469       17.3470287       8.64621735       5.51193237    
   118.700356       17.3529339       8.64769173       5.51267529    
   119.199333       17.3591213       8.64933205       5.51351976    
   119.697906       17.3651638       8.65080357       5.51428986    
   120.196442       17.3712177       8.65198135       5.51510382    
   120.694168       17.3771305       8.65313053       5.51591253    
   121.192284       17.3833141       8.65428638       5.51654053    
   121.690239       17.3896255       8.65522385       5.51704741    
   122.188393       17.3961926       8.65629578       5.51773024    
   122.686554       17.4027500       8.65738773       5.51836920    
   123.184593       17.4090061       8.65849876       5.51905441    
   123.683365       17.4153938       8.65959358       5.51984930    
   124.182457       17.4216290       8.66074944       5.52052450    
   124.682076       17.4278545       8.66175842       5.52106905    
   125.181213       17.4339504       8.66279030       5.52159452    
   125.679947       17.4398708       8.66395760       5.52222967    
   126.177811       17.4459267       8.66507339       5.52294111    
   126.675964       17.4519749       8.66592026       5.52353859    
   127.173782       17.4579582       8.66691589       5.52402258    
   127.671677       17.4636822       8.66782951       5.52437353    
   128.168915       17.4695530       8.66880894       5.52464056    
   128.665878       17.4754753       8.66962147       5.52482557    
   129.162369       17.4813690       8.67053223       5.52502394    
   129.658936       17.4871864       8.67144966       5.52530861    
   130.155548       17.4929333       8.67206192       5.52561426    
   130.652542       17.4987736       8.67280769       5.52578402    
   131.149078       17.5043678       8.67360497       5.52595806    
   131.645294       17.5098019       8.67448044       5.52628088    
   132.141342       17.5151405       8.67565823       5.52658176    
   132.637604       17.5204220       8.67682457       5.52687025    
   133.133865       17.5254459       8.67777634       5.52716494    
   133.630203       17.5305767       8.67866135       5.52750444    
   134.126236       17.5359821       8.67962170       5.52785730    
   134.621948       17.5414982       8.68049145       5.52817822    
   135.117462       17.5469837       8.68146324       5.52856159    
   135.612976       17.5524292       8.68245125       5.52896833    
   136.107925       17.5578251       8.68339729       5.52941751    
   136.602966       17.5630016       8.68421459       5.52981567    
   137.097748       17.5681496       8.68504906       5.53018141    
   137.592285       17.5734062       8.68599510       5.53051805    
   138.087158       17.5784225       8.68667030       5.53097153    
   138.581543       17.5832653       8.68742466       5.53134346    
   139.075882       17.5878925       8.68829918       5.53168392    
   139.569611       17.5924759       8.68924046       5.53203344    
   140.063705       17.5970306       8.69003582       5.53239775    
   140.558640       17.6015644       8.69082355       5.53282452    
   141.053207       17.6060886       8.69162846       5.53308678    
   141.548203       17.6105556       8.69235325       5.53335571    
   142.043610       17.6149368       8.69307041       5.53366804    
   142.538635       17.6193123       8.69374847       5.53394508    
   143.033447       17.6238861       8.69432259       5.53430843    
   143.528320       17.6284504       8.69485092       5.53464079    
   144.022888       17.6329136       8.69550705       5.53502369    
   144.517456       17.6370811       8.69623470       5.53545046    
   145.012314       17.6410904       8.69684792       5.53578615    
   145.507202       17.6449242       8.69753838       5.53603554    
   146.002579       17.6489697       8.69830894       5.53630686    
   146.497864       17.6529465       8.69917011       5.53663397    
   146.992950       17.6568813       8.70004845       5.53697586    
   147.488693       17.6608257       8.70078564       5.53731394    
   147.984802       17.6646481       8.70149994       5.53759623    
   148.481308       17.6684399       8.70213795       5.53780365    
   148.977829       17.6723118       8.70283890       5.53802156    
   149.474533       17.6760979       8.70346165       5.53826618    
   149.971024       17.6796379       8.70416069       5.53838205    
   150.467606       17.6831093       8.70495224       5.53852749    
   150.964279       17.6866436       8.70575333       5.53867197    
   151.460968       17.6901588       8.70650196       5.53882980    
   151.956894       17.6936169       8.70731068       5.53900337    
   152.453278       17.6971188       8.70812511       5.53917789    
   152.949799       17.7004509       8.70893288       5.53927135    
   153.446030       17.7036915       8.70978069       5.53948975    
   153.942551       17.7068634       8.71060276       5.53971910    
   154.439362       17.7100105       8.71142673       5.53992510    
   154.936218       17.7131462       8.71218586       5.54014397    
   155.433640       17.7163315       8.71303177       5.54035139    
   155.931229       17.7198315       8.71379471       5.54055405    
   156.428497       17.7232475       8.71459866       5.54072380    
   156.926086       17.7267780       8.71537018       5.54097986    
   157.423294       17.7303123       8.71619415       5.54127789    
   157.919891       17.7337341       8.71726036       5.54168892    
   158.416992       17.7372704       8.71827126       5.54206038    
   158.914490       17.7407360       8.71929741       5.54238653    
   159.412018       17.7441940       8.72029495       5.54270220    
   159.909424       17.7476501       8.72141361       5.54303980    
   160.406815       17.7512493       8.72245026       5.54341936    
   160.903976       17.7549629       8.72325897       5.54381800    
   161.400818       17.7585583       8.72401524       5.54410028    
   161.897537       17.7624302       8.72476292       5.54446983    
   162.394318       17.7664394       8.72560501       5.54481077    
   162.890778       17.7702332       8.72627258       5.54518032    
   163.387802       17.7741547       8.72704601       5.54555893    
   163.885605       17.7780590       8.72798634       5.54594851    
   164.383835       17.7819557       8.72888470       5.54635620    
   164.881760       17.7859249       8.72975159       5.54676104    
   165.378815       17.7900105       8.73065472       5.54710817    
   165.875778       17.7938156       8.73167706       5.54747868    
   166.372879       17.7978153       8.73275471       5.54785013    
   166.870453       17.8018551       8.73377609       5.54816246    
   167.367889       17.8060131       8.73474598       5.54843235    
   167.865295       17.8101273       8.73578548       5.54868698    
   168.363129       17.8141232       8.73689365       5.54897928    
   168.860962       17.8180447       8.73785210       5.54926491    
   169.358871       17.8217278       8.73879623       5.54948187    
   169.856674       17.8252430       8.73973083       5.54968786    
   170.353989       17.8285789       8.74064445       5.54983997    
   170.851044       17.8318844       8.74148464       5.55016947    
   171.348282       17.8350887       8.74232483       5.55048609    
   171.845795       17.8380699       8.74314880       5.55073309    
   172.342712       17.8411026       8.74402618       5.55099964    
   172.840286       17.8442078       8.74498749       5.55123711    
   173.337906       17.8471279       8.74592209       5.55159521    
   173.836044       17.8500385       8.74679470       5.55202293    
   174.334000       17.8529320       8.74760437       5.55238581    
   174.832260       17.8558502       8.74821949       5.55282736    
   175.330566       17.8587646       8.74890614       5.55319977    
   175.828583       17.8615665       8.74960232       5.55350304    
   176.326447       17.8644543       8.75026512       5.55379391    
   176.824768       17.8673248       8.75094318       5.55415154    
   177.323410       17.8703289       8.75159740       5.55463743    
   177.821564       17.8732109       8.75226021       5.55504847    
   178.320221       17.8761673       8.75293541       5.55546522    
   178.818802       17.8789692       8.75360584       5.55581808    
   179.317230       17.8818016       8.75425339       5.55603600    
   179.815704       17.8845787       8.75497246       5.55622530    
   180.314209       17.8873062       8.75571060       5.55640316    
   180.812729       17.8899288       8.75644588       5.55658770    
   181.310989       17.8924599       8.75704479       5.55681753    
   181.808701       17.8947792       8.75769806       5.55711937    
   182.306946       17.8971577       8.75835228       5.55736065    
   182.805084       17.8995457       8.75904179       5.55753231    
   183.303101       17.9020252       8.75970554       5.55775452    
   183.800690       17.9045372       8.76032734       5.55804539    
   184.298752       17.9070969       8.76097202       5.55827570    
   184.796753       17.9096031       8.76151180       5.55846024    
   185.294418       17.9121609       8.76201344       5.55876160    
   185.792267       17.9148540       8.76255512       5.55905867    
   186.290161       17.9174213       8.76304626       5.55937433    
   186.788361       17.9200630       8.76352787       5.55963135    
   187.285934       17.9229755       8.76402664       5.55987597    
   187.783875       17.9258118       8.76455879       5.55999660    
   188.281830       17.9284916       8.76524734       5.56022644    
   188.779816       17.9311199       8.76594639       5.56038570    
   189.277618       17.9338608       8.76667500       5.56050348    
   189.775787       17.9365482       8.76747990       5.56067276    
   190.274124       17.9393215       8.76825619       5.56093645    
   190.772949       17.9419308       8.76904583       5.56121826    
   191.272064       17.9442501       8.76988506       5.56146049    
   191.771301       17.9465752       8.77072430       5.56162691    
   192.270767       17.9489346       8.77158070       5.56184053    
   192.770279       17.9514923       8.77252865       5.56203747    
   193.269958       17.9541569       8.77335072       5.56224537    
   193.769547       17.9568844       8.77408504       5.56246376    
   194.269730       17.9594173       8.77472878       5.56270027    
   194.770065       17.9619560       8.77536488       5.56299829    
   195.269943       17.9645081       8.77605057       5.56337976    
   195.769760       17.9671650       8.77676773       5.56366348    
   196.269363       17.9697952       8.77763081       5.56389141    
   196.768814       17.9721870       8.77835274       5.56415558    
   197.268768       17.9745960       8.77905369       5.56447124    
   197.768494       17.9772167       8.77980518       5.56473064    
   198.267822       17.9798660       8.78045177       5.56497526    
   198.767532       17.9823856       8.78105736       5.56520987    
   199.267029       17.9849567       8.78159523       5.56553984    
   199.766754       17.9876041       8.78215599       5.56580877    
   200.266830       17.9902000       8.78280640       5.56607580    
   200.766586       17.9927464       8.78351307       5.56630087    
   201.266495       17.9953690       8.78416729       5.56647921    
   201.766327       17.9977856       8.78479004       5.56662130    
   202.266052       18.0001640       8.78550339       5.56676483    
   202.765945       18.0023804       8.78614426       5.56696606    
   203.266312       18.0046005       8.78674793       5.56715727    
   203.766617       18.0068569       8.78730392       5.56731272    
   204.267548       18.0092144       8.78795242       5.56744099    
   204.768127       18.0116081       8.78846264       5.56759310    
   205.269226       18.0140114       8.78893089       5.56768322    
   205.769806       18.0163651       8.78944969       5.56775951    
   206.270248       18.0184460       8.78981781       5.56783581    
   206.770447       18.0205936       8.79006767       5.56788445    
   207.270493       18.0228729       8.79031849       5.56799746    
   207.770401       18.0249825       8.79067039       5.56811142    
   208.269897       18.0270138       8.79108524       5.56826735    
   208.768967       18.0290184       8.79148769       5.56844378    
   209.268463       18.0310631       8.79203892       5.56874180    
   209.767868       18.0331440       8.79261303       5.56913853    
   210.267410       18.0351524       8.79321194       5.56942797    
   210.766678       18.0371189       8.79387474       5.56974411    
   211.265823       18.0391521       8.79450226       5.57008123    
   211.764694       18.0412693       8.79517174       5.57041216    
   212.263626       18.0432549       8.79581165       5.57061529    
   212.762802       18.0452652       8.79646301       5.57073879    
   213.261566       18.0471935       8.79701233       5.57088470    
   213.760468       18.0491257       8.79745865       5.57109451    
   214.259079       18.0511532       8.79801369       5.57133532    
   214.757690       18.0532665       8.79841614       5.57149267    
   215.256348       18.0555401       8.79877567       5.57161713    
   215.754608       18.0578403       8.79922676       5.57173491    
   216.253052       18.0602856       8.79966259       5.57185888    
   216.751602       18.0628128       8.80005264       5.57195950    
   217.250290       18.0653477       8.80034256       5.57212162    
   217.748764       18.0679913       8.80059624       5.57231665    
   218.246902       18.0706120       8.80093479       5.57248831    
   218.744690       18.0733337       8.80139351       5.57264376    
   219.242599       18.0759640       8.80177212       5.57269192    
   219.740784       18.0786018       8.80214787       5.57270002    
   220.238586       18.0813484       8.80250168       5.57277441    
   220.735901       18.0840435       8.80294132       5.57292175    
   221.233002       18.0867119       8.80345249       5.57307529    
   221.729935       18.0894165       8.80393124       5.57328892    
   222.226608       18.0922279       8.80439854       5.57356310    
   222.723389       18.0952034       8.80485344       5.57380724    
   223.220428       18.0982475       8.80529308       5.57411051    
   223.717667       18.1012974       8.80572510       5.57433176    
   224.214828       18.1042023       8.80614281       5.57454395    
   224.711823       18.1067467       8.80653381       5.57476902    
   225.209259       18.1094074       8.80693436       5.57502747    
   225.706543       18.1119347       8.80732441       5.57536459    
   226.203735       18.1145306       8.80770779       5.57572174    
   226.700684       18.1173077       8.80808544       5.57601023    
   227.197495       18.1200924       8.80838776       5.57625532    
   227.694336       18.1227722       8.80862331       5.57644463    
   228.190872       18.1253929       8.80886841       5.57664537    
   228.687317       18.1279736       8.80913734       5.57682514    
   229.183777       18.1305656       8.80945683       5.57706022    
   229.680008       18.1331959       8.80979443       5.57720757    
   230.176254       18.1356869       8.80998135       5.57732344    
   230.672318       18.1380787       8.81016254       5.57753134    
   231.169067       18.1404533       8.81036377       5.57775450    
   231.665268       18.1426010       8.81056404       5.57801962    
   232.161270       18.1446457       8.81080151       5.57826376    
   232.657333       18.1466599       8.81100273       5.57848406    
   233.153717       18.1486797       8.81116962       5.57866430    
   233.649979       18.1505337       8.81142426       5.57882404    
   234.146408       18.1524372       8.81167793       5.57902145    
   234.643295       18.1541176       8.81186485       5.57929277    
   235.139755       18.1557579       8.81206322       5.57952833    
   235.636322       18.1572895       8.81231308       5.57972145    
   236.132416       18.1587257       8.81258392       5.57991505    
   236.628952       18.1600208       8.81290722       5.58003283    
   237.125992       18.1614933       8.81313610       5.58010769    
   237.622299       18.1628399       8.81341934       5.58016300    
   238.118439       18.1641045       8.81363583       5.58019114    
   238.614700       18.1653690       8.81385803       5.58024120    
   239.111298       18.1666832       8.81410313       5.58028173    
   239.607834       18.1680126       8.81440353       5.58043289    
   240.104477       18.1693058       8.81480026       5.58047676    
   240.601089       18.1706829       8.81507206       5.58048058    
   241.098206       18.1719894       8.81523609       5.58049870    
   241.595215       18.1733456       8.81551647       5.58050108    
   242.091980       18.1746902       8.81590652       5.58057594    
   242.588669       18.1760693       8.81625366       5.58067989    
   243.085052       18.1775837       8.81665039       5.58083010    
   243.582031       18.1790543       8.81706047       5.58099842    
   244.078720       18.1802654       8.81751060       5.58115292    
   244.575470       18.1816044       8.81794930       5.58127928    
   245.072235       18.1829567       8.81837845       5.58146811    
   245.568756       18.1842995       8.81881905       5.58169508    
   246.065048       18.1855927       8.81932735       5.58193254    
   246.561600       18.1869049       8.81980896       5.58215809    
   247.058411       18.1882267       8.82034969       5.58238983    
   247.555344       18.1895695       8.82085991       5.58253336    
   248.052200       18.1909313       8.82133579       5.58265686    
   248.549103       18.1922684       8.82166576       5.58278561    
   249.045654       18.1937008       8.82196140       5.58295679    
   249.541901       18.1951294       8.82220268       5.58307695    
   250.038528       18.1964741       8.82242680       5.58328819    
   250.535034       18.1976814       8.82259941       5.58343410    
   251.031784       18.1989346       8.82279968       5.58358002    
   251.527847       18.2002563       8.82297421       5.58365107    
   252.023956       18.2017021       8.82314014       5.58375788    
   252.519333       18.2032337       8.82334042       5.58392143    
   253.014755       18.2047997       8.82348347       5.58404970    
   253.509918       18.2065411       8.82366657       5.58422375    
   254.005554       18.2081985       8.82384109       5.58451033    
   254.501068       18.2097492       8.82397938       5.58475208    
   254.997070       18.2113228       8.82407188       5.58494854    
   255.493530       18.2129288       8.82422638       5.58513260    
   255.990067       18.2145081       8.82435894       5.58538723    
   256.486786       18.2161140       8.82451248       5.58562517    
   256.983734       18.2177887       8.82473755       5.58586502    
   257.480469       18.2195683       8.82489777       5.58611774    
   257.977295       18.2212200       8.82506943       5.58628464    
   258.474518       18.2228870       8.82520866       5.58643675    
   258.971710       18.2245197       8.82529736       5.58660173    
   259.469086       18.2262707       8.82535839       5.58673477    
   259.966400       18.2279682       8.82545853       5.58679867    
   260.463318       18.2294502       8.82554245       5.58683109    
   260.960938       18.2308807       8.82560635       5.58691740    
   261.458740       18.2321606       8.82583618       5.58709288    
   261.956299       18.2334366       8.82617569       5.58730078    
   262.453400       18.2346725       8.82645607       5.58760691    
   262.950623       18.2359867       8.82671928       5.58792734    
   263.447327       18.2373924       8.82696724       5.58822727    
   263.943970       18.2388535       8.82715607       5.58854771    
   264.440674       18.2402725       8.82737923       5.58886623    
   264.937714       18.2417164       8.82758331       5.58913231    
   265.434418       18.2431889       8.82781696       5.58943224    
   265.930969       18.2447796       8.82813072       5.58974838    
   266.427460       18.2464523       8.82850456       5.59003687    
   266.924194       18.2482395       8.82874393       5.59031057    
   267.421417       18.2500858       8.82903671       5.59054518    
   267.918152       18.2519722       8.82931900       5.59076262    
   268.414978       18.2538872       8.82964230       5.59090662    
   268.911560       18.2558537       8.82994270       5.59108782    
   269.408142       18.2578602       8.83034515       5.59121609    
   269.904388       18.2599316       8.83069324       5.59131718    
   270.400787       18.2619877       8.83102608       5.59142256    
   270.897217       18.2639198       8.83135414       5.59153032    
   271.393951       18.2658939       8.83173084       5.59160042    
   271.890717       18.2678356       8.83212566       5.59164429    
   272.387329       18.2697678       8.83250141       5.59167814    
   272.884033       18.2715359       8.83284950       5.59166431    
   273.380981       18.2732048       8.83316708       5.59165430    
   273.877960       18.2749653       8.83359146       5.59177017    
   274.374359       18.2767620       8.83406830       5.59193468    
   274.870514       18.2784710       8.83452129       5.59199429    
   275.366699       18.2802105       8.83493996       5.59206057    
   275.863220       18.2819958       8.83538723       5.59217310    
   276.359955       18.2837334       8.83580685       5.59228659    
   276.856567       18.2853909       8.83615017       5.59236336    
   277.353180       18.2871361       8.83653450       5.59247065    
   277.849854       18.2888737       8.83683777       5.59256220    
   278.346344       18.2905502       8.83708668       5.59268618    
   278.842651       18.2922840       8.83730316       5.59281063    
   279.338806       18.2938957       8.83753586       5.59291697    
   279.835052       18.2953873       8.83779621       5.59303427    
   280.331116       18.2968140       8.83803654       5.59319353    
   280.826935       18.2982616       8.83834839       5.59329844    
   281.322815       18.2997150       8.83861828       5.59341097    
   281.818726       18.3011303       8.83886337       5.59354353    
   282.314056       18.3025208       8.83913326       5.59369612    
   282.809296       18.3038330       8.83940315       5.59387159    
   283.304535       18.3052216       8.83962917       5.59413195    
   283.799561       18.3065834       8.83983612       5.59437513    
   284.294647       18.3080139       8.84010315       5.59459925    
   284.789673       18.3093872       8.84038734       5.59480476    
   285.284790       18.3108006       8.84060669       5.59501839    
   285.780121       18.3122196       8.84081459       5.59518671    
   286.276123       18.3134937       8.84103680       5.59533405    
   286.771820       18.3149548       8.84122658       5.59547186    
   287.268066       18.3164959       8.84141922       5.59562826    
   287.764526       18.3180504       8.84158611       5.59573364    
   288.260803       18.3195000       8.84177780       5.59582138    
   288.756836       18.3208447       8.84198952       5.59591675    
   289.252380       18.3221359       8.84223175       5.59590054    
   289.748169       18.3234959       8.84250546       5.59592247    
   290.243958       18.3247566       8.84279442       5.59599113    
   290.739960       18.3259773       8.84306526       5.59609556    
   291.236145       18.3273926       8.84337044       5.59618521    
   291.732574       18.3287468       8.84361935       5.59632540    
   292.229340       18.3300819       8.84380627       5.59645939    
   292.725983       18.3314590       8.84395123       5.59658098    
   293.222656       18.3328438       8.84409142       5.59670591    
   293.719360       18.3343067       8.84425926       5.59680986    
   294.216797       18.3357754       8.84447098       5.59692430    
   294.713867       18.3372498       8.84471321       5.59702444    
   295.210999       18.3385410       8.84490776       5.59715939    
   295.708466       18.3398209       8.84517193       5.59734964    
   296.205536       18.3409939       8.84545708       5.59754229    
   296.702820       18.3420715       8.84573174       5.59768867    
   297.200317       18.3431625       8.84600639       5.59785271    
   297.697662       18.3442440       8.84626675       5.59802198    
   298.194855       18.3452892       8.84643936       5.59819412    
   298.691772       18.3463707       8.84665108       5.59831429    
   299.188354       18.3474026       8.84688282       5.59846687    
   299.685089       18.3483639       8.84713650       5.59858894    
   300.182434       18.3494225       8.84737968       5.59873772    
   300.679810       18.3504772       8.84756851       5.59887266    
   301.176910       18.3516827       8.84771538       5.59898853    
   301.674377       18.3530216       8.84788322       5.59907770    
   302.172333       18.3542347       8.84815884       5.59919405    
   302.670624       18.3554249       8.84845066       5.59934521    
   303.169189       18.3565598       8.84875965       5.59950686    
   303.667572       18.3577423       8.84903240       5.59959650    
   304.165894       18.3589420       8.84921932       5.59973192    
   304.664215       18.3600197       8.84936428       5.59989357    
   305.162292       18.3610325       8.84957695       5.60011816    
   305.660034       18.3620338       8.84985542       5.60029936    
   306.157410       18.3630409       8.85014820       5.60047150    
   306.654724       18.3639336       8.85046768       5.60064220    
   307.152069       18.3648281       8.85078621       5.60074854    
   307.649475       18.3657799       8.85107422       5.60082245    
   308.146729       18.3667316       8.85137939       5.60088348    
   308.644714       18.3677235       8.85170364       5.60090971    
   309.143158       18.3687420       8.85198212       5.60095739    
   309.641846       18.3698063       8.85229111       5.60101366    
   310.140167       18.3708496       8.85264206       5.60108185    
   310.638336       18.3718452       8.85297680       5.60112238    
   311.136078       18.3727551       8.85332012       5.60120106    
   311.633392       18.3736534       8.85364628       5.60126495    
   312.130157       18.3746033       8.85392857       5.60133696    
   312.626923       18.3753643       8.85418129       5.60142994    
   313.124146       18.3761101       8.85435677       5.60156441    
   313.620667       18.3768520       8.85452366       5.60169554    
   314.117004       18.3774185       8.85468006       5.60183191    
   314.613434       18.3780594       8.85482502       5.60196161    
   315.109955       18.3787231       8.85498428       5.60211754    
   315.606628       18.3794003       8.85506725       5.60221434    
   316.103180       18.3801212       8.85521412       5.60233164    
   316.599731       18.3809357       8.85539722       5.60241747    
   317.096313       18.3818398       8.85557175       5.60251045    
   317.592865       18.3827744       8.85569000       5.60255003    
   318.089203       18.3836536       8.85582542       5.60264015    
   318.585602       18.3845463       8.85591984       5.60273743    
   319.082001       18.3854141       8.85603333       5.60286474    
   319.578522       18.3862591       8.85613918       5.60300207    
   320.074585       18.3871021       8.85626793       5.60312462    
   320.570312       18.3880482       8.85644150       5.60324860    
   321.066223       18.3889294       8.85655499       5.60339832    
   321.562561       18.3898125       8.85672951       5.60345984    
   322.059235       18.3907108       8.85695171       5.60357714    
   322.556061       18.3916416       8.85715485       5.60371351    
   323.052704       18.3925495       8.85734653       5.60385036    
   323.549347       18.3934288       8.85746765       5.60400534    
   324.045990       18.3942757       8.85762787       5.60411692    
   324.543030       18.3950977       8.85781288       5.60416174    
   325.039825       18.3959789       8.85800743       5.60421371    
   325.536713       18.3968296       8.85822296       5.60429144    
   326.033234       18.3975964       8.85839367       5.60440397    
   326.529480       18.3982391       8.85858440       5.60453653    
   327.025604       18.3987732       8.85870171       5.60469055    
   327.521820       18.3994541       8.85887241       5.60483217    
   328.018066       18.4000969       8.85899067       5.60497236    
   328.514557       18.4008656       8.85914898       5.60506725    
   329.011139       18.4016399       8.85933304       5.60517263    
   329.507080       18.4023170       8.85950375       5.60525894    
   330.003204       18.4030514       8.85972309       5.60534477    
   330.499176       18.4038277       8.85994434       5.60542631    
   330.994965       18.4044628       8.86010838       5.60551882    
   331.490723       18.4051533       8.86027241       5.60562706    
   331.986176       18.4058666       8.86045742       5.60569811    
   332.481842       18.4065571       8.86063576       5.60579014    
   332.977386       18.4072418       8.86079216       5.60591364    
   333.473511       18.4079266       8.86086082       5.60606909    
   333.969574       18.4086761       8.86092472       5.60621166    
   334.465790       18.4094696       8.86096096       5.60638237    
   334.961914       18.4102917       8.86100101       5.60655737    
   335.457794       18.4111614       8.86106396       5.60669518    
   335.954102       18.4119530       8.86111832       5.60680342    
   336.451141       18.4126987       8.86123943       5.60688019    
   336.947693       18.4133720       8.86141968       5.60694027    
   337.444092       18.4140453       8.86162758       5.60702181    
   337.939819       18.4147778       8.86185265       5.60706425    
   338.435638       18.4155025       8.86214638       5.60712242    
   338.931305       18.4161396       8.86246777       5.60714245    
   339.426880       18.4167271       8.86283779       5.60715866    
   339.922974       18.4173775       8.86322212       5.60719538    
   340.418671       18.4180355       8.86354351       5.60724068    
   340.914642       18.4187527       8.86383343       5.60735941    
   341.410400       18.4194698       8.86416340       5.60741425    
   341.906372       18.4202805       8.86450958       5.60749912    
   342.401794       18.4211445       8.86480045       5.60759401    
   342.896942       18.4219627       8.86511803       5.60763931    
   343.392670       18.4227962       8.86542511       5.60771370    
   343.888031       18.4236279       8.86571217       5.60785007    
   344.383392       18.4244061       8.86596107       5.60793829    
   344.878845       18.4251308       8.86616993       5.60803652    
   345.374390       18.4258728       8.86626339       5.60817385    
   345.870331       18.4266987       8.86626911       5.60833025    
   346.366089       18.4274788       8.86624813       5.60844707    
   346.862244       18.4282837       8.86629581       5.60855484    
   347.357819       18.4291096       8.86631203       5.60865164    
   347.854218       18.4298515       8.86639214       5.60876608    
   348.350708       18.4306679       8.86642551       5.60891151    
   348.846954       18.4314499       8.86651039       5.60906029    
   349.343781       18.4322109       8.86659527       5.60916042    
   349.840729       18.4329243       8.86670685       5.60926676    
   350.337402       18.4336281       8.86684799       5.60935450    
   350.834137       18.4343491       8.86698723       5.60944557    
   351.331177       18.4351215       8.86708927       5.60952997    
   351.827911       18.4358749       8.86723423       5.60963058    
   352.324921       18.4366074       8.86735344       5.60971355    
   352.822235       18.4372482       8.86747932       5.60978174    
   353.319733       18.4379463       8.86771774       5.60985470    
   353.816711       18.4384327       8.86790180       5.60999775    
   354.313599       18.4390163       8.86810303       5.61012554    
   354.810059       18.4396019       8.86832047       5.61022997    
   355.306610       18.4402256       8.86859131       5.61037874    
   355.803192       18.4408512       8.86880875       5.61055994    
   356.300446       18.4414539       8.86904335       5.61071348    
   356.797424       18.4420681       8.86928749       5.61084557    
   357.294708       18.4427338       8.86951733       5.61100626    
   357.791840       18.4433231       8.86970997       5.61114264    
   358.288910       18.4438686       8.86990547       5.61128855    
   358.785492       18.4444046       8.87010956       5.61146021    
   359.281952       18.4450092       8.87029362       5.61159801    
   359.777924       18.4455986       8.87047863       5.61172199    
   360.274139       18.4462395       8.87064743       5.61185122    
   360.769958       18.4468822       8.87086964       5.61196232    
   361.265930       18.4475498       8.87114239       5.61211205    
   361.761993       18.4482327       8.87140656       5.61229467    
   362.257874       18.4488544       8.87165833       5.61241817    
   362.753571       18.4495258       8.87188625       5.61253548    
   363.249481       18.4501896       8.87207317       5.61257172    
   363.745361       18.4507694       8.87229919       5.61258936    
   364.241272       18.4513855       8.87252808       5.61255741    
   364.737396       18.4520416       8.87271786       5.61252356    
   365.233643       18.4526405       8.87291241       5.61257839    
   365.729797       18.4531574       8.87314892       5.61262560    
   366.226379       18.4536877       8.87337017       5.61263180    
   366.722412       18.4541645       8.87350464       5.61273432    
   367.218567       18.4546299       8.87367630       5.61284256    
   367.714172       18.4550934       8.87380028       5.61295128    
   368.209869       18.4555721       8.87392235       5.61301517    
   368.705444       18.4560356       8.87402916       5.61311007    
   369.200836       18.4565010       8.87416267       5.61317825    
   369.696442       18.4569511       8.87434006       5.61322737    
   370.192352       18.4574089       8.87454605       5.61325455    
   370.688202       18.4579220       8.87480545       5.61324120    
   371.184174       18.4584522       8.87505245       5.61325979    
   371.679932       18.4589558       8.87527084       5.61327362    
   372.175598       18.4594421       8.87547398       5.61329317    
   372.671173       18.4599667       8.87562561       5.61328554    
   373.166718       18.4603958       8.87576294       5.61332703    
   373.662079       18.4607792       8.87584782       5.61340332    
   374.157318       18.4610672       8.87586498       5.61346340    
   374.652985       18.4613457       8.87598324       5.61350822    
   375.148224       18.4616585       8.87610626       5.61359167    
   375.643921       18.4619560       8.87625885       5.61367321    
   376.139557       18.4623032       8.87641335       5.61377382    
   376.635406       18.4627342       8.87653637       5.61385489    
   377.131226       18.4632416       8.87666512       5.61393595    
   377.626923       18.4637222       8.87681103       5.61401892    
   378.122864       18.4641190       8.87692833       5.61412287    
   378.618500       18.4645195       8.87707806       5.61425304    
   379.114105       18.4648800       8.87720108       5.61440468    
   379.609589       18.4652309       8.87737465       5.61451864    
   380.104797       18.4656200       8.87753773       5.61462593    
   380.600342       18.4660492       8.87773037       5.61467314    
   381.096161       18.4665031       8.87796021       5.61471367    
   381.591919       18.4670181       8.87822342       5.61477709    
   382.087555       18.4674473       8.87850380       5.61481285    
   382.583038       18.4679394       8.87875366       5.61482620    
   383.078979       18.4683819       8.87903404       5.61485386    
   383.574585       18.4687920       8.87928867       5.61487103    
   384.070129       18.4692554       8.87951374       5.61489105    
   384.565674       18.4697628       8.87972832       5.61491394    
   385.061066       18.4703979       8.87999344       5.61493015    
   385.556549       18.4711094       8.88028812       5.61491346    
   386.052460       18.4717922       8.88051605       5.61490774    
   386.548584       18.4725170       8.88072205       5.61494398    
   387.044708       18.4733334       8.88100147       5.61501074    
   387.540985       18.4740582       8.88132668       5.61508751    
   388.036926       18.4747505       8.88162899       5.61516047    
   388.533142       18.4755135       8.88191414       5.61518383    
   389.029205       18.4762878       8.88220787       5.61521435    
   389.524780       18.4770298       8.88253212       5.61523390    
   390.020569       18.4778500       8.88277912       5.61527443    
   390.517242       18.4786205       8.88297558       5.61528826    
   391.013519       18.4793625       8.88315010       5.61530352    
   391.510071       18.4801464       8.88327026       5.61534500    
   392.006439       18.4809551       8.88343906       5.61543036    
   392.503265       18.4816704       8.88359642       5.61549425    
   393.000092       18.4822845       8.88373089       5.61556435    
   393.496704       18.4829559       8.88385201       5.61564970    
   393.993378       18.4836483       8.88387585       5.61569548    
   394.490479       18.4843044       8.88389874       5.61571836    
   394.987244       18.4849644       8.88397598       5.61576414    
   395.483948       18.4855919       8.88409710       5.61587143    
   395.980560       18.4863396       8.88421726       5.61599541    
   396.477448       18.4870510       8.88431263       5.61609411    
   396.974182       18.4877243       8.88446236       5.61618614    
   397.470642       18.4884129       8.88466835       5.61627007    
   397.967224       18.4891338       8.88483524       5.61637878    
   398.464752       18.4898396       8.88501072       5.61645555    
   398.961212       18.4905128       8.88516235       5.61652565    
   399.458038       18.4911194       8.88528824       5.61658955    
   399.954773       18.4917469       8.88543987       5.61665010    
   400.452179       18.4923801       8.88554764       5.61670637    
   400.949249       18.4929562       8.88566875       5.61674643    
   401.446411       18.4935398       8.88577175       5.61677456    
   401.944061       18.4942036       8.88588428       5.61682081    
   402.441223       18.4948807       8.88602161       5.61685133    
   402.938782       18.4955654       8.88618088       5.61688280    
   403.436127       18.4962273       8.88638687       5.61692142    
   403.934021       18.4968014       8.88663197       5.61698246    
   404.431824       18.4974022       8.88689137       5.61700392    
   404.930359       18.4980755       8.88714409       5.61698532    
   405.428986       18.4987431       8.88737583       5.61697006    
   405.927155       18.4994411       8.88757324       5.61690331    
   406.425354       18.5001163       8.88778687       5.61688423    
   406.923462       18.5007763       8.88790131       5.61688566    
   407.421844       18.5013981       8.88800049       5.61684561    
   407.920746       18.5020504       8.88814926       5.61687469    
   408.419159       18.5026608       8.88828373       5.61693668    
   408.917603       18.5032921       8.88852310       5.61702919    
   409.416046       18.5039139       8.88875675       5.61715221    
   409.914154       18.5045109       8.88902187       5.61728716    
   410.412628       18.5050945       8.88929558       5.61742258    
   410.911194       18.5057182       8.88953781       5.61752224    
   411.409607       18.5063019       8.88976479       5.61758184    
   411.908173       18.5069313       8.88997650       5.61767483    
   412.407104       18.5075684       8.89019203       5.61773396    
   412.905579       18.5081997       8.89042473       5.61784792    
   413.404144       18.5087528       8.89058685       5.61795950    
   413.902100       18.5092983       8.89075947       5.61808825    
   414.400574       18.5099125       8.89092255       5.61820364    
   414.898926       18.5104618       8.89104557       5.61827755    
   415.397522       18.5110092       8.89118290       5.61836243    
   415.895966       18.5115795       8.89132118       5.61844778    
   416.394379       18.5121422       8.89144039       5.61852598    
   416.892883       18.5126801       8.89160061       5.61860180    
   417.391693       18.5131645       8.89173889       5.61873531    
   417.890350       18.5136166       8.89188576       5.61886263    
   418.389221       18.5141430       8.89205456       5.61894846    
   418.887939       18.5146675       8.89220810       5.61902142    
   419.386108       18.5152092       8.89240551       5.61913586    
   419.884705       18.5157547       8.89259338       5.61923981    
   420.383148       18.5162525       8.89276409       5.61936903    
   420.881561       18.5168056       8.89293480       5.61951447    
   421.380127       18.5173645       8.89305019       5.61964703    
   421.879303       18.5179291       8.89315128       5.61977386    
   422.378174       18.5185280       8.89318943       5.61987782    
   422.877655       18.5191441       8.89331722       5.61997604    
   423.377167       18.5198326       8.89345264       5.62004328    
   423.876160       18.5205498       8.89359188       5.62011290    
   424.375153       18.5212002       8.89369583       5.62019730    
   424.874329       18.5218449       8.89383888       5.62027550    
   425.373444       18.5224991       8.89396191       5.62038374    
   425.872528       18.5230885       8.89411354       5.62049150    
   426.371735       18.5236797       8.89424515       5.62058115    
   426.871063       18.5242214       8.89436436       5.62066364    
   427.370422       18.5248547       8.89448547       5.62074995    
   427.870270       18.5254745       8.89463806       5.62087870    
   428.369629       18.5261002       8.89482689       5.62102795    
   428.869141       18.5266476       8.89494038       5.62119484    
   429.368439       18.5272198       8.89505196       5.62134171    
   429.867859       18.5277348       8.89519405       5.62145090    
   430.367188       18.5281372       8.89534664       5.62157106    
   430.866638       18.5285835       8.89543724       5.62165689    
   431.366302       18.5290489       8.89550686       5.62171841    
   431.866302       18.5295811       8.89562702       5.62179804    
   432.366669       18.5300198       8.89570045       5.62190580    
   432.867126       18.5304356       8.89576149       5.62194777    
   433.368256       18.5307713       8.89580727       5.62198210    
   433.869354       18.5311012       8.89584541       5.62203169    
   434.370087       18.5314312       8.89588165       5.62203074    
   434.871552       18.5318012       8.89586258       5.62201309    
   435.372833       18.5322456       8.89584255       5.62207413    
   435.874329       18.5326729       8.89584351       5.62217808    
   436.375244       18.5331497       8.89589310       5.62227106    
   436.876434       18.5337048       8.89597511       5.62237644    
   437.377045       18.5342922       8.89602184       5.62245941    
   437.877930       18.5348663       8.89603806       5.62255955    
   438.377808       18.5354176       8.89607334       5.62268591    
   438.878174       18.5360050       8.89610767       5.62280464    
   439.378784       18.5365849       8.89610767       5.62291336    
   439.879211       18.5371456       8.89613247       5.62303114    
   440.379395       18.5376778       8.89614773       5.62313843    
   440.879364       18.5381680       8.89621067       5.62326431    
   441.379639       18.5386124       8.89624405       5.62339687    
   441.880157       18.5390930       8.89624977       5.62347507    
   442.380402       18.5395298       8.89622307       5.62356520    
   442.880188       18.5400906       8.89627266       5.62362051    
   443.380127       18.5406761       8.89633274       5.62362385    
   443.879730       18.5412388       8.89638424       5.62368488    
   444.379608       18.5417709       8.89647675       5.62374067    
   444.878906       18.5423489       8.89658356       5.62378407    
   445.378296       18.5429211       8.89671612       5.62376642    
   445.877289       18.5435715       8.89685345       5.62380219    
   446.376495       18.5441971       8.89694405       5.62387323    
   446.875244       18.5447845       8.89701366       5.62390947    
   447.374084       18.5453529       8.89709282       5.62392712    
   447.872711       18.5458794       8.89721298       5.62393951    
   448.371246       18.5464783       8.89733696       5.62400150    
   448.869904       18.5470238       8.89747429       5.62405968    
   449.367859       18.5475254       8.89765739       5.62410784    
   449.865662       18.5479927       8.89782715       5.62411499    
   450.363434       18.5484447       8.89800739       5.62412882    
   450.861115       18.5488873       8.89815521       5.62416315    
   451.359009       18.5492306       8.89832973       5.62419748    
   451.856781       18.5496311       8.89847851       5.62422657    
   452.354553       18.5500336       8.89866066       5.62424469    
   452.852448       18.5504189       8.89886570       5.62429953    
   453.350067       18.5508461       8.89906311       5.62436628    
   453.848236       18.5512505       8.89925575       5.62440825    
   454.346405       18.5516853       8.89938450       5.62441921    
   454.844543       18.5520878       8.89952087       5.62447691    
   455.342804       18.5524540       8.89966488       5.62452030    
   455.840912       18.5528755       8.89985847       5.62455606    
   456.339050       18.5533447       8.90000343       5.62458658    
   456.836884       18.5539055       8.90014553       5.62460470    
   457.334595       18.5543919       8.90024185       5.62465477    
   457.832428       18.5548820       8.90036297       5.62471056    
   458.330414       18.5552635       8.90048122       5.62478495    
   458.828033       18.5556393       8.90054512       5.62482977    
   459.325897       18.5559216       8.90058804       5.62482548    
   459.823547       18.5562458       8.90060711       5.62483072    
   460.321045       18.5565987       8.90059853       5.62487030    
   460.818756       18.5569839       8.90056705       5.62492180    
   461.316864       18.5574284       8.90052319       5.62501001    
   461.814728       18.5578594       8.90049744       5.62512350    
   462.312775       18.5582581       8.90047359       5.62521219    
   462.811157       18.5586681       8.90042210       5.62528181    
   463.309326       18.5591145       8.90039539       5.62535238    
   463.807678       18.5595932       8.90037632       5.62537432    
   464.305481       18.5600758       8.90034103       5.62541342    
   464.803375       18.5605507       8.90030956       5.62546253    
   465.301056       18.5610199       8.90033245       5.62554121    
   465.799133       18.5615005       8.90035629       5.62563086    
   466.297302       18.5619888       8.90042496       5.62567711    
   466.795258       18.5624542       8.90048981       5.62568426    
   467.293121       18.5628872       8.90055084       5.62570524    
   467.791565       18.5632820       8.90059566       5.62574720    
   468.289490       18.5636692       8.90063095       5.62580776    
   468.787750       18.5640583       8.90067387       5.62589121    
   469.286163       18.5644054       8.90073681       5.62599897    
   469.784363       18.5646915       8.90082741       5.62608290    
   470.283173       18.5649643       8.90094566       5.62613106    
   470.781342       18.5652561       8.90111828       5.62618065    
   471.279449       18.5655937       8.90125370       5.62621260    
   471.777130       18.5659637       8.90140247       5.62622356    
   472.274414       18.5663662       8.90152264       5.62623978    
   472.771667       18.5667191       8.90161037       5.62622023    
   473.269440       18.5670738       8.90167904       5.62623167    
   473.767090       18.5674438       8.90173149       5.62624359    
   474.264923       18.5678616       8.90179253       5.62623787    
   474.762756       18.5682545       8.90191174       5.62623310    
   475.260803       18.5687046       8.90200520       5.62625980    
   475.759125       18.5692101       8.90209770       5.62623644    
   476.257111       18.5697098       8.90215874       5.62620449    
   476.755096       18.5701637       8.90217495       5.62615824    
   477.253113       18.5707455       8.90219498       5.62613010    
   477.750854       18.5713921       8.90221405       5.62614393    
   478.248230       18.5720024       8.90225887       5.62615728    
   478.746002       18.5726624       8.90231514       5.62616873    
   479.243896       18.5733204       8.90240383       5.62620115    
   479.742035       18.5739784       8.90244102       5.62625170    
   480.240173       18.5746098       8.90246296       5.62626314    
   480.738007       18.5752621       8.90254784       5.62627649    
   481.235840       18.5759697       8.90264702       5.62629128    
   481.733765       18.5766544       8.90275574       5.62630081    
   482.231445       18.5772572       8.90288544       5.62632370    
   482.729370       18.5777569       8.90300274       5.62635183    
   483.226898       18.5782566       8.90311813       5.62639523    
   483.724731       18.5787010       8.90319252       5.62643480    
   484.222260       18.5792046       8.90329170       5.62648439    
   484.720276       18.5796814       8.90338135       5.62655497    
   485.217743       18.5801620       8.90348721       5.62664413    
   485.715424       18.5806408       8.90354919       5.62675428    
   486.212860       18.5810642       8.90359020       5.62688065    
   486.710541       18.5814667       8.90362835       5.62701368    
   487.208466       18.5818596       8.90367031       5.62717772    
   487.705780       18.5823269       8.90367699       5.62733603    
   488.202942       18.5828838       8.90368748       5.62746668    
   488.699890       18.5834064       8.90370178       5.62756205    
   489.196808       18.5840111       8.90369987       5.62766266    
   489.693268       18.5846043       8.90369511       5.62773752    
   490.190094       18.5851746       8.90370464       5.62785387    
   490.686798       18.5857277       8.90376282       5.62795925    
   491.183441       18.5862617       8.90382004       5.62804651    
   491.680115       18.5868149       8.90386772       5.62810326    
   492.176422       18.5873795       8.90394878       5.62814999    
   492.672668       18.5878830       8.90401077       5.62816095    
   493.169128       18.5883598       8.90408516       5.62818432    
   493.665375       18.5888233       8.90408897       5.62819481    
   494.161530       18.5893002       8.90409851       5.62819099    
   494.657684       18.5898075       8.90410805       5.62819481    
   495.153717       18.5903244       8.90414143       5.62818050    
   495.649689       18.5908947       8.90422440       5.62820625    
   496.145172       18.5914516       8.90431404       5.62823677    
   496.640594       18.5919952       8.90435028       5.62825966    
   497.136108       18.5924892       8.90442657       5.62825394    
   497.631470       18.5929623       8.90450764       5.62822819    
