              NaN              NaN              NaN
   2.00000167       2.00000167       2.00000167    
   2.99853396       2.99853396       2.99853396    
   3.33186889       3.33186889       3.33186889    
   3.50014305       3.50014305       3.50014305    
   3.60321498       3.60321498       3.60321498    
   3.67474461       3.67474461       3.67474461    
   3.72223330       3.72223330       3.72223330    
   3.75960588       3.75960588       3.75960588    
   3.79072976       3.79072976       3.79072976    
   3.81391573       3.81391573       3.81391573    
   3.83281207       3.83281207       3.83281207    
   3.84734941       3.84734941       3.84734941    
   3.86010432       3.86010432       3.86010432    
   3.87241292       3.87241292       3.87241292    
   3.88419867       3.88419867       3.88419867    
   3.89259315       3.89259315       3.89259315    
   3.89916849       3.89916849       3.89916849    
   3.90559340       3.90559340       3.90559340    
   3.91016626       3.91016626       3.91016626    
   3.91668797       3.91668797       3.91668797    
   3.92078543       3.92078543       3.92078543    
   3.92518330       3.92518330       3.92518330    
   3.92975283       3.92975283       3.92975283    
   3.93363357       3.93363357       3.93363357    
   3.93759251       3.93759251       3.93759251    
   3.94033718       3.94033718       3.94033718    
   3.94380760       3.94380760       3.94380760    
   3.94671941       3.94671941       3.94671941    
   3.94871902       3.94871902       3.94871902    
   3.95060706       3.95060706       3.95060706    
   3.95122790       3.95122790       3.95122790    
   3.95149875       3.95149875       3.95149875    
   3.95268798       3.95268798       3.95268798    
   3.95378995       3.95378995       3.95378995    
   3.95468760       3.95468760       3.95468760    
   3.95528603       3.95528603       3.95528603    
   3.95588732       3.95588732       3.95588732    
   3.95617676       3.95617676       3.95617676    
   3.95582271       3.95582271       3.95582271    
   3.95520568       3.95520568       3.95520568    
   3.95382452       3.95382452       3.95382452    
   3.95242476       3.95242476       3.95242476    
   3.95096970       3.95096970       3.95096970    
   3.95008612       3.95008612       3.95008612    
   3.94882035       3.94882035       3.94882035    
   3.94754362       3.94754362       3.94754362    
   3.94614053       3.94614053       3.94614053    
   3.94478416       3.94478416       3.94478416    
   3.94345713       3.94345713       3.94345713    
   3.94286323       3.94286323       3.94286323    
   3.94257736       3.94257736       3.94257736    
   3.94219899       3.94219899       3.94219899    
   3.94166875       3.94166875       3.94166875    
   3.94135046       3.94135046       3.94135046    
   3.94136214       3.94136214       3.94136214    
   3.94107318       3.94107318       3.94107318    
   3.94086432       3.94086432       3.94086432    
   3.94104385       3.94104385       3.94104385    
   3.94172001       3.94172001       3.94172001    
   3.94232416       3.94232416       3.94232416    
   3.94306016       3.94306016       3.94306016    
   3.94409180       3.94409180       3.94409180    
   3.94480944       3.94480944       3.94480944    
   3.94568157       3.94568157       3.94568157    
   3.94677329       3.94677329       3.94677329    
   3.94816732       3.94816732       3.94816732    
   3.94939995       3.94939995       3.94939995    
   3.95039415       3.95039415       3.95039415    
   3.95129466       3.95129466       3.95129466    
   3.95187449       3.95187449       3.95187449    
   3.95231199       3.95231199       3.95231199    
   3.95280218       3.95280218       3.95280218    
   3.95327711       3.95327711       3.95327711    
   3.95398426       3.95398426       3.95398426    
   3.95516443       3.95516443       3.95516443    
   3.95637393       3.95637393       3.95637393    
   3.95770669       3.95770669       3.95770669    
   3.95901847       3.95901847       3.95901847    
   3.96006846       3.96006846       3.96006846    
   3.96092868       3.96092868       3.96092868    
   3.96174407       3.96174407       3.96174407    
   3.96271753       3.96271753       3.96271753    
   3.96329522       3.96329522       3.96329522    
   3.96398902       3.96398902       3.96398902    
   3.96501899       3.96501899       3.96501899    
   3.96612358       3.96612358       3.96612358    
   3.96730685       3.96730685       3.96730685    
   3.96854520       3.96854520       3.96854520    
   3.96947289       3.96947289       3.96947289    
   3.97035623       3.97035623       3.97035623    
   3.97123075       3.97123075       3.97123075    
   3.97193599       3.97193599       3.97193599    
   3.97277212       3.97277212       3.97277212    
   3.97360682       3.97360682       3.97360682    
   3.97467089       3.97467089       3.97467089    
   3.97569704       3.97569704       3.97569704    
   3.97645593       3.97645593       3.97645593    
   3.97708297       3.97708297       3.97708297    
   3.97799087       3.97799087       3.97799087    
