   0.00000000       0.00000000       0.00000000    
  0.499999583      0.499999583      0.499999583    
   1.00073338       1.00073338       1.00073338    
   1.50254917       1.50254917       1.50254917    
   2.00193405       2.00193405       2.00193405    
   2.50298548       2.50298548       2.50298548    
   3.00135899       3.00135899       3.00135899    
   3.50066829       3.50066829       3.50066829    
   4.00259352       4.00259352       4.00259352    
   4.50415897       4.50415897       4.50415897    
   5.00848341       5.00848341       5.00848341    
   5.51222372       5.51222372       5.51222372    
   6.01272249       6.01272249       6.01272249    
   6.51170397       6.51170397       6.51170397    
   7.01083946       7.01083946       7.01083946    
   7.50997972       7.50997972       7.50997972    
   8.00898075       8.00898075       8.00898075    
   8.50990295       8.50990295       8.50990295    
   9.01231480       9.01231480       9.01231480    
   9.51526737       9.51526737       9.51526737    
   10.0181227       10.0181227       10.0181227    
   10.5199327       10.5199327       10.5199327    
   11.0221577       11.0221577       11.0221577    
   11.5235710       11.5235710       11.5235710    
   12.0249281       12.0249281       12.0249281    
   12.5257826       12.5257826       12.5257826    
   13.0251055       13.0251055       13.0251055    
   13.5256891       13.5256891       13.5256891    
   14.0263224       14.0263224       14.0263224    
   14.5256138       14.5256138       14.5256138    
   15.0251255       15.0251255       15.0251255    
   15.5226212       15.5226212       15.5226212    
   16.0209217       16.0209217       16.0209217    
   16.5193138       16.5193138       16.5193138    
   17.0180569       17.0180569       17.0180569    
   17.5164204       17.5164204       17.5164204    
   18.0137939       18.0137939       18.0137939    
   18.5106640       18.5106640       18.5106640    
   19.0084267       19.0084267       19.0084267    
   19.5067711       19.5067711       19.5067711    
   20.0048771       20.0048771       20.0048771    
   20.5016384       20.5016384       20.5016384    
   20.9997292       20.9997292       20.9997292    
   21.4971237       21.4971237       21.4971237    
   21.9932556       21.9932556       21.9932556    
   22.4890499       22.4890499       22.4890499    
   22.9834557       22.9834557       22.9834557    
   23.4782200       23.4782200       23.4782200    
   23.9729424       23.9729424       23.9729424    
   24.4676762       24.4676762       24.4676762    
   24.9621868       24.9621868       24.9621868    
   25.4570408       25.4570408       25.4570408    
   25.9512310       25.9512310       25.9512310    
   26.4448013       26.4448013       26.4448013    
   26.9392452       26.9392452       26.9392452    
   27.4345188       27.4345188       27.4345188    
   27.9286156       27.9286156       27.9286156    
   28.4220161       28.4220161       28.4220161    
   28.9158058       28.9158058       28.9158058    
   29.4094982       29.4094982       29.4094982    
   29.9032001       29.9032001       29.9032001    
   30.3983059       30.3983059       30.3983059    
   30.8933010       30.8933010       30.8933010    
   31.3873615       31.3873615       31.3873615    
   31.8815746       31.8815746       31.8815746    
   32.3752441       32.3752441       32.3752441    
   32.8709908       32.8709908       32.8709908    
   33.3668785       33.3668785       33.3668785    
   33.8638954       33.8638954       33.8638954    
   34.3614349       34.3614349       34.3614349    
   34.8588028       34.8588028       34.8588028    
   35.3563232       35.3563232       35.3563232    
   35.8539238       35.8539238       35.8539238    
   36.3514175       36.3514175       36.3514175    
   36.8499947       36.8499947       36.8499947    
   37.3486633       37.3486633       37.3486633    
   37.8471794       37.8471794       37.8471794    
   38.3449821       38.3449821       38.3449821    
   38.8434830       38.8434830       38.8434830    
   39.3425865       39.3425865       39.3425865    
   39.8406677       39.8406677       39.8406677    
   40.3384056       40.3384056       40.3384056    
   40.8366623       40.8366623       40.8366623    
   41.3344154       41.3344154       41.3344154    
   41.8316383       41.8316383       41.8316383    
   42.3290863       42.3290863       42.3290863    
   42.8268242       42.8268242       42.8268242    
   43.3251152       43.3251152       43.3251152    
   43.8233986       43.8233986       43.8233986    
   44.3212929       44.3212929       44.3212929    
   44.8198051       44.8198051       44.8198051    
   45.3188210       45.3188210       45.3188210    
   45.8170853       45.8170853       45.8170853    
   46.3174019       46.3174019       46.3174019    
   46.8182640       46.8182640       46.8182640    
   47.3200493       47.3200493       47.3200493    
   47.8222046       47.8222046       47.8222046    
   48.3237457       48.3237457       48.3237457    
   48.8259392       48.8259392       48.8259392    
   49.3289604       49.3289604       49.3289604    
