              NaN              NaN              NaN
  -9.19222366E-04  -9.19222366E-04  -9.19222366E-04
  -1.23204093E-03  -1.23204093E-03  -1.23204093E-03
   2.04942189E-03   2.04942189E-03   2.04942189E-03
  -1.57302362E-03  -1.57302362E-03  -1.57302362E-03
  -1.31024700E-03  -1.31024700E-03  -1.31024700E-03
  -2.40054098E-03  -2.40054098E-03  -2.40054098E-03
  -3.97930620E-03  -3.97930620E-03  -3.97930620E-03
  -4.91038384E-03  -4.91038384E-03  -4.91038384E-03
  -4.51254146E-03  -4.51254146E-03  -4.51254146E-03
  -4.98444028E-03  -4.98444028E-03  -4.98444028E-03
  -4.93237935E-03  -4.93237935E-03  -4.93237935E-03
  -4.39977180E-03  -4.39977180E-03  -4.39977180E-03
  -2.53206678E-03  -2.53206678E-03  -2.53206678E-03
  -5.05289878E-04  -5.05289878E-04  -5.05289878E-04
   1.15434662E-03   1.15434662E-03   1.15434662E-03
   2.19457177E-03   2.19457177E-03   2.19457177E-03
   2.66526802E-03   2.66526802E-03   2.66526802E-03
   2.81351875E-03   2.81351875E-03   2.81351875E-03
   3.46471183E-03   3.46471183E-03   3.46471183E-03
   4.43045935E-03   4.43045935E-03   4.43045935E-03
   4.82647028E-03   4.82647028E-03   4.82647028E-03
   4.58001625E-03   4.58001625E-03   4.58001625E-03
   4.80691670E-03   4.80691670E-03   4.80691670E-03
   5.21341106E-03   5.21341106E-03   5.21341106E-03
   5.25729079E-03   5.25729079E-03   5.25729079E-03
   5.08429855E-03   5.08429855E-03   5.08429855E-03
   4.66922252E-03   4.66922252E-03   4.66922252E-03
   4.26791655E-03   4.26791655E-03   4.26791655E-03
   3.48729687E-03   3.48729687E-03   3.48729687E-03
   2.83965981E-03   2.83965981E-03   2.83965981E-03
   2.18931888E-03   2.18931888E-03   2.18931888E-03
   1.49567774E-03   1.49567774E-03   1.49567774E-03
   4.62556578E-04   4.62556578E-04   4.62556578E-04
  -2.98421364E-04  -2.98421364E-04  -2.98421364E-04
  -1.03990873E-03  -1.03990873E-03  -1.03990873E-03
  -1.56541809E-03  -1.56541809E-03  -1.56541809E-03
  -2.03087460E-03  -2.03087460E-03  -2.03087460E-03
  -2.40738713E-03  -2.40738713E-03  -2.40738713E-03
  -2.61056074E-03  -2.61056074E-03  -2.61056074E-03
  -2.77304463E-03  -2.77304463E-03  -2.77304463E-03
  -2.88128108E-03  -2.88128108E-03  -2.88128108E-03
  -2.78725498E-03  -2.78725498E-03  -2.78725498E-03
  -2.67732283E-03  -2.67732283E-03  -2.67732283E-03
  -2.64993287E-03  -2.64993287E-03  -2.64993287E-03
  -2.56642303E-03  -2.56642303E-03  -2.56642303E-03
  -2.43272004E-03  -2.43272004E-03  -2.43272004E-03
  -2.28094705E-03  -2.28094705E-03  -2.28094705E-03
  -2.19163205E-03  -2.19163205E-03  -2.19163205E-03
  -2.12172652E-03  -2.12172652E-03  -2.12172652E-03
  -1.99437141E-03  -1.99437141E-03  -1.99437141E-03
  -1.91036088E-03  -1.91036088E-03  -1.91036088E-03
  -1.75131497E-03  -1.75131497E-03  -1.75131497E-03
  -1.67460041E-03  -1.67460041E-03  -1.67460041E-03
  -1.59108301E-03  -1.59108301E-03  -1.59108301E-03
  -1.60555064E-03  -1.60555064E-03  -1.60555064E-03
  -1.58415118E-03  -1.58415118E-03  -1.58415118E-03
  -1.59579539E-03  -1.59579539E-03  -1.59579539E-03
  -1.56751333E-03  -1.56751333E-03  -1.56751333E-03
  -1.51579210E-03  -1.51579210E-03  -1.51579210E-03
  -1.36359863E-03  -1.36359863E-03  -1.36359863E-03
  -1.16808584E-03  -1.16808584E-03  -1.16808584E-03
  -9.11290175E-04  -9.11290175E-04  -9.11290175E-04
  -5.80134685E-04  -5.80134685E-04  -5.80134685E-04
  -2.66449759E-04  -2.66449759E-04  -2.66449759E-04
  -1.36942544E-05  -1.36942544E-05  -1.36942544E-05
   2.46964511E-04   2.46964511E-04   2.46964511E-04
   4.91596293E-04   4.91596293E-04   4.91596293E-04
   5.99271560E-04   5.99271560E-04   5.99271560E-04
   6.35254604E-04   6.35254604E-04   6.35254604E-04
   6.49666123E-04   6.49666123E-04   6.49666123E-04
   6.71168556E-04   6.71168556E-04   6.71168556E-04
   6.03360881E-04   6.03360881E-04   6.03360881E-04
   5.29874698E-04   5.29874698E-04   5.29874698E-04
   5.01729257E-04   5.01729257E-04   5.01729257E-04
   5.10115467E-04   5.10115467E-04   5.10115467E-04
   4.83181968E-04   4.83181968E-04   4.83181968E-04
   4.44238452E-04   4.44238452E-04   4.44238452E-04
   4.03452403E-04   4.03452403E-04   4.03452403E-04
   3.57638433E-04   3.57638433E-04   3.57638433E-04
   2.83652160E-04   2.83652160E-04   2.83652160E-04
   2.61152134E-04   2.61152134E-04   2.61152134E-04
   2.61175272E-04   2.61175272E-04   2.61175272E-04
   2.05848366E-04   2.05848366E-04   2.05848366E-04
   1.01364123E-04   1.01364123E-04   1.01364123E-04
  -4.15182767E-05  -4.15182767E-05  -4.15182767E-05
  -1.09346205E-04  -1.09346205E-04  -1.09346205E-04
  -1.72982807E-04  -1.72982807E-04  -1.72982807E-04
  -2.04985103E-04  -2.04985103E-04  -2.04985103E-04
  -3.33067757E-04  -3.33067757E-04  -3.33067757E-04
  -4.98887326E-04  -4.98887326E-04  -4.98887326E-04
  -6.73694769E-04  -6.73694769E-04  -6.73694769E-04
  -8.31577228E-04  -8.31577228E-04  -8.31577228E-04
  -9.57372249E-04  -9.57372249E-04  -9.57372249E-04
  -1.09576492E-03  -1.09576492E-03  -1.09576492E-03
  -1.22467557E-03  -1.22467557E-03  -1.22467557E-03
  -1.37433410E-03  -1.37433410E-03  -1.37433410E-03
  -1.48734311E-03  -1.48734311E-03  -1.48734311E-03
  -1.64476957E-03  -1.64476957E-03  -1.64476957E-03
  -1.77684927E-03  -1.77684927E-03  -1.77684927E-03
