           0           0           0           0
           0           0           0           0
           0           0           0           0
           0           0           0           0
           0           0           0           0
           0           0           0           0
           0           0           0           0
           0           0           0           0
           0           0           0           0
           1           0           0           0
           0           0           0           0
           0           0           0           0
           1           0           0           0
           1           0           0           0
           0           0           0           0
           0           0           0           0
           0           0           0           0
           0           0           0           0
           0           0           0           0
           1           0           0           0
           0           0           0           0
           0           0           0           0
           0           0           0           0
           0           0           0           0
           0           0           0           0
           0           0           0           0
           0           0           0           0
           0           0           0           0
           0           0           0           0
           0           0           0           0
           1           0           0           0
           1           0           0           0
           0           0           0           0
           1           0           0           0
           1           0           0           0
           1           0           0           0
           1           0           0           0
           0           0           0           0
           1           0           0           0
           1           0           0           0
           0           0           0           0
           0           0           0           0
           0           0           0           0
           0           0           0           0
           1           0           0           0
           0           0           0           0
           0           0           0           0
           1           0           0           0
           1           0           0           0
           0           0           0           0
           0           0           0           0
           0           0           0           0
           1           0           0           0
           2           0           0           0
           3           0           0           0
           1           0           0           0
           0           0           0           0
           1           0           0           0
           3           0           0           0
           0           0           0           0
           2           0           0           0
           2           0           0           0
           1           0           0           0
           0           0           0           0
           3           0           0           0
           4           0           0           0
           2           0           0           0
           1           0           0           0
           3           0           0           0
           2           0           0           0
           1           0           0           0
           3           0           0           0
           1           0           0           0
           2           0           0           0
           3           0           0           0
           1           0           0           0
           2           0           0           0
           2           0           0           0
           1           0           0           0
           2           0           0           0
           2           0           0           0
           2           0           0           0
           2           0           0           0
           2           0           0           0
           3           0           0           0
           6           0           0           0
           2           0           0           0
           2           0           0           0
           2           0           0           0
           3           0           0           0
           4           0           0           0
           2           0           0           0
           6           0           0           0
           5           0           0           0
           6           0           0           0
           2           0           0           0
           4           0           0           0
           3           0           0           0
           2           0           0           0
           3           0           0           0
           3           0           0           0
           5           0           0           0
           2           0           0           0
           7           0           0           0
           9           0           0           0
           8           0           0           0
           2           0           0           0
           7           0           0           0
           3           0           0           0
           9           0           0           0
           8           0           0           0
           8           0           0           0
           3           0           0           0
           6           0           0           0
           6           0           0           0
           6           0           0           0
           2           0           0           0
           6           0           0           0
           9           0           0           0
          10           0           0           0
          12           0           0           0
           8           0           0           0
           4           0           0           0
           7           0           0           0
          12           0           0           0
           5           0           0           0
          13           0           0           0
           9           0           0           0
          12           0           0           0
           7           0           0           0
          15           0           0           0
           8           0           0           0
          17           0           0           0
          12           0           0           0
          19           0           0           0
          14           0           0           0
          15           0           0           0
          14           0           0           0
          11           0           0           0
          13           0           0           0
          16           0           0           0
          16           0           0           0
          12           0           0           0
           8           0           0           0
          10           0           0           0
          21           0           0           0
          19           0           0           0
           7           0           0           0
          18           0           0           0
           9           0           0           0
          14           0           0           0
          17           0           0           0
          10           0           0           0
          18           0           0           0
          25           0           0           0
          17           0           0           0
          22           0           0           0
          19           0           0           0
          18           0           0           0
          27           0           0           0
          25           0           0           0
          27           0           0           0
          30           0           0           0
          24           0           0           0
          32           0           0           0
          35           0           0           0
          29           0           0           0
          25           0           0           0
          26           0           0           0
          25           0           0           0
          27           0           0           0
          22           0           0           0
          25           0           0           0
          35           0           0           0
          26           0           0           0
          34           0           0           0
          31           0           0           0
          32           0           0           0
          37           0           0           0
          32           0           0           0
          26           0           0           0
          28           0           0           0
          45           0           0           0
          34           0           0           0
          41           0           0           0
          32           0           0           0
          39           0           0           0
          45           0           0           0
          60           0           0           0
          36           0           0           0
          45           0           0           0
          44           0           0           0
          50           0           0           0
          39           0           0           0
          56           0           0           0
          47           0           0           0
          47           0           0           0
          48           0           0           0
          52           0           0           0
          46           0           0           0
          44           0           0           0
          46           0           0           0
          67           0           0           0
          64           0           0           0
          46           0           0           0
          69           0           0           0
          73           0           0           0
          75           0           0           0
          65           0           0           0
          60           0           0           0
          68           0           0           0
          69           0           0           0
          66           0           0           0
          61           0           0           0
          84           0           0           0
          70           0           0           0
          71           0           0           0
          74           0           0           0
          80           0           0           0
          79           0           0           0
          77           0           0           0
          79           0           0           0
          65           0           0           0
          94           0           0           0
          88           0           0           0
          92           0           0           0
          91           0           0           0
          78           0           0           0
          93           0           0           0
          90           0           0           0
         103           0           0           0
         106           0           0           0
          94           0           0           0
         100           0           0           0
         122           0           0           0
         108           0           0           0
          94           0           0           0
         123           0           0           0
         103           0           0           0
         111           0           0           0
         108           0           0           0
         113           0           0           0
         120           0           0           0
         128           0           0           0
          98           0           0           0
         130           0           0           0
         124           0           0           0
         110           0           0           0
         125           0           0           0
         136           0           0           0
         111           0           0           0
         128           0           0           0
         132           0           0           0
         144           0           0           0
         140           0           0           0
         152           0           0           0
         160           0           0           0
         120           0           0           0
         169           0           0           0
         146           0           0           0
         158           0           0           0
         157           0           0           0
         165           0           0           0
         155           0           0           0
         166           0           0           0
         158           0           0           0
         158           0           0           0
         158           0           0           0
         184           0           0           0
         163           0           0           0
         163           0           0           0
         204           0           0           0
         191           0           0           0
         156           0           0           0
         192           0           0           0
         195           0           0           0
         166           0           0           0
         207           0           0           0
         208           0           0           0
         202           0           0           0
         190           0           0           0
         179           0           0           0
         204           0           0           0
         177           0           0           0
         213           0           0           0
         191           0           0           0
         220           0           0           0
         217           0           0           0
         217           0           0           0
         192           0           0           0
         210           0           0           0
         203           0           0           0
         217           0           0           0
         216           0           0           0
         223           0           0           0
         214           0           0           0
         246           0           0           0
         247           0           0           0
         221           0           0           0
         254           0           0           0
         211           0           0           0
         256           0           0           0
         235           0           0           0
         237           0           0           0
         216           0           0           0
         220           0           0           0
         262           0           0           0
         273           0           0           0
         265           0           0           0
         265           0           0           0
         280           0           0           0
         265           0           0           0
         265           0           0           0
         270           0           0           0
         292           0           0           0
         280           0           0           0
         301           0           0           0
         299           0           0           0
         279           0           0           0
         277           0           0           0
         302           0           0           0
         286           0           0           0
         262           0           0           0
         278           0           0           0
         288           0           0           0
         311           0           0           0
         322           0           0           0
         314           0           0           0
         312           0           0           0
         337           0           0           0
         340           1           0           0
         337           0           0           0
         319           0           0           0
         290           0           0           0
         332           0           0           0
         340           0           0           0
         323           0           0           0
         373           0           0           0
         309           0           0           0
         319           0           0           0
         347           0           0           0
         351           1           0           0
         326           0           0           0
         359           0           0           0
         324           0           0           0
         305           2           0           0
         346           1           0           0
         365           2           0           0
         357           1           0           0
         349           0           0           0
         342           1           0           0
         362           6           0           0
         355           7           0           0
         349           3           0           0
         361          10           0           0
         349           6           1           0
         394          10           1           0
         356          13           0           0
         376           9           1           0
         361          17           1           0
         382          14           0           0
         344          36           0           0
         364          26           2           0
         381          40           3           1
         366          36           2           1
         398          50           3           0
         378          58          11           0
         389          87           8           0
         400         100          17           0
         394         107           7           1
         394         108          25           4
         401         145          23          10
         397         185          35           8
         392         221          41           6
         355         264          60          13
         333         298          72          27
         390         341          94          24
         375         411         129          45
         393         494         155          55
         393         525         191          73
         400         667         270         111
         380         823         344         131
         420         832         409         198
         380        1024         543         245
         386        1146         713         352
         387        1330         855         486
         416        1525        1017         627
         418        1691        1182         793
         360        1834        1503        1053
         429        2066        1681        1361
         375        2252        2118        1749
         355        2464        2375        2138
         398        2743        2802        2591
         406        3002        3212        3207
         403        3115        3580        3745
         395        3432        4131        4494
         348        3504        4418        5189
         409        3624        4807        5529
         368        3653        5118        6190
         390        3844        5256        6422
         435        3912        5389        6522
         395        3721        5370        6336
         446        3758        4994        6181
         379        3683        4748        5659
         425        3517        4442        5020
         430        3379        4099        4277
         418        3124        3640        3790
         407        2885        3219        3151
         402        2780        2794        2573
         449        2398        2521        2189
         386        2204        2066        1773
         393        2113        1770        1357
         369        1908        1454        1053
         390        1596        1244         801
         353        1507        1025         639
         374        1282         812         462
         396        1111         634         360
         387         966         532         275
         372         910         440         192
         387         750         360         136
         370         658         287         114
         401         513         221          90
         377         489         179          50
         426         406         133          35
         352         346         107          24
         389         325          77          22
         401         239          48          14
         371         258          48          14
         369         159          27           2
         410         161          27           5
         379         124          16           2
         391          92          14           1
         394          80          10           0
         393          55           5           2
         391          70           9           0
         347          50           6           0
         395          37           5           0
         367          49           4           0
         364          31           1           0
         336          34           2           0
         363          22           1           0
         359          21           0           0
         351          12           2           0
         361           7           0           0
         376           9           1           0
         379           8           1           0
         360           5           0           0
         397           5           0           0
         355           7           0           0
         319           3           0           0
         364           4           0           0
         339           1           0           0
         364           3           0           0
         367           0           0           0
         355           1           0           0
         337           1           0           0
         307           1           0           0
         327           1           0           0
         312           1           0           0
         331           0           0           0
         368           0           0           0
         330           0           0           0
         313           0           0           0
         301           0           0           0
         280           0           0           0
         302           0           0           0
         310           0           0           0
         313           0           0           0
         308           0           0           0
         333           0           0           0
         307           0           0           0
         314           0           0           0
         321           0           0           0
         303           0           0           0
         294           0           0           0
         316           1           0           0
         298           0           0           0
         275           0           0           0
         295           0           0           0
         299           0           0           0
         297           0           0           0
         290           0           0           0
         269           0           0           0
         288           0           0           0
         267           0           0           0
         262           0           0           0
         284           0           0           0
         246           0           0           0
         268           0           0           0
         266           0           0           0
         282           0           0           0
         288           0           0           0
         257           0           0           0
         292           0           0           0
         236           0           0           0
         245           0           0           0
         245           0           0           0
         265           0           0           0
         256           0           0           0
         294           0           0           0
         235           0           0           0
         247           0           0           0
         250           0           0           0
         265           0           0           0
         235           0           0           0
         224           0           0           0
         209           0           0           0
         222           0           0           0
         227           0           0           0
         258           0           0           0
         208           0           0           0
         207           0           0           0
         199           0           0           0
         197           0           0           0
         202           0           0           0
         215           0           0           0
         222           0           0           0
         199           0           0           0
         183           0           0           0
         192           0           0           0
         211           0           0           0
         202           0           0           0
         182           0           0           0
         173           0           0           0
         187           0           0           0
         176           0           0           0
         179           0           0           0
         173           0           0           0
         179           0           0           0
         178           0           0           0
         177           0           0           0
         162           0           0           0
         176           0           0           0
         147           0           0           0
         138           0           0           0
         176           0           0           0
         165           0           0           0
         175           0           0           0
         155           0           0           0
         143           0           0           0
         137           0           0           0
         155           0           0           0
         131           0           0           0
         143           0           0           0
         133           0           0           0
         134           0           0           0
         137           0           0           0
         141           0           0           0
         135           0           0           0
         140           0           0           0
         151           0           0           0
         109           0           0           0
         132           0           0           0
         127           0           0           0
         146           0           0           0
         108           0           0           0
         135           0           0           0
         119           0           0           0
         104           0           0           0
         115           0           0           0
         108           0           0           0
          92           0           0           0
         105           0           0           0
          85           0           0           0
         108           0           0           0
          80           0           0           0
          84           0           0           0
         108           0           0           0
          96           0           0           0
          91           0           0           0
          69           0           0           0
          90           0           0           0
          96           0           0           0
          89           0           0           0
          97           0           0           0
          96           0           0           0
          85           0           0           0
          92           0           0           0
          82           0           0           0
          76           0           0           0
          76           0           0           0
          83           0           0           0
          85           0           0           0
          65           0           0           0
          82           0           0           0
          64           0           0           0
          71           0           0           0
          66           0           0           0
          66           0           0           0
          63           0           0           0
          59           0           0           0
          64           0           0           0
          65           0           0           0
          71           0           0           0
          54           0           0           0
          58           0           0           0
          70           0           0           0
          68           0           0           0
          54           0           0           0
          54           0           0           0
          56           0           0           0
          40           0           0           0
          60           0           0           0
          52           0           0           0
          54           0           0           0
          32           0           0           0
          50           0           0           0
          41           0           0           0
          54           0           0           0
          40           0           0           0
          39           0           0           0
          40           0           0           0
          34           0           0           0
          36           0           0           0
          37           0           0           0
          37           0           0           0
          37           0           0           0
          44           0           0           0
          42           0           0           0
          25           0           0           0
          35           0           0           0
          46           0           0           0
          31           0           0           0
          38           0           0           0
          30           0           0           0
          38           0           0           0
          38           0           0           0
          26           0           0           0
          38           0           0           0
          30           0           0           0
          25           0           0           0
          25           0           0           0
          27           0           0           0
          32           0           0           0
          20           0           0           0
          24           0           0           0
          18           0           0           0
          32           0           0           0
          23           0           0           0
          25           0           0           0
          20           0           0           0
          11           0           0           0
          24           0           0           0
          20           0           0           0
          22           0           0           0
          19           0           0           0
          22           0           0           0
          25           0           0           0
          19           0           0           0
          30           0           0           0
          27           0           0           0
          20           0           0           0
          19           0           0           0
          16           0           0           0
          15           0           0           0
           9           0           0           0
           9           0           0           0
          10           0           0           0
          21           0           0           0
          16           0           0           0
          26           0           0           0
          14           0           0           0
          16           0           0           0
           9           0           0           0
          11           0           0           0
          14           0           0           0
           7           0           0           0
           9           0           0           0
          11           0           0           0
          10           0           0           0
          12           0           0           0
           9           0           0           0
           8           0           0           0
           2           0           0           0
           8           0           0           0
          11           0           0           0
           8           0           0           0
          10           0           0           0
           5           0           0           0
          11           0           0           0
          11           0           0           0
          12           0           0           0
           4           0           0           0
           9           0           0           0
           6           0           0           0
           6           0           0           0
           4           0           0           0
          10           0           0           0
           6           0           0           0
           5           0           0           0
           4           0           0           0
           2           0           0           0
           6           0           0           0
           3           0           0           0
           8           0           0           0
           6           0           0           0
           0           0           0           0
           6           0           0           0
           4           0           0           0
           7           0           0           0
           6           0           0           0
           5           0           0           0
           4           0           0           0
           4           0           0           0
           4           0           0           0
           3           0           0           0
           7           0           0           0
           3           0           0           0
           3           0           0           0
           2           0           0           0
           4           0           0           0
           6           0           0           0
           4           0           0           0
           3           0           0           0
           2           0           0           0
           1           0           0           0
           3           0           0           0
           2           0           0           0
           5           0           0           0
           3           0           0           0
           0           0           0           0
           2           0           0           0
           2           0           0           0
           3           0           0           0
           0           0           0           0
           2           0           0           0
           1           0           0           0
           0           0           0           0
           2           0           0           0
           2           0           0           0
           1           0           0           0
           2           0           0           0
           3           0           0           0
           3           0           0           0
           0           0           0           0
           1           0           0           0
           3           0           0           0
           3           0           0           0
           0           0           0           0
           0           0           0           0
           2           0           0           0
           1           0           0           0
           0           0           0           0
           0           0           0           0
           1           0           0           0
           0           0           0           0
           2           0           0           0
           0           0           0           0
           1           0           0           0
           0           0           0           0
           0           0           0           0
           1           0           0           0
           0           0           0           0
           1           0           0           0
           0           0           0           0
           1           0           0           0
           0           0           0           0
           0           0           0           0
           0           0           0           0
           0           0           0           0
           0           0           0           0
           0           0           0           0
           0           0           0           0
           0           0           0           0
           0           0           0           0
           0           0           0           0
           1           0           0           0
           2           0           0           0
           1           0           0           0
           0           0           0           0
           0           0           0           0
           1           0           0           0
           1           0           0           0
           1           0           0           0
           0           0           0           0
           0           0           0           0
           1           0           0           0
           0           0           0           0
           0           0           0           0
           0           0           0           0
           0           0           0           0
           0           0           0           0
           1           0           0           0
           0           0           0           0
           0           0           0           0
           2           0           0           0
           2           0           0           0
           0           0           0           0
           0           0           0           0
           1           0           0           0
           0           0           0           0
           1           0           0           0
           0           0           0           0
           0           0           0           0
           0           0           0           0
           0           0           0           0
           0           0           0           0
           0           0           0           0
           0           0           0           0
           0           0           0           0
           0           0           0           0
