           0           0           0           0
           0           0           0           0
           0           0           0           0
           0           0           0           0
           1           0           0           0
           0           0           0           0
           0           0           0           0
           0           0           0           0
           0           0           0           0
           0           0           0           0
           0           0           0           0
           0           0           0           0
           0           0           0           0
           0           0           0           0
           0           0           0           0
           0           0           0           0
           0           0           0           0
           0           0           0           0
           0           0           0           0
           0           0           0           0
           1           0           0           0
           0           0           0           0
           1           0           0           0
           0           0           0           0
           0           0           0           0
           0           0           0           0
           0           0           0           0
           0           0           0           0
           2           0           0           0
           0           0           0           0
           1           0           0           0
           2           0           0           0
           0           0           0           0
           0           0           0           0
           0           0           0           0
           1           0           0           0
           2           0           0           0
           0           0           0           0
           1           0           0           0
           0           0           0           0
           0           0           0           0
           0           0           0           0
           1           0           0           0
           2           0           0           0
           0           0           0           0
           0           0           0           0
           0           0           0           0
           2           0           0           0
           0           0           0           0
           0           0           0           0
           3           0           0           0
           0           0           0           0
           0           0           0           0
           2           0           0           0
           2           0           0           0
           1           0           0           0
           1           0           0           0
           3           0           0           0
           1           0           0           0
           2           0           0           0
           2           0           0           0
           2           0           0           0
           0           0           0           0
           1           0           0           0
           1           0           0           0
           2           0           0           0
           0           0           0           0
           2           0           0           0
           1           0           0           0
           2           0           0           0
           3           0           0           0
           2           0           0           0
           4           0           0           0
           3           0           0           0
           1           0           0           0
           4           0           0           0
           2           0           0           0
           2           0           0           0
           1           0           0           0
           1           0           0           0
           1           0           0           0
           1           0           0           0
           1           0           0           0
           0           0           0           0
           2           0           0           0
           1           0           0           0
           1           0           0           0
           4           0           0           0
           2           0           0           0
           4           0           0           0
           1           0           0           0
           5           0           0           0
           4           0           0           0
           4           0           0           0
           6           0           0           0
           5           0           0           0
           6           0           0           0
           0           0           0           0
           4           0           0           0
           3           0           0           0
           5           0           0           0
           7           0           0           0
           4           0           0           0
           1           0           0           0
           3           0           0           0
           5           0           0           0
           1           0           0           0
           3           0           0           0
          10           0           0           0
           6           0           0           0
           4           0           0           0
           5           0           0           0
           7           0           0           0
           6           0           0           0
           3           0           0           0
           7           0           0           0
          11           0           0           0
           5           0           0           0
          10           0           0           0
           6           0           0           0
           6           0           0           0
          13           0           0           0
           7           0           0           0
           9           0           0           0
          10           0           0           0
          12           0           0           0
           8           0           0           0
          10           0           0           0
           9           0           0           0
          10           0           0           0
          12           0           0           0
          15           0           0           0
           9           0           0           0
          11           0           0           0
          12           0           0           0
          19           0           0           0
          11           0           0           0
          16           0           0           0
          15           0           0           0
          12           0           0           0
          14           0           0           0
          11           0           0           0
          21           0           0           0
           7           0           0           0
          18           0           0           0
          16           0           0           0
          10           0           0           0
          17           0           0           0
          24           0           0           0
          17           0           0           0
          19           0           0           0
          19           0           0           0
          19           0           0           0
          24           0           0           0
          18           0           0           0
          21           0           0           0
          20           0           0           0
          18           0           0           0
          23           0           0           0
          27           0           0           0
          23           0           0           0
          29           0           0           0
          22           0           0           0
          16           0           0           0
          13           0           0           0
          31           0           0           0
          23           0           0           0
          21           0           0           0
          23           0           0           0
          31           0           0           0
          28           0           0           0
          33           0           0           0
          36           0           0           0
          33           0           0           0
          37           0           0           0
          26           0           0           0
          22           0           0           0
          25           0           0           0
          27           0           0           0
          39           0           0           0
          32           0           0           0
          30           0           0           0
          34           0           0           0
          29           0           0           0
          33           0           0           0
          48           0           0           0
          51           0           0           0
          36           0           0           0
          38           0           0           0
          50           0           0           0
          52           0           0           0
          39           0           0           0
          45           0           0           0
          42           0           0           0
          52           0           0           0
          56           0           0           0
          48           0           0           0
          54           0           0           0
          56           0           0           0
          51           0           0           0
          46           0           0           0
          49           0           0           0
          57           0           0           0
          56           0           0           0
          51           0           0           0
          56           0           0           0
          71           0           0           0
          67           0           0           0
          61           0           0           0
          46           0           0           0
          59           0           0           0
          65           0           0           0
          68           0           0           0
          70           0           0           0
          66           0           0           0
          81           0           0           0
          66           0           0           0
          72           0           0           0
          69           0           0           0
          89           0           0           0
          96           0           0           0
          71           0           0           0
          85           0           0           0
          94           0           0           0
          90           0           0           0
          78           0           0           0
         106           0           0           0
          95           0           0           0
          96           0           0           0
          78           0           0           0
          78           0           0           0
          99           0           0           0
         111           0           0           0
         107           0           0           0
         113           0           0           0
         108           0           0           0
         103           0           0           0
         104           0           0           0
          96           0           0           0
          97           0           0           0
         122           0           0           0
         105           0           0           0
         133           0           0           0
         104           0           0           0
         119           0           0           0
         130           0           0           0
         145           0           0           0
         125           0           0           0
         129           0           0           0
         135           0           0           0
         128           0           0           0
         134           0           0           0
         125           0           0           0
         126           0           0           0
         105           0           0           0
         149           0           0           0
         138           0           0           0
         141           0           0           0
         128           0           0           0
         175           0           0           0
         160           0           0           0
         166           0           0           0
         140           0           0           0
         146           0           0           0
         151           0           0           0
         163           0           0           0
         160           0           0           0
         160           0           0           0
         162           0           0           0
         150           0           0           0
         180           0           0           0
         155           0           0           0
         149           0           0           0
         179           0           0           0
         177           0           0           0
         182           0           0           0
         193           0           0           0
         200           0           0           0
         199           0           0           0
         207           0           0           0
         208           0           0           0
         171           0           0           0
         196           0           0           0
         201           0           0           0
         205           0           0           0
         204           0           0           0
         215           0           0           0
         182           0           0           0
         218           0           0           0
         227           0           0           0
         222           0           0           0
         222           0           0           0
         207           0           0           0
         211           0           0           0
         207           0           0           0
         216           0           0           0
         223           0           0           0
         234           0           0           0
         239           0           0           0
         248           0           0           0
         216           0           0           0
         251           0           0           0
         231           0           0           0
         270           0           0           0
         251           0           0           0
         254           0           0           0
         268           0           0           0
         277           0           0           0
         248           0           0           0
         256           0           0           0
         258           0           0           0
         270           0           0           0
         270           0           0           0
         282           0           0           0
         249           0           0           0
         297           0           0           0
         302           0           0           0
         281           0           0           0
         267           0           0           0
         289           0           0           0
         254           0           0           0
         300           0           0           0
         263           0           0           0
         318           0           0           0
         323           0           0           0
         322           0           0           0
         302           0           0           0
         296           0           0           0
         306           0           0           0
         307           0           0           0
         307           0           0           0
         330           0           0           0
         328           0           0           0
         308           0           0           0
         329           0           0           0
         344           0           0           0
         339           0           0           0
         346           0           0           0
         354           0           0           0
         329           0           0           0
         324           0           0           0
         317           0           0           0
         358           0           0           0
         333           0           0           0
         325           0           0           0
         346           0           0           0
         360           0           0           0
         352           0           0           0
         336           0           0           0
         340           0           0           0
         347           0           0           0
         361           0           0           0
         350           0           0           0
         349           0           0           0
         379           0           0           0
         368           0           0           0
         322           0           0           0
         363           0           0           0
         381           0           0           0
         354           0           0           0
         352           0           0           0
         365           0           0           0
         368           0           0           0
         404           0           0           0
         358           1           0           0
         378           0           0           0
         369           1           0           0
         373           1           0           0
         406           1           0           0
         403           1           0           0
         389           1           0           0
         362           2           0           0
         387           1           0           0
         378           4           0           0
         408           3           0           0
         361           4           0           0
         390           6           1           0
         372          11           2           0
         360          10           0           0
         382          18           3           0
         404          17           1           0
         377          29           4           0
         370          42           7           2
         377          73          12           3
         416          91          12           1
         389         121          29           3
         401         199          30           9
         395         232          38          10
         419         331          83          20
         381         443         127          52
         396         617         201         102
         404         901         325         151
         372        1185         605         245
         362        1678         886         479
         376        2273        1434         837
         380        3257        2223        1524
         378        4457        3532        2610
         390        6119        5764        4882
         409        8524        8845        8956
         426       11376       14286       15750
         404       16185       22848       28632
         381       11350       14502       15841
         438        8506        8989        8783
         433        6148        5596        4935
         423        4301        3607        2775
         385        3093        2286        1482
         405        2393        1395         864
         413        1642         854         436
         404        1238         538         301
         416         850         364         146
         392         653         204          67
         390         440         146          52
         395         313          70          24
         398         271          57          12
         392         173          34           4
         363          95          22           8
         355          91          13           0
         387          62           8           1
         389          51           9           0
         429          33           2           1
         368          22           1           0
         388          15           1           0
         395          13           2           0
         401           7           0           0
         378           8           1           0
         386          10           0           0
         394           0           0           0
         394           1           0           0
         369           2           1           0
         393           0           0           0
         422           2           0           0
         356           1           0           0
         378           0           0           0
         401           1           0           0
         351           0           0           0
         362           0           0           0
         368           0           0           0
         372           0           0           0
         373           0           0           0
         357           0           0           0
         361           0           0           0
         383           0           0           0
         341           0           0           0
         372           0           0           0
         403           0           0           0
         384           0           0           0
         357           0           0           0
         346           0           0           0
         349           0           0           0
         331           0           0           0
         321           0           0           0
         334           0           0           0
         346           0           0           0
         359           0           0           0
         340           0           0           0
         339           0           0           0
         350           0           0           0
         345           0           0           0
         351           0           0           0
         328           0           0           0
         332           0           0           0
         339           0           0           0
         322           0           0           0
         354           0           0           0
         330           0           0           0
         325           0           0           0
         326           0           0           0
         308           0           0           0
         331           0           0           0
         312           0           0           0
         308           0           0           0
         278           0           0           0
         332           0           0           0
         322           0           0           0
         306           0           0           0
         298           0           0           0
         323           0           0           0
         312           0           0           0
         288           0           0           0
         283           0           0           0
         253           0           0           0
         280           0           0           0
         307           0           0           0
         287           0           0           0
         279           0           0           0
         269           0           0           0
         261           0           0           0
         269           0           0           0
         278           0           0           0
         266           0           0           0
         252           0           0           0
         282           0           0           0
         272           0           0           0
         245           0           0           0
         266           0           0           0
         243           0           0           0
         241           0           0           0
         237           0           0           0
         247           0           0           0
         259           0           0           0
         264           0           0           0
         243           0           0           0
         226           0           0           0
         228           0           0           0
         223           0           0           0
         252           0           0           0
         224           0           0           0
         245           0           0           0
         246           0           0           0
         187           0           0           0
         193           0           0           0
         197           0           0           0
         230           0           0           0
         211           0           0           0
         190           0           0           0
         199           0           0           0
         205           0           0           0
         187           0           0           0
         186           0           0           0
         178           0           0           0
         217           0           0           0
         196           0           0           0
         188           0           0           0
         185           0           0           0
         179           0           0           0
         183           0           0           0
         206           0           0           0
         176           0           0           0
         178           0           0           0
         176           0           0           0
         173           0           0           0
         180           0           0           0
         171           0           0           0
         189           0           0           0
         184           0           0           0
         158           0           0           0
         184           0           0           0
         155           0           0           0
         157           0           0           0
         130           0           0           0
         150           0           0           0
         165           0           0           0
         158           0           0           0
         147           0           0           0
         146           0           0           0
         167           0           0           0
         131           0           0           0
         113           0           0           0
         149           0           0           0
         129           0           0           0
         133           0           0           0
         142           0           0           0
         131           0           0           0
         115           0           0           0
         121           0           0           0
         109           0           0           0
         117           0           0           0
         119           0           0           0
         136           0           0           0
         112           0           0           0
         122           0           0           0
         127           0           0           0
         103           0           0           0
         117           0           0           0
         102           0           0           0
          86           0           0           0
          78           0           0           0
         104           0           0           0
          99           0           0           0
          94           0           0           0
          84           0           0           0
          87           0           0           0
         107           0           0           0
          80           0           0           0
          93           0           0           0
          97           0           0           0
          83           0           0           0
          95           0           0           0
          94           0           0           0
          83           0           0           0
          83           0           0           0
          83           0           0           0
          72           0           0           0
          81           0           0           0
          69           0           0           0
          86           0           0           0
          75           0           0           0
          76           0           0           0
          66           0           0           0
          79           0           0           0
          67           0           0           0
          57           0           0           0
          60           0           0           0
          68           0           0           0
          68           0           0           0
          59           0           0           0
          51           0           0           0
          59           0           0           0
          57           0           0           0
          58           0           0           0
          48           0           0           0
          47           0           0           0
          52           0           0           0
          56           0           0           0
          60           0           0           0
          50           0           0           0
          44           0           0           0
          33           0           0           0
          47           0           0           0
          42           0           0           0
          31           0           0           0
          40           0           0           0
          41           0           0           0
          43           0           0           0
          50           0           0           0
          34           0           0           0
          40           0           0           0
          30           0           0           0
          37           0           0           0
          32           0           0           0
          41           0           0           0
          36           0           0           0
          36           0           0           0
          31           0           0           0
          31           0           0           0
          27           0           0           0
          32           0           0           0
          24           0           0           0
          30           0           0           0
          34           0           0           0
          33           0           0           0
          28           0           0           0
          26           0           0           0
          29           0           0           0
          32           0           0           0
          22           0           0           0
          23           0           0           0
          19           0           0           0
          25           0           0           0
          24           0           0           0
          17           0           0           0
          23           0           0           0
          25           0           0           0
          26           0           0           0
          19           0           0           0
          15           0           0           0
          19           0           0           0
          22           0           0           0
          23           0           0           0
          18           0           0           0
          19           0           0           0
          18           0           0           0
          15           0           0           0
          12           0           0           0
          11           0           0           0
          22           0           0           0
          15           0           0           0
           7           0           0           0
          10           0           0           0
          11           0           0           0
          10           0           0           0
          15           0           0           0
          14           0           0           0
          16           0           0           0
          12           0           0           0
          14           0           0           0
          12           0           0           0
           8           0           0           0
           8           0           0           0
          18           0           0           0
          10           0           0           0
          13           0           0           0
           8           0           0           0
          10           0           0           0
          15           0           0           0
          10           0           0           0
          11           0           0           0
           8           0           0           0
          10           0           0           0
           7           0           0           0
          11           0           0           0
          12           0           0           0
           2           0           0           0
           6           0           0           0
           2           0           0           0
           9           0           0           0
           3           0           0           0
           6           0           0           0
           5           0           0           0
           7           0           0           0
          11           0           0           0
           6           0           0           0
           3           0           0           0
           6           0           0           0
           8           0           0           0
           5           0           0           0
           2           0           0           0
           5           0           0           0
           4           0           0           0
           4           0           0           0
           2           0           0           0
           7           0           0           0
           2           0           0           0
           4           0           0           0
           4           0           0           0
           0           0           0           0
           2           0           0           0
           5           0           0           0
           2           0           0           0
           2           0           0           0
           3           0           0           0
           0           0           0           0
           7           0           0           0
           4           0           0           0
           4           0           0           0
           7           0           0           0
           5           0           0           0
           7           0           0           0
           2           0           0           0
           3           0           0           0
           2           0           0           0
           3           0           0           0
           2           0           0           0
           3           0           0           0
           2           0           0           0
           0           0           0           0
           3           0           0           0
           2           0           0           0
           2           0           0           0
           0           0           0           0
           2           0           0           0
           1           0           0           0
           3           0           0           0
           2           0           0           0
           0           0           0           0
           3           0           0           0
           2           0           0           0
           0           0           0           0
           0           0           0           0
           2           0           0           0
           1           0           0           0
           2           0           0           0
           0           0           0           0
           2           0           0           0
           2           0           0           0
           0           0           0           0
           0           0           0           0
           2           0           0           0
           2           0           0           0
           0           0           0           0
           3           0           0           0
           0           0           0           0
           0           0           0           0
           0           0           0           0
           0           0           0           0
           0           0           0           0
           0           0           0           0
           1           0           0           0
           0           0           0           0
           1           0           0           0
           3           0           0           0
           0           0           0           0
           0           0           0           0
           2           0           0           0
           0           0           0           0
           1           0           0           0
           0           0           0           0
           0           0           0           0
           0           0           0           0
           2           0           0           0
           0           0           0           0
           0           0           0           0
           0           0           0           0
           0           0           0           0
           2           0           0           0
           1           0           0           0
           0           0           0           0
           1           0           0           0
           0           0           0           0
           0           0           0           0
           0           0           0           0
           0           0           0           0
           0           0           0           0
           0           0           0           0
           0           0           0           0
           1           0           0           0
           0           0           0           0
           1           0           0           0
           0           0           0           0
           0           0           0           0
           0           0           0           0
           0           0           0           0
           0           0           0           0
           0           0           0           0
           1           0           0           0
           0           0           0           0
           0           0           0           0
           0           0           0           0
           0           0           0           0
           0           0           0           0
           0           0           0           0
