           0           0           0
           0           0           1
           0           0           0
           0           0           0
           0           0           1
           0           0           0
           0           0           2
           0           0           0
           0           0           0
           0           0           0
           0           0           0
           0           0           1
           0           0           0
           0           0           1
           0           0           1
           0           0           1
           0           0           1
           0           0           0
           0           0           0
           0           0           0
           0           0           0
           0           0           0
           0           0           0
           0           0           0
           0           0           0
           0           0           1
           0           0           0
           0           0           0
           0           0           0
           0           0           1
           0           0           1
           0           0           1
           0           0           0
           0           0           0
           0           0           0
           0           0           0
           0           0           0
           0           0           0
           0           0           0
           0           0           1
           0           0           1
           0           0           0
           0           0           1
           0           0           1
           0           0           2
           0           0           0
           0           0           0
           0           0           1
           0           0           0
           0           0           1
           0           0           1
           0           0           2
           0           0           0
           0           0           0
           0           0           2
           0           0           2
           0           0           1
           0           0           1
           0           0           1
           0           0           1
           0           0           2
           0           0           3
           0           0           2
           0           0           3
           0           0           3
           0           0           1
           0           0           4
           0           0           2
           0           0           2
           0           0           2
           0           0           2
           0           0           3
           0           0           0
           0           0           1
           0           0           2
           0           0           0
           0           0           2
           0           0           1
           0           0           2
           0           0           2
           0           0           4
           0           0           1
           0           0           2
           0           0           3
           0           0           2
           0           0           1
           0           0           4
           0           0           0
           0           0           5
           0           0           5
           0           0           8
           0           0           5
           0           0           4
           0           0           1
           0           0           3
           0           0           4
           0           0           4
           0           0           4
           0           0           8
           0           0           3
           0           0           1
           0           0           6
           0           0           4
           0           0           6
           0           0           6
           0           0           6
           0           0           2
           0           0           7
           0           0           5
           0           0           5
           0           0           3
           0           0           9
           0           0           3
           0           0           3
           0           0           4
           0           0           7
           0           0           7
           0           0           7
           0           0           5
           0           0           6
           0           0           5
           0           0           8
           0           0          12
           0           0          10
           0           0           6
           0           0           8
           0           0           6
           0           0           8
           0           0          12
           0           0          15
           0           0           9
           0           0           8
           0           0          13
           0           0          14
           0           0          16
           0           0          15
           0           0          18
           0           0          20
           0           0          18
           0           0          12
           0           0          13
           0           0           9
           0           0          20
           0           0          20
           0           0          10
           0           0          13
           0           0          14
           0           0          17
           0           0          12
           0           0          16
           0           0          15
           0           0          23
           0           0          21
           0           0          17
           0           0          12
           0           0          21
           0           0          19
           0           0          22
           0           0          20
           0           0          24
           0           0          25
           0           0          22
           0           0          20
           0           0          22
           0           0          29
           0           0          17
           0           0          31
           0           0          37
           0           0          27
           0           0          32
           0           0          30
           0           0          37
           0           0          21
           0           0          37
           0           0          24
           0           0          35
           0           0          30
           0           0          38
           0           0          22
           0           0          34
           0           0          33
           0           0          37
           0           0          38
           0           0          40
           0           0          31
           0           0          35
           0           0          40
           0           0          39
           0           0          35
           0           0          40
           0           0          51
           0           0          38
           0           0          44
           0           0          51
           0           0          56
           0           0          49
           0           0          40
           0           0          60
           0           0          44
           0           0          61
           0           0          48
           0           0          62
           0           0          59
           0           0          65
           0           0          76
           0           0          47
           0           0          71
           0           0          64
           0           0          57
           0           0          61
           0           0          68
           0           0          55
           0           0          64
           0           0          58
           0           0          71
           0           0          80
           0           0          78
           0           0          63
           0           0          68
           0           0          73
           0           0          60
           0           0          75
           0           0          82
           0           0          81
           0           0          70
           0           0          77
           0           0          83
           0           0          89
           0           0          99
           0           0          86
           0           0          99
           0           0         100
           0           0          97
           0           0          99
           0           0         100
           0           0         106
           0           0         115
           0           0          88
           0           0         111
           0           0         115
           0           0         111
           0           0         100
           0           0         131
           0           0         129
           0           0         111
           0           0         125
           0           0         122
           0           0         115
           0           0         138
           0           0         111
           0           0         133
           0           0         117
           0           0         167
           0           0         123
           0           0         129
           0           0         130
           0           0         144
           0           0         158
           0           0         147
           0           0         165
           0           0         131
           0           0         143
           0           0         171
           0           0         165
           0           0         152
           0           0         157
           0           0         167
           0           0         181
           0           0         150
           0           0         171
           0           1         147
           0           0         178
           0           0         169
           0           0         181
           0           1         198
           0           1         184
           0           0         180
           0           0         183
           0           0         194
           0           1         209
           0           1         176
           0           1         213
           0           3         186
           0           2         219
           0           1         194
           0           1         183
           0           3         203
           0           4         209
           0           1         198
           0           6         231
           0           4         215
           0           2         207
           0           5         236
           0           4         231
           0           4         245
           0           5         250
           0           5         246
           0           5         259
           0           4         233
           0           7         223
           0          13         268
           0           8         244
           0           9         280
           0          10         240
           0          21         226
           0          17         248
           0          19         245
           0          13         262
           0          16         238
           0          24         275
           0          24         256
           0          25         255
           0          26         248
           0          33         291
           0          30         286
           0          41         283
           0          36         273
           0          30         259
           0          42         290
           0          52         281
           0          47         290
           0          56         291
           0          42         304
           0          76         271
           0          67         309
           0          65         283
           0          65         303
           0          80         335
           0          86         288
           0         100         332
           0         117         327
           0         107         298
           0         131         319
           0         136         364
           0         144         284
           0         146         327
           0         165         305
           0         183         328
           0         191         305
           0         184         289
           0         196         349
           0         218         336
           0         221         316
           0         258         352
           0         230         389
           0         286         333
           0         286         348
           0         300         328
           0         313         349
           0         337         340
           0         349         372
           0         395         361
           0         395         386
           0         418         374
           0         458         383
           0         467         359
           0         497         355
           0         519         368
           1         533         380
           2         585         380
           1         535         394
           1         577         382
           3         594         366
           4         636         385
           4         700         334
           8         653         348
          13         699         359
          13         779         378
          17         707         376
          27         814         399
          47         779         406
          67         830         336
          81         810         403
         129         898         392
         146         890         357
         168         936         405
         226         970         390
         306         969         377
         349        1001         366
         459        1037         361
         547         998         338
         698        1002         418
         782        1059         387
         951        1076         358
        1129        1124         390
        1271        1062         413
        1496        1166         384
        1738        1168         417
        1907        1194         388
        2153        1165         381
        2410        1177         401
        2659        1200         417
        2941        1284         391
        3172        1220         382
        3227        1241         403
        3482        1256         431
        3683        1254         401
        3810        1286         407
        4038        1236         414
        3926        1301         389
        3975        1242         406
        3963        1246         390
        3862        1254         411
        3790        1212         396
        3732        1210         408
        3523        1264         445
        3289        1225         430
        3059        1257         389
        3008        1261         397
        2623        1237         425
        2426        1236         387
        2214        1217         350
        1919        1216         401
        1707        1151         411
        1454        1117         381
        1336        1090         397
        1126        1152         381
         916        1050         406
         787        1072         381
         691        1068         395
         548        1040         418
         431        1002         388
         346         945         387
         270         975         399
         215         943         382
         175         964         383
         129         924         393
         112         862         351
          65         862         410
          75         804         378
          34         840         369
          33         790         365
          21         788         383
          16         783         356
           6         697         411
          14         663         380
           5         666         388
           3         654         395
           3         574         349
           4         577         367
           0         600         349
           1         519         355
           1         503         365
           1         497         345
           0         492         370
           0         469         367
           0         456         323
           0         415         361
           0         423         342
           0         379         338
           0         380         353
           0         348         377
           0         342         318
           0         280         355
           0         288         334
           0         262         351
           0         254         329
           0         221         363
           0         241         358
           0         210         333
           0         216         333
           0         191         340
           0         183         320
           0         170         310
           0         188         329
           0         158         319
           0         138         307
           0         138         296
           0         128         324
           0         116         321
           0          98         288
           0         111         353
           0          86         342
           0          87         302
           0          61         307
           0          64         266
           0          79         267
           0          67         310
           0          60         306
           0          59         284
           0          57         322
           0          40         298
           0          35         283
           0          57         298
           0          36         282
           0          39         281
           0          31         269
           0          21         281
           0          24         258
           0          31         235
           0          17         248
           0          22         276
           0          20         277
           0          18         278
           0           9         259
           0          13         260
           0          15         265
           0          13         266
           0          19         246
           0          11         282
           0           6         242
           0           4         220
           0           5         246
           0           7         241
           0           2         239
           0           4         214
           0           4         239
           0           4         218
           0           7         220
           0           2         224
           0           1         229
           0           0         236
           0           4         202
           0           2         209
           0           2         228
           0           2         188
           0           0         211
           0           1         186
           0           1         191
           0           3         206
           0           0         212
           0           2         193
           0           1         166
           0           1         167
           0           0         195
           0           1         194
           0           0         199
           0           2         181
           0           1         191
           0           0         157
           0           1         169
           0           0         169
           0           0         190
           0           0         150
           0           0         175
           0           0         163
           0           0         136
           0           0         153
           0           0         153
           0           0         155
           0           1         150
           0           1         142
           0           0         175
           0           0         134
           0           0         142
           0           0         156
           0           0         145
           0           0         118
           0           0         121
           0           0         110
           0           0          93
           0           0         139
           0           0         143
           0           0         109
           0           0         111
           0           0         106
           0           0         122
           0           0         107
           0           0         117
           0           0         119
           0           0         110
           0           0          94
           0           0         103
           0           0         106
           0           0          95
           0           0         104
           0           0         102
           0           0          93
           0           0         102
           0           0         110
           0           0         109
           0           0          81
           0           0          80
           0           0          76
           0           0          81
           0           0         100
           0           0          87
           0           0          98
           0           0         100
           0           0          87
           0           0          85
           0           0          79
           0           0          81
           0           0          84
           0           0          72
           0           0          62
           0           0          69
           0           0          73
           0           0          67
           0           0          69
           0           0          76
           0           0          58
           0           0          71
           0           0          71
           0           0          57
           0           0          64
           0           0          58
           0           0          45
           0           0          45
           0           0          48
           0           0          50
           0           0          50
           0           0          55
           0           0          40
           0           0          46
           0           0          44
           0           0          47
           0           0          45
           0           0          46
           0           0          47
           0           0          40
           0           0          56
           0           0          28
           0           0          52
           0           0          36
           0           0          38
           0           0          36
           0           0          40
           0           0          36
           0           0          44
           0           0          41
           0           0          31
           0           0          37
           0           0          33
           0           0          39
           0           0          35
           0           0          40
           0           0          20
           0           0          24
           0           0          27
           0           0          29
           0           0          32
           0           0          25
           0           0          23
           0           0          29
           0           0          26
           0           0          35
           0           0          20
           0           0          26
           0           0          19
           0           0          18
           0           0          26
           0           0          26
           0           0          23
           0           0          22
           0           0          22
           0           0          18
           0           0          26
           0           0          13
           0           0          23
           0           0          15
           0           0          18
           0           0          17
           0           0          17
           0           0          17
           0           0          12
           0           0          15
           0           0          15
           0           0          11
           0           0          14
           0           0           8
           0           0           7
           0           0          10
           0           0          11
           0           0          18
           0           0           9
           0           0           6
           0           0          11
           0           0          11
           0           0          15
           0           0          12
           0           0          16
           0           0          11
           0           0           8
           0           0          11
           0           0          10
           0           0           8
           0           0          10
           0           0           9
           0           0          12
           0           0           6
           0           0           3
           0           0           7
           0           0           6
           0           0           5
           0           0           6
           0           0           4
           0           0           2
           0           0           6
           0           0           5
           0           0           7
           0           0           7
           0           0           5
           0           0           4
           0           0          10
           0           0           9
           0           0           5
           0           0           5
           0           0           5
           0           0           3
           0           0           7
           0           0           2
           0           0           2
           0           0           1
           0           0           5
           0           0           4
           0           0           4
           0           0           2
           0           0           3
           0           0           1
           0           0           4
           0           0           1
           0           0           7
           0           0           0
           0           0           1
           0           0           0
           0           0           5
           0           0           3
           0           0           5
           0           0           2
           0           0           3
           0           0           3
           0           0           3
           0           0           1
           0           0           4
           0           0           0
           0           0           3
           0           0           4
           0           0           1
           0           0           3
           0           0           0
           0           0           2
           0           0           0
           0           0           1
           0           0           3
           0           0           0
           0           0           1
           0           0           2
           0           0           2
           0           0           0
           0           0           2
           0           0           0
           0           0           1
           0           0           1
           0           0           1
           0           0           0
           0           0           0
           0           0           0
           0           0           0
           0           0           1
           0           0           1
           0           0           0
           0           0           1
           0           0           1
           0           0           0
           0           0           0
           0           0           0
           0           0           0
           0           0           1
           0           0           0
           0           0           2
           0           0           2
           0           0           3
           0           0           0
           0           0           2
           0           0           0
           0           0           0
           0           0           1
           0           0           0
           0           0           0
           0           0           1
           0           0           0
           0           0           0
           0           0           0
           0           0           1
           0           0           2
           0           0           2
           0           0           1
           0           0           1
           0           0           0
           0           0           0
           0           0           1
           0           0           0
           0           0           0
           0           0           0
           0           0           0
           0           0           0
           0           0           0
           0           0           0
           0           0           0
           0           0           0
           0           0           1
           0           0           0
           0           0           0
           0           0           0
           0           0           0
           0           0           0
           0           0           0
           0           0           0
           0           0           2
           0           0           0
